tree
version=v3
num_class=1
num_tree_per_iteration=1
label_index=0
max_feature_idx=22
objective=regression
feature_names=f_0 f_1 f_2 f_3 f_4 f_5 f_6 f_7 f_8 f_9 f_10 f_11 f_12 f_13 f_14 f_15 f_16 f_17 f_18 f_19 f_20 f_21 f_22
feature_infos=[2.811842593898112e-07:0.0089292451603560918] [2.1333248529010825e-06:0.0055990001705921817] [4.7857545124566229e-06:0.003721014941950642] [0.53000000000000003:6.5599999999999996] [-33.000000000000007:48] [2.4100000000000001:21.82] [-101.00000000000016:144.99999999999994] [-3.0196613872200984:0.53086419753086433] [-81:74] [-46:33.999999999999986] [-51.000000000000021:33.999999999999986] [-33.000000000000007:29.000000000000004] [-41:96.000000000000014] [-36.000000000000007:32.999999999999986] [-0.83999999999999997:2.9100000000000001] [-1.3200000000000001:3.8500000000000001] [-52:73.999999999999972] [-28.000000000000004:24.000000000000004] [-0.29572649572649579:1.1559792027729636] [-0.02958455728073861:0.047292143401983289] [-0.054746473503621829:0.033993115318416534] [-0.078445945945946005:0.045346674363414774] [-0.019984292877423981:0.018327052533256172]
tree_sizes=1837 1874 1884 1892 1895 1913 1886 1909 1902 1897 1892 1892 1891 1880 1884 1901 1874 1896 1935 1943 1897 1905 1928 1931 1900 1857 1910 1902 1933 1936

Tree=0
num_leaves=20
num_cat=0
split_feature=1 15 21 1 1 18 20 6 19 15 11 2 3 6 6 18 21 3 14
split_gain=10.0343 4.95195 3.27788 2.48058 1.48086 1.44685 1.32726 1.26391 1.58838 1.5392 1.23324 0.921951 0.661429 0.885462 1.19472 0.606012 1.2594 0.589485 1.00804
threshold=0.0003034757790248153 2.9150000000000005 -0.0028766304259300597 8.5272096956839468e-05 0.00039019123253236908 -0.009595951078340768 0.0074456855381841444 5.9999999999999174 0.0011106548144188546 0.65500000000000014 -9.5000000000000178 0.00029961794808363559 1.635 6.9999999999999627 7.9999999999999414 0.081939875605960291 -0.0013150532792024492 1.7850000000000004 -0.15499999999999997
decision_type=2 2 2 2 2 2 2 2 2 2 2 2 2 2 2 2 2 2 2
left_child=3 4 -3 -1 7 -4 10 8 9 -2 -6 -10 13 -5 -15 -16 -17 18 -14
right_child=1 2 5 12 6 -7 -8 -9 11 -11 -12 -13 17 14 15 16 -18 -19 -20
leaf_value=0.048507482612427717 0.078499390716637266 0.085642247859494397 0.053547009764256311 0.049562260308918617 0.062130343097589642 0.069960802867704591 0.061832724049970596 0.051494378185308942 0.047547009764256305 0.061183373400619946 0.05016605738330393 0.062547009764256312 0.04850854822579477 0.065047009764256314 0.049332724049970592 0.049271147695290791 0.064938314112082396 0.051208097630365094 0.056637918855165399
leaf_weight=2707 21 21 25 918 24 29 35 38 21 33 210 20 52 20 84 29 23 478 143
leaf_count=2707 21 21 25 918 24 29 35 38 21 33 210 20 52 20 84 29 23 478 143
internal_value=0.0500495 0.0570858 0.0688803 0.0494554 0.0548853 0.0623618 0.0527515 0.0592011 0.0622839 0.0679174 0.0513932 0.0548641 0.0509242 0.0501541 0.0536368 0.0519588 0.0562009 0.0521533 0.0544701
internal_weight=0 477 75 4454 402 54 269 133 95 54 234 41 1747 1074 156 136 52 673 195
internal_count=4931 477 75 4454 402 54 269 133 95 54 234 41 1747 1074 156 136 52 673 195
is_linear=0
shrinkage=1


Tree=1
num_leaves=20
num_cat=0
split_feature=1 14 2 5 3 8 14 8 1 5 16 21 0 5 11 8 3 5 21
split_gain=9.05595 3.23127 2.24187 1.54165 3.80322 1.68033 2.41711 1.5311 1.25753 1.22774 1.10444 0.812264 0.719908 0.640964 0.708796 1.11626 1.49487 1.89804 0.690393
threshold=0.0003034757790248153 2.4950000000000006 7.1332188761906388e-05 8.8850000000000033 2.2650000000000001 -2.0000000000000004 0.49250000000000005 3.999999999999996 0.00039019123253236908 7.4150000000000009 9.0000000000000195 0.0037895823512205111 0.00051712285860586768 6.8650000000000011 -2.500000000000024 1.0000000000000007 1.2950000000000002 6.0150000000000006 -0.0021513623565591606
decision_type=2 2 2 2 2 2 2 2 2 2 2 2 2 2 2 2 2 2 2
left_child=2 3 -1 5 -5 6 12 10 9 -7 11 -6 -2 14 15 -4 -17 -18 -15
right_child=1 -3 13 4 7 8 -8 -9 -10 -11 -12 -13 -14 18 -16 16 17 -19 -20
leaf_value=-0.0016489704470469787 0.011397229543044455 0.026356131210923197 0.00046513914488829097 0.025070591567782685 -0.0013359479446496284 0.00093024010196901281 -0.0026809945871884176 0.018529991512852059 -0.0018159346773274363 0.012753892832092549 0.013580444012768568 0.0083859127195131389 0.024652113746851684 0.0044624045297193028 -0.0006057269031545131 -0.0011726147016963445 0.018909100948699884 -0.00010489529619614284 0.00081190720022698143
leaf_weight=2302 21 20 351 32 70 52 22 21 126 38 24 31 20 192 1118 37 35 21 398
leaf_count=2302 21 20 351 32 70 52 22 21 126 38 24 31 20 192 1118 37 35 21 398
internal_value=0 0.00668449 -0.000564373 0.00582359 0.00945936 0.003504 0.0106889 0.00603772 0.00140839 0.00592245 0.00393902 0.00164799 0.017863 0.000595823 6.54867e-05 0.00175561 0.00662612 0.0117789 0.00199987
internal_weight=0 477 4454 457 178 279 63 146 216 90 125 101 41 2152 1562 444 93 56 590
internal_count=4931 477 4454 457 178 279 63 146 216 90 125 101 41 2152 1562 444 93 56 590
is_linear=0
shrinkage=0.05


Tree=2
num_leaves=20
num_cat=0
split_feature=1 15 1 1 21 1 17 6 3 7 11 5 6 5 21 22 15 18 22
split_gain=8.17299 4.17252 2.99298 2.06619 1.52103 1.24558 1.40996 1.12002 1.37856 1.79623 0.992229 0.826674 0.718717 1.28059 1.03495 0.766661 0.683707 1.14465 0.705767
threshold=0.0003034757790248153 2.9150000000000005 0.00039019123253236908 8.5272096956839468e-05 -0.0028766304259300597 0.00039019123253236908 5.9999999999999725 5.9999999999999174 1.7750000000000001 0.0013974297135425087 -10.00000000000003 6.6250000000000009 6.9999999999999627 4.7550000000000008 0.00089222086574092263 -1.0000000180025095e-35 0.23500000000000001 -0.009595951078340768 0.0003737099851514048
decision_type=2 2 2 2 2 2 2 2 2 2 2 2 2 2 2 2 2 2 2
left_child=3 5 -3 -1 -4 7 10 8 -2 -10 -7 12 -5 14 15 -14 17 -13 -18
right_child=1 2 4 11 -6 6 -8 -9 9 -11 -12 16 13 -15 -16 -17 18 -19 -20
leaf_value=-0.0014012873597996326 0.0047059232030402529 0.0026165757017831011 0.034779072906821966 -0.00047767314320814637 0.017093120268996686 0.01154896858148277 0.011298452116745085 0.0010337038896977902 0.028467366462573408 0.0092479458859851295 -0.00010371060062076244 0.017228844640776515 -0.0025718885511159897 -0.00075647560081311643 0.016578884212219199 0.0089623338871580704 0.0010305474514439876 0.0019806578638963401 0.0061713827043017259
leaf_weight=2707 44 24 20 998 31 20 38 38 20 31 211 20 25 105 23 34 431 32 79
leaf_count=2707 44 24 20 998 31 20 38 38 20 31 211 20 25 105 23 34 431 32 79
internal_value=0 0.00635027 0.0171769 -0.000536155 0.0240288 0.00433038 0.00237337 0.00828853 0.0111905 0.016785 0.000905179 0.00080438 5.53491e-05 0.00290003 0.00758215 0.00407495 0.00238374 0.00784535 0.00182687
internal_weight=0 477 75 4454 51 402 269 133 95 51 231 1747 1185 187 82 59 562 52 510
internal_count=4931 477 75 4454 51 402 269 133 95 51 231 1747 1185 187 82 59 562 52 510
is_linear=0
shrinkage=0.05


Tree=3
num_leaves=20
num_cat=0
split_feature=1 15 1 2 21 1 17 15 17 3 7 3 18 11 8 13 16 18 5
split_gain=7.37613 3.7657 2.70116 1.87071 1.37273 1.12413 1.27249 1.0245 0.922442 0.889041 1.37553 0.556024 0.530759 0.456819 0.973246 1.12006 0.971009 1.03484 0.556982
threshold=0.0003034757790248153 2.9150000000000005 0.00039019123253236908 7.1332188761906388e-05 -0.0028766304259300597 0.00039019123253236908 5.9999999999999725 0.29500000000000004 -7.7499999999999893 1.7950000000000002 -0.0027332233988929806 3.1350000000000002 0.18938772514077964 -2.4166666666666443 1.0000000000000007 -1.4166666666666436 -6.0000000000000027 -0.012759978382504032 6.5250000000000012
decision_type=2 2 2 2 2 2 2 2 2 2 2 2 2 2 2 2 2 2 2
left_child=3 5 -3 12 -4 7 8 -2 -7 -9 -11 13 -1 14 -5 -16 -17 -18 -15
right_child=1 2 4 11 -6 6 -8 9 -10 10 -12 -13 -14 18 15 16 17 -19 -20
leaf_value=-0.0015780310154687269 0.015513206617624471 0.0024857468437403441 0.033040119316428904 0.00059390708651633302 0.016238464174732084 0.010851487446398963 0.010733529729278464 0.00073212032735932113 -0.00013923635262818565 0.020250569563359022 0.0032058935419752681 0.0066269187055326799 0.0058965820043037336 -0.00066004232876713722 0.014973693422973156 -0.0010683092128100067 0.017164760390296581 0.0016136463164635327 0.001480536806075094
leaf_weight=2278 33 24 20 513 31 21 38 51 210 20 29 37 24 1048 25 58 20 23 428
leaf_count=2278 33 24 20 513 31 21 38 51 210 20 29 37 24 1048 25 58 20 23 428
internal_value=0 0.00603276 0.016318 -0.000509347 0.0228273 0.00411386 0.00225471 0.00787411 0.00085992 0.0053532 0.0101629 0.000550467 -0.0015001 0.000444165 0.00156098 0.00549833 0.00315294 0.00884672 -3.93324e-05
internal_weight=0 477 75 4454 51 402 269 133 231 100 49 2152 2302 2115 639 126 101 43 1476
internal_count=4931 477 75 4454 51 402 269 133 231 100 49 2152 2302 2115 639 126 101 43 1476
is_linear=0
shrinkage=0.05


Tree=4
num_leaves=20
num_cat=0
split_feature=2 15 1 1 21 10 13 3 20 17 1 1 17 1 20 7 4 11 9
split_gain=6.6787 3.92334 2.60179 1.32408 1.23889 1.15483 1.05152 0.858865 0.752999 1.01914 0.663403 1.19794 0.836122 1.38039 0.649402 0.619804 0.586673 0.728741 0.936833
threshold=0.00021617208977845953 2.9150000000000005 0.00039019123253236908 8.5272096956839468e-05 -0.0028766304259300597 -13.500000000000021 0.99999999999998956 3.1350000000000002 0.0074456855381841444 3.0000000000000022 0.0004192411074517845 0.00027255223134458733 0.50000000000000033 0.00032148717581161789 0.011881236282483944 -0.0068124131505176702 0.99999999999999545 -3.0000000000000133 -2.9999999999999853
decision_type=2 2 2 2 2 2 2 2 2 2 2 2 2 2 2 2 2 2 2
left_child=3 5 6 -1 -4 -2 -3 16 10 14 11 -7 13 -13 -10 -15 -5 18 -18
right_child=1 2 4 7 -6 8 -8 -9 9 -11 -12 12 -14 15 -16 -17 17 -19 -20
leaf_value=-0.001320239241584637 0.014374186149375004 0.01242426299405369 0.031388113833963872 -0.00028936086280623608 0.015426541095779789 0.00089994385553318927 -0.0034165574237704278 0.0092086196211831912 0.0079039132595062258 0.016433950471268458 -0.00031362640432506335 0.019370084887902653 0.0033143030642531811 0.011119135543704034 -0.0032179417354719977 -0.0013287937548011543 0.0029754239141288469 0.00036366816871521767 0.013684401839661102
leaf_weight=2690 22 22 20 1026 31 209 20 28 35 22 191 28 80 20 21 20 137 285 24
leaf_count=2690 22 22 20 1026 31 209 20 28 35 22 191 28 80 20 21 20 137 285 24
internal_value=0 0.00449302 0.0140966 -0.000656511 0.021686 0.00311472 0.00488102 0.000533774 0.00271902 0.00731548 0.00206478 0.00333726 0.00677914 0.0108554 0.00373322 0.00489517 0.000368764 0.00188274 0.00457179
internal_weight=0 741 93 4190 51 648 42 1500 626 78 548 357 148 68 56 40 1472 446 161
internal_count=4931 741 93 4190 51 648 42 1500 626 78 548 357 148 68 56 40 1472 446 161
is_linear=0
shrinkage=0.05


Tree=5
num_leaves=20
num_cat=0
split_feature=2 1 8 21 13 22 2 5 2 2 7 1 5 14 16 22 14 8 7
split_gain=4.69451 2.1532 1.97043 1.12809 1.15155 0.756721 0.950814 0.625012 0.634185 0.612973 0.541814 0.807843 1.95597 0.801181 1.19717 0.87337 0.45291 0.446715 0.445081
threshold=0.00045753307835964309 8.5272096956839468e-05 -5.0000000000000151 0.0087793400632140157 -1.0000000180025095e-35 0.0017822666568830805 0.00014111837691022916 6.6550000000000011 9.5799671580603082e-05 0.00010966036573890248 0.019371883089494005 0.00033002821698263244 8.8850000000000033 1.3650000000000004 0.58333333333335802 -1.0000000180025095e-35 -0.30499999999999994 1.583333333333359 0.032103033532023269
decision_type=2 2 2 2 2 2 2 2 2 2 2 2 2 2 2 2 2 2 2
left_child=1 16 -2 4 -4 7 9 18 -9 -7 11 13 -13 14 -10 -16 -1 -6 -3
right_child=2 5 3 -5 17 6 -8 8 10 -11 -12 12 -14 -15 15 -17 -18 -19 -20
leaf_value=0.0051607389899867556 0.020414351263584998 -0.00034208970679209968 0.011540204717644624 0.014569782818956623 -0.00080610980781225063 0.004841077299788595 0.0015068577357420796 0.009045944247266343 0.00094452926300858198 0.017220227802172302 -0.001315647084945745 0.00078885244325764721 0.015195529971663891 1.1249594731120075e-05 0.019022657303139567 0.0050045158788561825 -0.0013475820484677419 0.0069945700854683922 0.0032410366203081105
leaf_weight=27 26 1111 35 29 78 20 76 29 76 20 137 62 38 328 20 25 2682 24 94
leaf_count=27 26 1111 35 29 78 20 76 29 76 20 137 62 38 328 20 25 2682 24 94
internal_value=0 -0.000359339 0.00761561 0.00561099 0.0037146 0.000869259 0.00479092 0.000632325 0.00180345 0.0110307 0.00149728 0.00219923 0.00626339 0.00129408 0.00477149 0.0112348 -0.00128272 0.00102934 -6.25761e-05
internal_weight=0 4745 192 166 137 2036 116 1920 715 40 686 549 100 449 121 45 2709 102 1205
internal_count=4937 4745 192 166 137 2036 116 1920 715 40 686 549 100 449 121 45 2709 102 1205
is_linear=0
shrinkage=0.05


Tree=6
num_leaves=20
num_cat=0
split_feature=3 1 3 1 15 0 22 2 2 3 5 1 5 3 7 2 5 1 5
split_gain=4.2465 2.2702 1.71673 0.967612 1.46518 0.928185 0.632583 0.902067 0.553209 0.491234 0.831751 0.668937 1.40362 1.41166 0.929402 0.815302 1.58992 0.557157 0.500081
threshold=4.4250000000000007 8.5272096956839468e-05 5.9650000000000007 0.00088222965584378379 2.6125000000000003 0.0010988899644920446 0.0017822666568830805 0.00014111837691022916 0.00010966036573890248 2.6050000000000004 7.3650000000000011 0.00027957813942096414 8.1650000000000009 1.8050000000000004 -0.0043739675529162461 0.00032410538890872992 8.8850000000000033 0.00039019123253236908 7.8450000000000006
decision_type=2 2 2 2 2 2 2 2 2 2 2 2 2 2 2 2 2 2 2
left_child=1 -1 3 4 -2 6 9 8 -8 10 -3 12 13 14 -12 16 -13 -17 -16
right_child=2 5 -4 -5 -6 -7 7 -9 -10 -11 11 15 -14 -15 18 17 -18 -19 -20
leaf_value=-0.0012185794054147237 0.019404619130427424 0.00021476487171704847 7.189586758613587e-05 0.022769903359205826 0.0019181196540594102 0.008606450445950032 0.0045990233588963743 0.0012636125771493853 0.016359216496348382 -0.0025206725839209761 0.019372585006058218 0.0033173615048671594 -0.0017139155948252391 0.00038966017432118721 0.0012351237804345463 0.0079690639410288106 0.021642278460785747 -0.00049960892647504807 0.011552502199386557
leaf_weight=2709 23 1411 30 23 25 39 20 79 20 118 20 29 165 76 23 31 20 52 24
leaf_count=2709 23 1411 30 23 25 39 20 79 20 118 20 29 165 76 23 31 20 52 24
internal_value=0 -0.000258653 0.0101002 0.0143376 0.0102971 0.000963932 0.000821184 0.00436126 0.0104791 0.000607233 0.000806635 0.00270465 0.00142837 0.00505408 0.0103451 0.00568265 0.0107969 0.00266339 0.00650357
internal_weight=0 4836 101 71 48 2127 2088 119 40 1969 1851 440 308 143 67 132 49 83 47
internal_count=4937 4836 101 71 48 2127 2088 119 40 1969 1851 440 308 143 67 132 49 83 47
is_linear=0
shrinkage=0.05


Tree=7
num_leaves=20
num_cat=0
split_feature=2 2 8 21 13 1 5 0 17 14 15 14 2 5 18 0 8 0 7
split_gain=3.88784 1.80066 1.70925 0.958263 1.00308 0.557618 1.25125 1.58878 0.633363 0.605266 1.73056 0.667024 0.665714 0.842316 0.442825 0.755362 0.602338 0.795256 0.643299
threshold=0.00045753307835964309 6.5708049601884884e-05 -5.0000000000000151 0.0087793400632140157 -1.0000000180025095e-35 0.0003034757790248153 8.8850000000000033 0.00030658500063856126 6.9999999999999902 1.2350000000000001 1.6950000000000001 1.155 0.00011973599693797815 4.1850000000000014 -0.010250348548220821 0.00013840283970523707 2.0000000000000244 0.00012011609180441265 -0.0068124131505176702
decision_type=2 2 2 2 2 2 2 2 2 2 2 2 2 2 2 2 2 2 2
left_child=1 -1 -2 4 -4 9 8 -8 -7 10 11 14 -12 -14 15 16 17 18 -3
right_child=2 5 3 -5 -6 6 7 -9 -10 -11 12 -13 13 -15 -16 -17 -18 -19 -20
leaf_value=-0.0013939989546697471 0.018851238102293933 0.0071709120956559977 0.010619717511747565 0.013320760274755546 0.00080980914005754053 9.1187211684882642e-05 0.019431169719799704 0.0024160079712815148 0.0090293105268342937 -0.00063068168993442352 0.015969120711088181 0.0074731813743710521 -0.0026468297094106676 0.010357066531750289 -0.00049729737739291895 -0.00086159103520248588 -0.0010941066485765864 0.011427142110187562 0.0013147302650283149
leaf_weight=2156 26 66 35 29 102 200 23 34 22 986 21 34 20 33 664 219 73 32 162
leaf_count=2156 26 66 35 29 102 200 23 34 22 986 21 34 20 33 664 219 73 32 162
internal_value=0 -0.000326641 0.00693086 0.00506381 0.00331599 0.000562205 0.00267363 0.00928177 0.000976947 0.000307189 0.00100563 0.000565808 0.00843511 0.00544994 0.000372674 0.00141916 0.00291911 0.0040459 0.00300994
internal_weight=0 4745 192 166 137 2589 279 57 222 2310 1324 1250 74 53 1216 552 333 260 228
internal_count=4937 4745 192 166 137 2589 279 57 222 2310 1324 1250 74 53 1216 552 333 260 228
is_linear=0
shrinkage=0.05


Tree=8
num_leaves=20
num_cat=0
split_feature=2 2 8 21 13 1 5 3 0 5 14 15 22 16 14 19 18 0 18
split_gain=3.50878 1.6251 1.5426 0.864832 0.905284 0.50325 1.12926 1.50623 0.594284 0.796902 0.546253 1.56183 0.71191 1.1255 0.601989 0.459454 0.39965 0.681714 0.546281
threshold=0.00045753307835964309 6.5708049601884884e-05 -5.0000000000000151 0.0087793400632140157 -1.0000000180025095e-35 0.0003034757790248153 8.8850000000000033 2.3650000000000007 0.00048546996558780745 5.1550000000000011 1.2350000000000001 1.6950000000000001 0.0003737099851514048 0.58333333333335802 1.155 -0.0033134552045302463 -0.010250348548220821 0.00013840283970523707 -0.016252977791439301
decision_type=2 2 2 2 2 2 2 2 2 2 2 2 2 2 2 2 2 2 2
left_child=1 -1 -2 4 -4 10 8 -8 -7 -10 11 14 13 -13 16 -11 17 -3 -19
right_child=2 5 3 -5 -6 6 7 -9 9 15 -12 12 -14 -15 -16 -17 -18 18 -20
leaf_value=-0.0013242989468365799 0.017908676255207794 0.0027731592669053839 0.010088731625250409 0.012654722263586932 0.00076931862379698201 -0.00095707626435263403 0.016528497971594332 0.00025011777739833901 0.012784482547569843 0.0074394355621188873 -0.00059914760325580053 -0.0016734156950280585 0.016071749534457922 0.012803292118012906 0.0070995222557993501 -0.0020124621068437895 -0.00047243249585784703 -0.0016317785143701719 0.0068494351492041639
leaf_weight=2156 26 333 35 29 102 145 30 27 21 20 986 29 20 25 34 36 664 198 21
leaf_count=2156 26 333 35 29 102 145 30 27 21 20 986 29 20 25 34 36 664 198 21
internal_value=0 -0.000310309 0.00658432 0.00481062 0.00315019 0.000534095 0.00253995 0.00881769 0.0009281 0.00447811 0.000291829 0.000955351 0.00801335 0.00502876 0.000537517 0.00136322 0.00035404 0.0013482 -0.000818511
internal_weight=0 4745 192 166 137 2589 279 57 222 77 2310 1324 74 54 1250 56 1216 552 219
internal_count=4937 4745 192 166 137 2589 279 57 222 77 2310 1324 74 54 1250 56 1216 552 219
is_linear=0
shrinkage=0.05


Tree=9
num_leaves=20
num_cat=0
split_feature=2 1 8 7 20 1 22 2 3 2 5 15 1 15 1 1 5 0 15
split_gain=3.16667 1.49083 1.3922 0.814063 0.971918 1.13132 0.585602 0.745149 0.549437 0.481318 0.479529 0.637135 0.716617 0.89197 0.661117 0.607741 1.2649 1.35088 0.451707
threshold=0.00045753307835964309 8.5272096956839468e-05 -5.0000000000000151 -0.042316785757303514 0.010302608131656401 0.0010535365846643973 0.0017822666568830805 0.00014111837691022916 2.2250000000000005 0.00010966036573890248 6.6550000000000011 3.1950000000000007 0.00012800050357699244 1.5850000000000002 0.00011722198587915451 0.00027957813942096414 8.8850000000000033 0.00037851369996101301 2.8650000000000007
decision_type=2 2 2 2 2 2 2 2 2 2 2 2 2 2 2 2 2 2 2
left_child=1 -1 -2 -4 5 8 10 9 -5 -8 -3 12 13 -12 -15 18 -17 -18 -14
right_child=2 6 3 4 -6 -7 7 -9 -10 -11 11 -13 15 14 -16 16 17 -19 -20
leaf_value=-0.0010631288758978584 0.017013242482565916 -8.9591594714346769e-05 0.013300790710617667 0.0044012511149048809 0.013101292419291678 0.0092017661999253663 0.004216474583372474 0.0012701205688675768 -0.0041656436032203375 0.01518595177680254 0.014220259748399258 -0.0015918544324284249 -0.00069712180885072 0.00079759560281135997 0.011083477531515416 0.00050493523930058334 0.017714433624808276 0.0025633374289158856 0.0042854384705424313
leaf_weight=2709 26 1205 23 27 21 34 20 76 61 20 25 132 263 61 21 99 28 31 55
leaf_count=2709 26 1205 23 27 21 34 20 76 61 20 25 132 263 61 21 99 28 31 55
internal_value=0 -0.000294794 0.0062551 0.00457009 0.00316585 0.00145565 0.000727515 0.00417739 -0.00153716 0.00970121 0.000519085 0.0015449 0.0022551 0.00595246 0.00343178 0.00142398 0.00395858 0.00975369 0.000164642
internal_weight=0 4745 192 166 143 122 2036 116 88 40 1920 715 583 107 82 476 158 59 318
internal_count=4937 4745 192 166 143 122 2036 116 88 40 1920 715 583 107 82 476 158 59 318
is_linear=0
shrinkage=0.05


Tree=10
num_leaves=20
num_cat=0
split_feature=2 15 3 2 3 10 9 8 15 1 1 15 18 19 20 2 6 15 14
split_gain=4.1401 2.90029 2.29452 2.63591 0.992563 0.908188 0.739192 0.676611 1.09875 1.48417 0.920563 1.01184 1.13615 1.36121 0.773735 0.607287 0.572277 0.546468 0.543155
threshold=0.00021617208977845953 2.9150000000000005 2.0350000000000006 0.00069406867351463257 3.1350000000000002 -13.500000000000021 -8.9999999999999893 -2.0000000000000004 0.40500000000000008 0.0003034757790248153 0.00048762204348006986 1.7150000000000001 0.0023745045684129278 -0.0014171121029019627 0.00065432805469156652 5.4481488476495705e-05 -3.2500000000000413 2.2350000000000008 1.2350000000000001
decision_type=2 2 2 2 2 2 2 2 2 2 2 2 2 2 2 2 2 2 2
left_child=4 5 -3 -4 15 -2 -7 8 9 -8 11 -9 14 -14 -13 -1 -10 -16 -17
right_child=1 2 3 -5 -6 6 7 10 16 -11 -12 12 13 -15 17 18 -18 -19 -20
leaf_value=-0.0012130534504044672 0.012364017633213239 0.02513779633057614 -0.00088668042657578873 0.019014957573797023 0.0088921088725328456 -0.003934022741547475 0.0033710196047373447 0.00051201614627584084 0.0091366689482873138 0.02175608107908851 -0.0020611126748163525 -0.0013547833256710034 0.0043217278310451017 0.020077101549563502 0.01375130143016577 0.0006761741442924998 -0.00035708539449332054 0.0023317016999829898 -0.00088688254964594938
leaf_weight=1898 22 24 41 28 28 48 23 183 22 21 123 52 29 26 20 1284 57 22 980
leaf_count=1898 22 24 41 28 28 48 23 183 22 21 123 52 29 26 20 1284 57 22 980
internal_value=0 0.00356411 0.0118212 0.00718935 -0.000490294 0.00237906 0.00202815 0.00252328 0.00581353 0.0121457 0.00163383 0.00300274 0.00606181 0.0117697 0.00272207 -0.000553415 0.00228674 0.00776961 -4.14001e-07
internal_weight=0 741 93 69 4190 648 626 578 123 44 455 332 149 55 94 4162 79 42 2264
internal_count=4931 741 93 69 4190 648 626 578 123 44 455 332 149 55 94 4162 79 42 2264
is_linear=0
shrinkage=0.05


Tree=11
num_leaves=20
num_cat=0
split_feature=2 15 3 2 3 10 9 8 15 1 10 1 0 5 10 3 3 5 5
split_gain=3.73644 2.61751 2.0708 2.37891 0.895788 0.81964 0.66712 0.610641 0.991618 1.33947 0.862538 0.593931 0.767772 0.587894 1.73099 0.615521 0.762074 0.976129 1.5479
threshold=0.00021617208977845953 2.9150000000000005 2.0350000000000006 0.00069406867351463257 3.1350000000000002 -13.500000000000021 -8.9999999999999893 -2.0000000000000004 0.40500000000000008 0.0003034757790248153 -5.9999999999999938 0.00048762204348006986 0.00048546996558780745 2.5950000000000002 -1.0000000180025095e-35 1.5550000000000004 1.7850000000000004 7.3650000000000011 8.2250000000000032
decision_type=2 2 2 2 2 2 2 2 2 2 2 2 2 2 2 2 2 2 2
left_child=4 5 -3 -4 13 -2 -7 8 9 -8 -9 12 -12 14 -1 -15 17 -17 -19
right_child=1 2 3 -5 -6 6 7 10 -10 -11 11 -13 -14 15 -16 16 -18 18 -20
leaf_value=0.015045438013808882 0.011628358757123352 0.02364209744660184 -0.00083392297740026225 0.017883567615279133 0.0083630285816533225 -0.0036999483386753128 0.0031704440364695116 0.0087805737003784721 0.0021506836032141236 0.020461594653981074 0.0011808458148900951 -0.0021700582794383565 0.0092851329213590357 -0.00092978396909801592 -0.0019968963256571442 0.00075412749335789018 -0.00086555891524234035 0.010486091151066563 -0.0027161330554517919
leaf_weight=23 22 24 41 28 28 48 23 37 79 21 273 113 32 3135 40 373 491 68 32
leaf_count=23 22 24 41 28 28 48 23 37 79 21 273 113 32 3135 40 373 491 68 32
internal_value=0 0.00335204 0.0111178 0.00676158 -0.000461122 0.00223751 0.00190748 0.00237314 0.00546762 0.011423 0.00153661 0.000895403 0.00203113 -0.000520487 0.00422491 -0.000593421 0.000500454 0.00191845 0.00626138
internal_weight=0 741 93 69 4190 648 626 578 123 44 455 418 305 4162 63 4099 964 473 100
internal_count=4931 741 93 69 4190 648 626 578 123 44 455 418 305 4162 63 4099 964 473 100
is_linear=0
shrinkage=0.0495


Tree=12
num_leaves=20
num_cat=0
split_feature=2 15 3 2 3 10 9 9 6 4 6 18 13 6 2 14 15 2 3
split_gain=3.37569 2.36479 1.87087 2.14922 0.8093 0.740504 0.60271 0.566049 0.808317 0.548356 1.06362 0.827973 0.629138 1.21277 0.528236 0.494644 0.809029 1.05478 0.545925
threshold=0.00021617208977845953 2.9150000000000005 2.0350000000000006 0.00069406867351463257 3.1350000000000002 -13.500000000000021 -8.9999999999999893 -5.000000000000048 5.9999999999999174 1.2500000000000291 9.9999999999998774 -0.0018883754979417409 4.999999999999992 -8.2500000000000888 5.4481488476495705e-05 1.2350000000000001 1.6150000000000004 0.00011685281599253126 1.7550000000000001
decision_type=2 2 2 2 2 2 2 2 2 2 2 2 2 2 2 2 2 2 2
left_child=4 5 -3 -4 14 -2 -7 8 -8 12 11 -11 -9 -14 -1 16 18 -18 -16
right_child=1 2 3 -5 -6 6 7 9 -10 10 -12 -13 13 -15 15 -17 17 -19 -20
leaf_value=-0.0010927423617077229 0.010942227060981096 0.022247095129354858 -0.00078471738899989825 0.016828347483697745 0.0078695680341882897 -0.0034816329338634385 0.011189000156332101 0.00022293554735619848 0.00052590798743249432 0.0048216012598316683 -0.0014916572301494223 0.017387422008139079 -0.00081926585930266538 0.014367732081136302 3.3439683159663072e-05 -0.00081340582344342706 0.011623673456520774 0.00083396746354177606 0.0042997223542178319
leaf_weight=1898 22 24 41 28 28 48 38 369 31 34 35 20 28 23 1116 980 36 55 77
leaf_count=1898 22 24 41 28 28 48 38 369 31 34 35 20 28 23 1116 980 36 55 77
internal_value=0 0.00315425 0.0104618 0.00636261 -0.000433913 0.00210548 0.00179493 0.00223312 0.00639834 0.00166848 0.00516264 0.00947561 0.000928051 0.00602977 -0.000489775 1.57156e-05 0.000648534 0.00510242 0.000308799
internal_weight=0 741 93 69 4190 648 626 578 69 509 89 54 420 51 4162 2264 1284 91 1193
internal_count=4931 741 93 69 4190 648 626 578 69 509 89 54 420 51 4162 2264 1284 91 1193
is_linear=0
shrinkage=0.049005


Tree=13
num_leaves=20
num_cat=0
split_feature=2 15 13 22 1 12 4 3 3 3 0 6 18 20 22 0 16 5 9
split_gain=3.05294 2.1399 1.73714 1.25224 0.963411 0.736488 1.12809 0.731924 0.720832 1.72748 1.49169 0.921331 0.821186 0.677646 0.631417 0.563589 0.558438 0.530452 1.35722
threshold=0.00021617208977845953 2.8450000000000002 0.58333333333335802 2.4162614395639718e-05 0.00037856828575807277 -7.4999999999999947 2.4999999999999916 3.1350000000000002 1.4150000000000003 1.2650000000000003 0.00027622288770201775 5.4999999999999725 0.034269647546533062 0.010302608131656401 1.2081891058057794e-05 0.00036480529136813123 -7.9999999999999973 2.5950000000000002 0.50000000000005607
decision_type=2 2 2 2 2 2 2 2 2 2 2 2 2 2 2 2 2 2 2
left_child=7 5 3 4 -3 6 -2 17 9 -7 -11 12 13 16 -14 -4 -10 18 -1
right_child=1 2 15 -5 -6 8 -8 -9 11 10 -12 -13 14 -15 -16 -17 -18 -19 -20
leaf_value=0.01273593838815046 0.00018047694089572345 0.01163334141272407 -0.003840449762154557 0.004590322317195107 0.026345615193191171 -0.00069958461550259968 0.016082523971114975 0.0074090808112919071 0.0071069245742986561 0.0028071922476019711 0.020128560746879319 -0.0029573542910663413 0.00266393152039606 0.0095495803353873188 0.012601432564255782 0.0075390714759062611 -0.00034132914572172497 -0.0005290175581226244 -0.0018189697553729395
leaf_weight=25 21 20 21 20 22 54 21 28 26 22 25 121 34 20 27 20 267 4099 38
leaf_count=25 21 20 21 20 22 54 21 28 26 22 25 121 34 20 27 20 267 4099 38
internal_value=0 0.00296968 0.00945834 0.0145819 0.0193398 0.00192214 0.0081315 -0.000408523 0.00148457 0.00521975 0.0120207 0.000722443 0.00191297 0.000909383 0.0070625 0.00171054 0.000319608 -0.000461116 0.00395679
internal_weight=0 741 103 62 42 638 42 4190 596 101 47 495 374 313 61 41 293 4162 63
internal_count=4931 741 103 62 42 638 42 4190 596 101 47 495 374 313 61 41 293 4162 63
is_linear=0
shrinkage=0.048515


Tree=14
num_leaves=20
num_cat=0
split_feature=2 15 13 22 1 5 14 12 4 3 3 0 6 18 20 22 5 9 0
split_gain=2.7639 1.9373 1.57268 1.13368 0.872199 0.680661 0.694097 0.666761 1.02129 0.652586 1.56392 1.35046 0.834103 0.743439 0.613489 0.571637 0.513255 1.22873 0.51023
threshold=0.00021617208977845953 2.8450000000000002 0.58333333333335802 2.4162614395639718e-05 0.00037856828575807277 7.3650000000000011 0.50500000000000012 -7.4999999999999947 2.4999999999999916 1.4150000000000003 1.2650000000000003 0.00027622288770201775 5.4999999999999725 0.034269647546533062 0.010302608131656401 1.2081891058057794e-05 2.5950000000000002 0.50000000000005607 0.00036480529136813123
decision_type=2 2 2 2 2 2 2 2 2 2 2 2 2 2 2 2 2 2 2
left_child=5 7 3 4 -3 16 -7 8 -2 10 -9 -12 13 14 -11 -15 17 -1 -4
right_child=1 2 18 -5 -6 6 -8 9 -10 12 11 -13 -14 15 -16 -17 -18 -19 -20
leaf_value=0.011996874701426741 0.00017000392224541733 0.010958260753709993 -0.0036175892332796118 0.0043239467241197064 0.024816784554134014 0.009334227372709265 0.0010371539091119921 -0.00065898782346642481 0.015149258311593458 0.00030106125548638897 0.002644291429174237 0.018960504236152607 -0.0027857396041081985 0.0025093440786864121 0.0089954198524642009 0.011870173933345477 -0.00064409715142148282 -0.0017134152566343132 0.0071015807855642514
leaf_weight=25 21 20 21 20 22 25 334 54 21 293 22 25 121 34 20 27 3768 38 20
leaf_count=25 21 20 21 20 22 25 334 54 21 293 22 25 121 34 20 27 3768 38 20
internal_value=0 0.00279735 0.00890947 0.0137357 0.0182175 -0.000384816 0.00161494 0.0018106 0.00765963 0.00139842 0.00491685 0.0113231 0.00068052 0.00180196 0.000856611 0.00665266 -0.000572212 0.00372718 0.00161127
internal_weight=0 741 103 62 42 4190 359 638 42 596 101 47 495 374 313 61 3831 63 41
internal_count=4931 741 103 62 42 4190 359 638 42 596 101 47 495 374 313 61 3831 63 41
is_linear=0
shrinkage=0.0480298


Tree=15
num_leaves=20
num_cat=0
split_feature=3 3 10 2 16 0 18 14 15 14 21 17 3 3 3 2 15 3 7
split_gain=2.06767 1.49309 1.06792 1.03324 0.877213 0.558703 0.502857 0.490385 2.88994 0.668582 0.549411 0.482975 0.458725 0.376844 0.415438 0.556144 1.60642 0.703765 0.936218
threshold=4.4250000000000007 5.9650000000000007 3.9999999999999871 5.7198016849672018e-05 -4.2499999999999973 0.0010988899644920446 0.18938772514077964 1.2350000000000001 2.0250000000000004 1.155 0.0037133968231243268 -0.50000000000002254 0.56500000000000006 1.5450000000000002 2.6050000000000004 0.00023094253407232539 2.8650000000000007 2.1950000000000007 -0.0057441269509423956
decision_type=2 2 2 2 2 2 2 2 2 2 2 2 2 2 2 2 2 2 2
left_child=3 2 4 6 -2 7 -1 8 9 12 11 -11 -5 -9 15 -15 17 -17 -19
right_child=1 -3 -4 5 -6 -7 -8 13 -10 10 -12 -13 -14 14 -16 16 -18 18 -20
leaf_value=-0.0011195282294473913 0.0077728734807453017 -0.0022145951579590714 0.002765475453278478 0.0066793647299094351 0.021080159822368594 0.0060336737605012382 0.0056673925242716845 -0.001709170392365091 0.018817046427021873 0.0027324628217166485 -0.0011552239821633777 0.012427753455736709 0.00030803649957111839 -0.00017364620894270733 -0.0023490110392405087 -0.0036864003962002283 0.012517880628071014 0.0092440676089200757 -0.00045529642673733915
leaf_weight=1944 21 30 26 26 24 39 25 357 20 21 21 26 1475 571 131 52 32 36 60
leaf_count=1944 21 30 26 26 24 39 25 357 20 21 21 26 1475 571 131 52 32 36 60
internal_value=0 0.00667939 0.0104374 -0.000194678 0.0148701 0.00038131 -0.00103336 0.000303361 0.000856263 0.000627317 0.00523888 0.00809582 0.000418399 -0.000405729 0.000121854 0.000552858 0.00285749 0.000768756 0.00318197
internal_weight=0 101 71 4836 45 2867 1969 2828 1589 1569 68 47 1501 1239 882 751 180 148 96
internal_count=4937 101 71 4836 45 2867 1969 2828 1589 1569 68 47 1501 1239 882 751 180 148 96
is_linear=0
shrinkage=0.0475495


Tree=16
num_leaves=20
num_cat=0
split_feature=3 3 10 1 12 0 3 22 22 20 5 5 3 3 1 8 4 2 20
split_gain=1.87571 1.35447 0.968774 0.940461 0.910944 0.483294 0.486942 0.411187 0.791747 0.47943 0.437733 0.59415 1.1611 1.3776 0.998113 1.08407 0.984533 0.887724 0.49016
threshold=4.4250000000000007 5.9650000000000007 3.9999999999999871 8.5272096956839468e-05 -2 0.001463739289640599 2.6050000000000004 0.0017822666568830805 0.0025729362636703894 -0.0021013638775047023 7.3650000000000011 8.1650000000000009 1.8050000000000004 1.675 0.00021981848121407235 -1.0000000000000118 -1.0000000180025095e-35 0.00012169906905741421 -0.0035199120762938181
decision_type=2 2 2 2 2 2 2 2 2 2 2 2 2 2 2 2 2 2 2
left_child=3 2 4 -1 -2 6 7 10 -9 -10 -5 12 13 17 -13 -16 -17 -12 -14
right_child=1 -3 -4 5 -6 -7 -8 8 9 -11 11 14 18 -15 15 16 -18 -19 -20
leaf_value=-0.00076525143838157279 0.0080308609027021517 -0.002088199394846032 0.0026076386479744629 8.7641898530215764e-05 0.021509567319387919 0.0065926915087650521 -0.0023396319664801065 0.0098265796722330993 0.0072769133110138079 -0.0011389395284386902 0.0096026859395676421 -0.002404466281599571 0.0062609775386525185 0.014217045994346486 -0.0031230599809219444 0.012428370880512915 0.001632854065456518 -0.0037031233873359476 -0.0012685035720849769
leaf_weight=2709 25 30 26 1418 20 29 128 31 20 60 20 138 25 40 36 36 39 25 82
leaf_count=2709 25 30 26 1418 20 29 128 31 20 60 20 138 25 40 36 36 39 25 82
internal_value=0 0.00629817 0.00984171 -0.000183567 0.0140214 0.000557282 0.000473856 0.000656661 0.00343987 0.000965024 0.000490477 0.00178576 0.00375346 0.00786068 0.000268499 0.00359164 0.0068147 0.00221057 0.000490721
internal_weight=0 101 71 4836 45 2127 2098 1970 111 80 1859 441 192 85 249 111 75 45 107
internal_count=4937 101 71 4836 45 2127 2098 1970 111 80 1859 441 192 85 249 111 75 45 107
is_linear=0
shrinkage=0.047074


Tree=17
num_leaves=20
num_cat=0
split_feature=3 3 10 2 12 0 18 3 14 15 14 21 17 3 2 7 3 22 3
split_gain=1.70327 1.22995 0.879713 0.874234 0.827199 0.467291 0.455985 0.432413 0.364595 2.64515 0.609546 0.485805 0.437788 0.338289 0.540456 0.61428 0.839102 0.812959 0.519701
threshold=4.4250000000000007 5.9650000000000007 3.9999999999999871 5.7198016849672018e-05 -2 0.0010988899644920446 0.18938772514077964 0.56500000000000006 1.2350000000000001 2.0250000000000004 1.155 0.0037133968231243268 -0.50000000000002254 0.7350000000000001 0.00014455698944069835 -0.0048188900800761872 1.5550000000000004 0.00040836989954196051 1.0050000000000001
decision_type=2 2 2 2 2 2 2 2 2 2 2 2 2 2 2 2 2 2 2
left_child=3 2 4 6 -2 7 -1 -5 9 10 13 12 -12 -9 15 16 17 -15 -16
right_child=1 -3 -4 5 -6 -7 -8 8 -10 -11 11 -13 -14 14 18 -17 -18 -19 -20
leaf_value=-0.0010096989424375729 0.0075762877218082305 -0.0019700004438981916 0.0024600377763621282 0.0062585985776038256 0.020292055426722553 0.0054125437951177699 0.0053245655829150087 -0.0013866464729810283 -0.0003763616712009868 0.017533553939553265 0.0024180738444170018 -0.0011032070430774764 0.011464991834914416 0.001011059063583763 0.0060169292735172521 0.00050100128917572855 0.011027480166720036 0.0094440857590516493 -0.00058203569113920506
leaf_weight=1944 25 30 26 26 20 39 25 225 1239 20 21 21 26 144 27 372 29 30 648
leaf_count=1944 25 30 26 26 20 39 25 225 1239 20 21 21 26 144 27 372 29 30 648
internal_value=0 0.00594168 0.00928464 -0.000173176 0.0132277 0.000346097 -0.000929274 0.000276228 0.000220717 0.000694024 0.000475754 0.00478974 0.00742275 0.000276873 0.000576306 0.00162623 0.00368824 0.00246503 -0.000318077
internal_weight=0 101 71 4836 45 2867 1969 2828 2802 1563 1543 68 47 1475 1250 575 203 174 675
internal_count=4937 101 71 4836 45 2867 1969 2828 2802 1563 1543 68 47 1475 1250 575 203 174 675
is_linear=0
shrinkage=0.0466033


Tree=18
num_leaves=20
num_cat=0
split_feature=2 22 1 15 2 18 7 6 22 21 0 5 5 21 7 1 18 7 19
split_gain=1.59305 1.03504 0.913931 0.950711 0.699231 0.50325 0.433631 0.585074 0.522039 0.6899 1.08231 0.708213 0.738799 0.702077 0.686756 0.539213 0.414474 0.407934 0.389868
threshold=0.00045753307835964309 -0.00060336621861495343 0.00048762204348006986 2.9150000000000005 5.7198016849672018e-05 -0.0082336835270190849 -0.0057441269509423956 9.9999999999998774 0.0017822666568830805 0.0063734869442532158 0.00012859064152803774 7.3650000000000011 7.6250000000000009 0.0032181995268337764 -0.016853596248022958 0.00029424454832396879 0.18938772514077964 0.027882533779308386 0.0097586080353155875
decision_type=2 2 2 2 2 2 2 2 2 2 2 2 2 2 2 2 2 2 2
left_child=4 -2 5 17 16 -3 7 8 9 11 -11 -6 -13 15 -10 -14 -1 -4 -8
right_child=1 2 3 -5 6 -7 18 -9 14 10 -12 12 13 -15 -16 -17 -18 -19 -20
leaf_value=-0.00095301722912620262 0.011510373335999528 0.0035543110267293424 -0.0033515494531619508 0.00841388716624074 5.6152751740935269e-05 0.013666417920954795 -1.7007553396450577e-05 -0.0015320390178254913 0.012168902317903709 0.011152865582082063 -0.00060783122664861142 0.010310319119056824 -0.00090672337808094319 0.0096472520015100961 0.00088355918946752838 0.0069828798152807275 0.0050256591589470379 0.0040967815442015301 -0.0031020986797657443
leaf_weight=1944 33 22 72 25 575 20 1669 161 22 36 31 28 93 22 24 23 25 20 92
leaf_count=1944 33 22 72 25 575 20 1669 161 22 36 31 28 93 22 24 23 25 20 92
internal_value=0 0.00407467 0.00253141 0.000435652 -0.000212093 0.0083696 0.000259597 0.00101913 0.00150009 0.00122792 0.00571135 0.000822533 0.00347717 0.00209073 0.0062809 0.000657594 -0.000877107 -0.00173235 -0.000178182
internal_weight=0 192 159 117 4745 42 2776 1015 854 808 67 741 166 138 46 116 1969 92 1761
internal_count=4937 192 159 117 4745 42 2776 1015 854 808 67 741 166 138 46 116 1969 92 1761
is_linear=0
shrinkage=0.0461372


Tree=19
num_leaves=20
num_cat=0
split_feature=2 22 20 15 2 3 7 6 22 21 0 5 5 21 7 1 18 18 1
split_gain=1.44945 0.941739 0.857276 0.75364 0.636199 0.471326 0.394541 0.532332 0.47498 0.627708 0.984746 0.644371 0.672199 0.638788 0.624848 0.490605 0.377111 0.375999 0.44493
threshold=0.00045753307835964309 -0.00060336621861495343 0.0080311790803538913 2.9150000000000005 5.7198016849672018e-05 2.2250000000000005 -0.0057441269509423956 9.9999999999998774 0.0017822666568830805 0.0063734869442532158 0.00012859064152803774 7.3650000000000011 7.6250000000000009 0.0032181995268337764 -0.016853596248022958 0.00029424454832396879 0.18938772514077964 -0.092814799539597079 0.00013625797710072182
decision_type=2 2 2 2 2 2 2 2 2 2 2 2 2 2 2 2 2 2 2
left_child=4 -2 3 5 16 -3 7 8 9 11 -11 17 -13 15 -10 -14 -1 -6 -19
right_child=1 2 -4 -5 6 -7 -8 -9 14 10 -12 12 13 -15 -16 -17 -18 18 -20
leaf_value=-0.00089995718805200285 0.010869523412429848 0.003683267491454232 0.0092055810750364623 0.0088843701411569238 0.0046408750345885456 -0.0028135984101569887 -0.00016826165290790565 -0.0014467413914167626 0.011491388245524063 0.010531920230030495 -0.00057398967712174226 0.009736283137816824 -0.00085624077101369828 0.0091101329483157956 0.00083436619330809199 0.0065941021974128787 0.0047458511879815146 0.0006711885745494425 -0.0021219315948233443
leaf_weight=1944 33 34 31 20 35 74 1761 161 22 36 31 28 93 22 24 23 25 363 177
leaf_count=1944 33 34 31 20 35 74 1761 161 22 36 31 28 93 22 24 23 25 363 177
internal_value=0 0.00384781 0.00239047 0.000739939 -0.000200285 -0.000768289 0.000245144 0.000962393 0.00141657 0.00115955 0.00539336 0.000776738 0.00328357 0.00197433 0.0059312 0.000620982 -0.000828273 5.30264e-05 -0.000244334
internal_weight=0 192 159 128 4745 108 2776 1015 854 808 67 741 166 138 46 116 1969 575 540
internal_count=4937 192 159 128 4745 108 2776 1015 854 808 67 741 166 138 46 116 1969 575 540
is_linear=0
shrinkage=0.0456759


Tree=20
num_leaves=20
num_cat=0
split_feature=2 15 13 2 3 15 2 2 16 15 1 20 6 19 0 11 15 7 11
split_gain=1.82065 1.48531 1.39909 1.11509 0.673179 0.601147 1.73877 1.56112 0.821976 0.592869 0.872565 0.720112 0.899704 1.10952 1.18606 0.478718 0.437515 0.399338 0.379208
threshold=0.00021617208977845953 2.8450000000000002 0.58333333333335802 0.00031628170679248859 3.1350000000000002 0.33500000000000008 0.00045753307835964309 0.00024586357762412678 -14.000000000000005 1.5750000000000004 0.00053737710335938812 -0.00052017861908704155 -8.2500000000000888 -0.0014171121029019627 0.00024227664258589233 -2.0000000000000235 3.1150000000000007 -0.0051536592360921776 -1.5000000000000344
decision_type=2 2 2 2 2 2 2 2 2 2 2 2 2 2 2 2 2 2 2
left_child=4 5 3 -3 -1 6 7 -2 -7 -10 11 17 -13 15 -15 -14 -4 18 -11
right_child=1 2 16 -5 -6 8 -8 -9 9 10 -12 12 13 14 -16 -17 -18 -19 -20
leaf_value=-0.00035265682279483624 0.012176849013194442 0.019851137479317601 -0.0042472517206555323 0.0064121818226395236 0.0074261359870433814 0.010535111716017127 0.017565575117866199 -0.00074261796028124839 -0.0021005836971612138 -0.0009835254168137908 -0.0028385013923980297 -0.0023034914992749694 -0.0022913829508152874 0.0062742211263288154 0.023097896696999673 0.0081393229775130749 0.0060859260614961391 -0.0027066040283965846 0.0087531070504337557
leaf_weight=4162 30 29 21 33 28 20 21 106 176 20 80 25 22 22 20 22 20 54 20
leaf_count=4162 30 29 21 33 28 20 21 106 176 20 80 25 22 22 20 22 20 54 20
internal_value=0 0.00238797 0.00795933 0.0126981 -0.000300674 0.00148852 0.00417494 0.00210726 0.000611669 0.00018115 0.00159022 0.0033185 0.00604557 0.00847262 0.0142855 0.00292397 0.000793323 9.82448e-05 0.00388479
internal_weight=0 741 103 62 4190 638 157 136 481 461 285 205 111 86 42 44 41 94 40
internal_count=4931 741 103 62 4190 638 157 136 481 461 285 205 111 86 42 44 41 94 40
is_linear=0
shrinkage=0.05


Tree=21
num_leaves=20
num_cat=0
split_feature=0 5 3 2 1 0 2 18 19 4 12 3 3 2 5 10 3 3 5
split_gain=1.7112 1.14799 1.29843 0.87028 0.831736 0.744942 1.29133 0.885133 0.831786 1.25633 0.692197 0.610156 0.607544 0.49877 0.415212 1.30591 0.429212 0.662378 0.726329
threshold=0.0010988899644920446 16.380000000000003 3.8450000000000002 0.00021617208977845953 0.00053737710335938812 0.00054901410283091925 0.00033799561729511385 0.034269647546533062 -0.0039401887070771293 1.9999999999999964 -5.0000000000000151 1.8350000000000002 3.1350000000000002 0.0005349959132697346 2.5950000000000002 -1.0000000180025095e-35 1.5550000000000004 1.7850000000000004 7.5150000000000006
decision_type=2 2 2 2 2 2 2 2 2 2 2 2 2 2 2 2 2 2 2
left_child=3 2 -2 12 5 7 -7 10 -9 11 -5 -10 14 -12 15 -1 -16 18 -18
right_child=1 -3 -4 4 -6 6 -8 8 9 -11 13 -13 -14 -15 16 -17 17 -19 -20
leaf_value=0.013186682955078459 0.0055314545519649988 -0.0018611205660778543 0.021586862318217756 0.009710408225655557 -0.0024204293789253351 0.015375892259180547 -0.00081175664778460163 -0.0012186188250780106 -0.00012757876991397805 0.017249244304660422 -0.00043275075055953225 0.0094420648149905681 0.0070548292116395066 0.0060151687541017025 -0.00068065537944840093 -0.0017654198687523605 0.00088530658746732889 -0.00076066091023157915 0.0057953313646956963
leaf_weight=23 34 23 20 20 105 28 22 34 36 26 329 31 28 33 3135 40 379 491 94
leaf_count=23 34 23 20 20 105 28 22 34 36 26 329 31 28 33 3135 40 379 491 94
internal_value=0 0.00749352 0.0114779 -1.91226e-05 0.00166267 0.00242962 0.00825333 0.00185755 0.00547369 0.00792034 0.000655324 0.00430017 -0.000285641 0.000155043 -0.000335024 0.00369328 -0.000396937 0.000525734 0.00186108
internal_weight=0 77 54 4854 664 559 50 509 127 93 382 67 4190 362 4162 63 4099 964 473
internal_count=4931 77 54 4854 664 559 50 509 127 93 382 67 4190 362 4162 63 4099 964 473
is_linear=0
shrinkage=0.05


Tree=22
num_leaves=20
num_cat=0
split_feature=0 5 12 12 1 1 0 14 8 11 8 20 2 22 21 12 21 1 14
split_gain=1.54436 1.03606 1.19773 0.814594 0.67077 0.465937 0.997396 1.19669 0.455651 0.365776 0.504038 0.896816 0.96484 0.703733 0.461474 0.420446 0.627515 0.600621 1.00578
threshold=0.0010988899644920446 16.380000000000003 -1.0000000180025095e-35 11.500000000000002 8.5272096956839468e-05 0.00053737710335938812 0.00054901410283091925 0.25500000000000006 -14.000000000000005 4.2499999999999991 3.999999999999996 0.0025005235165298516 0.00022520425748149455 -7.1924335691864169e-05 -0.0063210449864043441 0.49999999999999495 0.0087793400632140157 0.0002559813062970176 1.7450000000000003
decision_type=2 2 2 2 2 2 2 2 2 2 2 2 2 2 2 2 2 2 2
left_child=3 2 -2 4 -1 6 8 -8 -6 10 14 12 13 -12 -10 17 -17 -16 -19
right_child=1 -3 -4 -5 5 -7 7 -9 9 -11 11 -13 -14 -15 15 16 -18 18 -20
leaf_value=-0.00058869086130101879 0.020238695542017619 -0.0017680645636890249 0.004963750392198563 0.0088083145351937186 0.0080841675214469427 -0.0026989002333150484 -0.0025691139698028565 0.012611240581483454 -0.0020973742720764759 -0.00095529366431936706 0.011807139487937095 -0.0015141599639146418 0.01601692605763674 0.00077083696467945221 0.0008348937627548974 -0.0013406859774384077 0.0078131965920329085 0.0012057396152647592 0.009888590942136944
leaf_weight=2701 21 23 33 26 20 102 20 37 149 354 20 54 21 52 840 293 20 93 52
leaf_count=2701 21 23 33 26 20 102 20 37 149 354 20 54 21 52 840 293 20 93 52
internal_value=0 0.00711884 0.010904 -1.81665e-05 -6.56993e-05 0.000598429 0.000764516 0.0072848 0.000575667 0.000498577 0.000821457 0.003611 0.0065869 0.00383648 0.000538069 0.000840596 -0.000755773 0.00134787 0.00431959
internal_weight=0 77 54 4854 4828 2127 2025 57 1968 1948 1594 147 93 72 1447 1298 313 985 145
internal_count=4931 77 54 4854 4828 2127 2025 57 1968 1948 1594 147 93 72 1447 1298 313 985 145
is_linear=0
shrinkage=0.05


Tree=23
num_leaves=20
num_cat=0
split_feature=0 5 3 12 1 1 0 14 8 2 11 8 20 15 16 21 21 12 21
split_gain=1.39378 0.935047 1.14199 0.735171 0.60537 0.420508 0.90015 1.08001 0.411225 0.360307 0.330113 0.454894 0.809376 0.883336 0.783435 0.41648 0.402413 0.379452 0.566332
threshold=0.0010988899644920446 16.380000000000003 3.8450000000000002 11.500000000000002 8.5272096956839468e-05 0.00053737710335938812 0.00054901410283091925 0.25500000000000006 -14.000000000000005 0.00017228531571773046 4.2499999999999991 3.999999999999996 0.0025005235165298516 0.23500000000000001 -10.499999999999996 -0.0063210449864043441 -0.00076463676734972441 0.49999999999999495 0.0087793400632140157
decision_type=2 2 2 2 2 2 2 2 2 2 2 2 2 2 2 2 2 2 2
left_child=3 2 -2 4 9 6 8 -8 -6 -1 11 15 13 -13 -15 -10 -16 -17 -19
right_child=1 -3 -4 -5 5 -7 7 -9 10 -11 -12 12 -14 14 16 17 -18 18 -20
leaf_value=-0.0006244599486044341 0.0047820627031957405 -0.0016796612869138302 0.01983927108347416 0.0083678988310006957 0.0076799589954316613 -0.0025639552189329388 -0.0024406581278890375 0.011980678473372718 -0.0019925055744113938 0.0045553933883852819 -0.00090752897026427724 0.015567303271964192 -0.0014384520136647755 0.012138985516503454 0.0059031923168471889 0.0012804758515643892 -0.0030043795763049276 -0.0012736516864811399 0.0074225366860628129
leaf_weight=2667 34 23 20 26 20 102 20 37 149 34 354 20 54 20 21 985 32 293 20
leaf_count=2667 34 23 20 26 20 102 20 37 149 34 354 20 54 20 21 985 32 293 20
internal_value=0 0.0067629 0.0103588 -1.72582e-05 -6.24143e-05 0.000568507 0.000726291 0.00692056 0.000546883 -0.000559256 0.000473648 0.000780384 0.00343045 0.00625756 0.00370694 0.000511165 0.000525036 0.000798567 -0.000717985
internal_weight=0 77 54 4854 4828 2127 2025 57 1968 2701 1948 1594 147 93 73 1447 53 1298 313
internal_count=4931 77 54 4854 4828 2127 2025 57 1968 2701 1948 1594 147 93 73 1447 53 1298 313
is_linear=0
shrinkage=0.05


Tree=24
num_leaves=20
num_cat=0
split_feature=0 8 8 2 1 18 15 21 15 0 3 17 22 9 3 3 1 14 17
split_gain=1.25789 0.821287 1.17754 0.67517 0.622807 0.612359 0.770913 1.49127 1.24759 0.747481 0.54018 0.404519 0.833896 0.543081 0.31932 0.602059 0.60074 0.823302 0.692084
threshold=0.0010988899644920446 -5.0000000000000009 1.0000000000000007 0.00021617208977845953 0.00053737710335938812 0.034269647546533062 2.1650000000000005 0.001604585695338834 0.13500000000000004 0.00054901410283091925 3.1350000000000002 -3.0000000000000133 -6.205229875777539e-05 -1.0000000000000451 1.5550000000000004 1.7850000000000004 9.7721174708813492e-05 2.3250000000000006 -1.0000000180025095e-35
decision_type=2 2 2 2 2 2 2 2 2 2 2 2 2 2 2 2 2 2 2
left_child=3 -2 -3 10 5 9 8 -8 -7 11 14 12 -5 -14 -1 16 -16 18 -18
right_child=1 2 -4 4 -6 6 7 -9 -10 -11 -12 -13 13 -15 15 -17 17 -19 -20
leaf_value=-0.00053816272404214949 0.014857259978141106 -0.0030164968804456296 0.01163465053929637 -0.0046752892993390562 -0.0020683209640195684 0.012659114340077278 0.0020643732432896896 0.020550849568098786 -0.0006733972780607842 0.0080549631009085316 0.0066704231447407185 -0.00025232189979690773 0.01221442578567399 0.0017590042284649353 0.00041992622707039123 -0.00072644646175190532 -0.0011844243882940366 0.012321168757401982 0.0057234524953656083
leaf_weight=3198 21 32 24 20 105 23 24 20 74 36 28 312 27 23 300 491 65 26 82
leaf_count=3198 21 32 24 20 105 23 24 20 74 36 28 312 27 23 300 491 65 26 82
internal_value=0 0.00642476 0.00326257 -1.63952e-05 0.00146493 0.0021286 0.00497794 0.0104673 0.00248792 0.00116745 -0.000251144 0.000518367 0.00395344 0.00740493 -0.000297709 0.000499978 0.00177307 0.00411957 0.00266895
internal_weight=0 77 56 4854 664 559 141 44 97 418 4190 382 70 50 4162 964 473 173 147
internal_count=4931 77 56 4854 664 559 141 44 97 418 4190 382 70 50 4162 964 473 173 147
is_linear=0
shrinkage=0.05


Tree=25
num_leaves=20
num_cat=0
split_feature=3 3 10 12 2 14 14 17 17 17 3 1 2 3 5 14 21 21 3
split_gain=1.06038 0.927418 0.701303 0.688538 0.429453 0.5101 0.908745 0.79568 0.772422 0.986048 0.564877 0.764929 0.50543 0.551409 0.717308 1.01456 0.615875 0.967934 0.670348
threshold=4.4250000000000007 5.9650000000000007 3.9999999999999871 -2 5.3817447862802925e-05 1.2350000000000001 1.155 -6.9999999999999991 6.9999999999999902 7.999999999999992 1.5450000000000002 0.00015672921488207926 0.00014455698944069835 1.0150000000000003 3.6650000000000005 0.33500000000000008 0.00054701609971041798 -0.00011090574497785165 1.425
decision_type=2 2 2 2 2 2 2 2 2 2 2 2 2 2 2 2 2 2 2
left_child=4 2 3 -2 -1 6 7 -6 12 -10 -8 -12 13 -9 15 -15 17 18 -16
right_child=1 -3 -4 -5 5 -7 10 8 9 -11 11 -13 -14 14 16 -17 -18 -19 -20
leaf_value=-0.00076210037676613558 0.0063638825565576554 -0.0023667206987738609 0.0015810031587114701 0.018810610994696619 0.0076748333356686342 -0.00053783003343068334 0.001398952454328537 -0.00037301235791781674 0.015034458339214324 0.0010430476299541839 0.016433331192555755 0.0029225992690771821 -0.00087454958863069992 0.016594509743154049 0.0002305384463182202 0.0016154127302937785 -0.00075971721166587746 0.012155280000081769 0.0072195161761635027
leaf_weight=1884 25 30 26 20 38 1298 35 391 20 34 22 20 674 20 135 26 166 27 46
leaf_count=1884 25 30 26 20 38 1298 35 391 20 34 22 20 674 20 135 26 166 27 46
internal_value=0 0.0050041 0.00811853 0.0118958 -0.000172303 0.000204112 0.000786361 0.000527389 0.000350909 0.00622505 0.00609024 0.00999965 0.000137304 0.000978228 0.00223617 0.00812806 0.0015115 0.0033241 0.00200674
internal_weight=0 101 71 45 4836 2952 1654 1577 1539 54 77 42 1485 811 420 46 374 208 181
internal_count=4937 101 71 45 4836 2952 1654 1577 1539 54 77 42 1485 811 420 46 374 208 181
is_linear=0
shrinkage=0.05


Tree=26
num_leaves=20
num_cat=0
split_feature=3 3 19 19 14 17 5 6 3 6 17 5 7 8 1 3 20 2 3
split_gain=0.95699 0.836995 0.55244 0.415142 0.40242 1.21315 0.501692 1.24467 0.435313 0.522189 0.427288 0.409528 0.397002 0.631829 0.55538 0.414 0.958856 0.856645 1.42354
threshold=4.4250000000000007 5.9650000000000007 0.0057319265997601851 -0.0032467532467532196 0.34500000000000003 -6.9999999999999991 2.5950000000000002 -1.0000000180025095e-35 1.5450000000000002 19.999999999999975 6.9999999999999973 10.415000000000001 0.010610694930594302 -4.9999999999999902 9.6680824288813505e-05 1.8050000000000004 -0.004204682299073891 0.00014900409745509827 1.7450000000000003
decision_type=2 2 2 2 2 2 2 2 2 2 2 2 2 2 2 2 2 2 2
left_child=4 2 3 -2 5 -1 7 -7 -6 11 -8 12 14 -14 -10 16 -16 -18 -19
right_child=1 -3 -4 -5 8 6 10 -9 9 -11 -12 -13 13 -15 15 -17 17 18 -20
leaf_value=0.011232064907940535 0.0062214189519484847 -0.0022483846234778566 0.00066967047750949866 0.015259286396515867 -0.00091966615896354467 -0.0017327877981909391 1.4920595983810934e-05 0.013842500211751979 -0.00036961405402607668 -0.0043523339286320288 0.0056900598875740003 -0.0044544099375787311 0.0072509012144544851 -0.0013143873737588834 -0.00313027639161138 0.0012871335013431378 0.010039301642349788 -0.0038605046483050835 0.012619685605168345
leaf_weight=26 27 30 20 24 2053 29 1354 23 337 59 34 41 23 337 34 358 70 38 20
leaf_count=26 27 30 20 24 2053 29 1354 23 337 59 34 41 23 337 34 358 70 38 20
internal_value=0 0.00475389 0.0077126 0.0104745 -0.000163688 0.000527848 0.000334577 0.00515628 -0.000464517 0.000244991 0.000153937 0.000460605 0.000626189 -0.000767161 0.00121149 0.00223617 0.00433343 0.00631598 0.00182232
internal_weight=0 101 71 51 4836 1466 1440 52 3370 1317 1388 1258 1217 360 857 520 162 128 58
internal_count=4937 101 71 51 4836 1466 1440 52 3370 1317 1388 1258 1217 360 857 520 162 128 58
is_linear=0
shrinkage=0.05


Tree=27
num_leaves=20
num_cat=0
split_feature=3 3 10 12 14 17 5 11 3 3 17 0 17 8 20 12 20 14 7
split_gain=0.863683 0.755388 0.629223 0.615469 0.363184 1.09487 0.452777 1.28511 0.39287 0.491075 0.385628 0.330765 0.344002 0.341866 0.29936 0.591062 0.298837 0.655726 1.65043
threshold=4.4250000000000007 5.9650000000000007 3.9999999999999871 -2 0.34500000000000003 -6.9999999999999991 2.5950000000000002 0.75000000000002853 1.5450000000000002 2.6050000000000004 6.9999999999999973 0.00083847046510839821 -6.4999999999999938 4.7499999999999885 -0.004204682299073891 -4.9999999999999956 -0.00091199277232634202 1.2350000000000001 -0.0027332233988929806
decision_type=2 2 2 2 2 2 2 2 2 2 2 2 2 2 2 2 2 2 2
left_child=4 2 3 -2 5 -1 7 -7 -6 11 -8 12 -10 14 -14 -16 17 18 -17
right_child=1 -3 -4 -5 8 6 10 -9 9 -11 -12 -13 13 -15 15 16 -18 -19 -20
leaf_value=0.010670461899672565 0.0056747081875801091 -0.0021359654205540817 0.0011345178748552616 0.017442484684288502 -0.00087368285294333681 0.014448612187767313 1.4174589268213889e-05 -0.0015709848864184273 -0.0038438614271581171 -0.0025121860023074108 0.0054055568816907262 0.0059414240797715529 -0.0011076082760824802 0.0058805188660820329 0.0069225250194088015 0.018235582942143082 2.5887429189027025e-05 0.00083166631530819611 -0.0014036039983772713
leaf_weight=26 25 30 26 20 2053 21 1354 31 45 145 34 28 235 30 39 20 579 173 23
leaf_count=26 25 30 26 20 2053 21 1354 31 45 145 34 28 235 30 39 20 579 173 23
internal_value=0 0.0045162 0.00732697 0.0109048 -0.000155504 0.000501455 0.000317848 0.00489847 -0.000441291 0.000232742 0.00014624 0.000572345 0.000440934 0.00061638 0.00046865 0.000912799 0.000617982 0.00220513 0.0077309
internal_weight=0 101 71 45 4836 1466 1440 52 3370 1317 1388 1172 1144 1099 1069 834 795 216 43
internal_count=4937 101 71 45 4836 1466 1440 52 3370 1317 1388 1172 1144 1099 1069 834 795 216 43
is_linear=0
shrinkage=0.05


Tree=28
num_leaves=20
num_cat=0
split_feature=2 22 1 7 16 5 5 3 2 0 15 15 1 7 3 20 20 22 8
split_gain=0.79828 0.793108 0.674003 0.597881 0.420651 0.397369 0.517857 0.340418 0.300571 0.313246 0.494732 0.700385 1.19935 0.517683 0.54366 0.979856 1.10071 1.02991 0.776949
threshold=0.00045753307835964309 -0.00060336621861495343 0.00048762204348006986 0.02992751501851976 -1.0000000180025095e-35 16.380000000000003 10.195000000000002 0.56500000000000006 7.2904975247780839e-05 0.00019993268492289848 3.0150000000000001 2.8650000000000007 0.00011268308108604897 -0.0057441269509423956 1.4150000000000003 -0.0041287764148941189 0.00055617490724724228 -1.2082037031846403e-05 -0.99999999999998412
decision_type=2 2 2 2 2 2 2 2 2 2 2 2 2 2 2 2 2 2 2
left_child=7 -2 4 5 -3 6 -4 -1 -9 10 11 13 -13 14 -10 -16 17 -17 -19
right_child=1 2 3 -5 -6 -7 -8 8 9 -11 -12 12 -14 -15 15 16 -18 18 -20
leaf_value=0.0052158188781347772 0.010157631456174633 0.0020692746820194382 -0.0032431797333463859 0.0065459028966724873 0.012077015975401515 -0.0074093948082568561 0.0061520935925231737 -0.00062266112139459744 0.00033803003330138467 -0.000697764100423887 -0.0015919042923808868 -0.00060549465858418007 0.016136140292510391 -2.1593053846081275e-05 -0.0022848155214027928 0.01739233553666493 0.0023167103551877816 -0.0017427321700822741 0.011187870689452841
leaf_weight=29 33 21 44 25 21 26 22 2326 252 718 232 23 20 892 55 29 122 21 26
leaf_count=29 33 21 44 25 21 26 22 2326 252 718 232 23 20 892 55 29 122 21 26
internal_value=0 0.00310377 0.00163976 -0.000310688 0.00707315 -0.00217389 -0.000111422 -0.000184828 -0.000218038 0.00017575 0.000550859 0.000896082 0.00718131 0.000702621 0.00198183 0.00361913 0.00525911 0.00998243 0.00541037
internal_weight=0 192 159 117 42 92 66 4745 4716 2390 1672 1440 43 1397 505 253 198 76 47
internal_count=4937 192 159 117 42 92 66 4745 4716 2390 1672 1440 43 1397 505 253 198 76 47
is_linear=0
shrinkage=0.05


Tree=29
num_leaves=20
num_cat=0
split_feature=3 3 10 16 5 2 21 2 3 16 7 21 21 2 12 22 1 7 18
split_gain=0.736663 0.652741 0.578684 0.58014 0.341754 0.394005 0.754751 0.308994 0.330871 0.300229 0.367281 0.380276 0.599127 0.567659 0.562199 0.580426 0.476907 0.929989 0.986473
threshold=4.4250000000000007 5.9650000000000007 3.9999999999999871 -4.2499999999999973 10.415000000000001 0.00065272114878945785 0.00096345619459370379 5.3817447862802925e-05 0.56500000000000006 -7.0000000000000044 -0.0057441269509423956 -0.00179925812993853 -0.0024318016750382583 0.00012982576934929518 -3.0000000000000133 -0.00014493920609276453 0.00021251216422085785 0.016574999052513698 -0.018247784077446757
decision_type=2 2 2 2 2 2 2 2 2 2 2 2 2 2 2 2 2 2 2
left_child=4 2 3 -2 5 7 -7 -1 -9 -10 -11 12 16 -14 15 -13 -12 18 -18
right_child=1 -3 -4 -5 -6 6 -8 8 9 10 11 14 13 -15 -16 -17 17 -19 -20
leaf_value=-0.00064564407387878873 0.004147037491202355 -0.0020115358320375288 0.00084643326699733738 0.015526648502176008 -0.0044315167419288473 -0.0011371170395407183 0.0109914798370522 0.0057940839431606809 -0.0013325622058309877 0.0011231417843751126 -0.00051673942529221713 0.010545095052062111 0.00087682499239842093 0.010223096783738584 -0.00091668320810924528 0.00018089956204806056 7.4468254266927641e-05 -0.0024090520297296537 0.013576758839190007
leaf_weight=1884 21 30 26 24 46 29 23 26 313 894 348 22 33 32 1057 35 24 39 31
leaf_count=1884 21 30 26 24 46 29 23 26 313 894 348 22 33 32 1057 35 24 39 31
internal_value=0 0.00417216 0.00678499 0.0102162 -0.000142353 -0.000101163 0.00422745 -0.00014867 0.000179396 0.000127775 0.000309519 -0.000139203 0.000995982 0.00547807 -0.000655844 0.00418112 0.000336852 0.00349695 0.00768485
internal_weight=0 101 71 45 4836 4790 52 4738 2854 2828 2515 1621 507 65 1114 57 442 94 55
internal_count=4937 101 71 45 4836 4790 52 4738 2854 2828 2515 1621 507 65 1114 57 442 94 55
is_linear=0
shrinkage=0.05


end of trees

feature_importances:
f_3=75
f_2=57
f_1=56
f_5=43
f_15=37
f_0=29
f_21=28
f_14=26
f_22=23
f_7=22
f_8=22
f_18=21
f_17=18
f_20=18
f_6=16
f_12=14
f_10=13
f_16=11
f_11=10
f_13=9
f_9=8
f_19=8
f_4=6

parameters:
[boosting: gbdt]
[objective: regression]
[metric: binary_logloss]
[tree_learner: serial]
[device_type: cpu]
[data: ]
[valid: ]
[num_iterations: 10]
[learning_rate: 0.05]
[num_leaves: 20]
[num_threads: 0]
[deterministic: 0]
[force_col_wise: 0]
[force_row_wise: 0]
[histogram_pool_size: -1]
[max_depth: -1]
[min_data_in_leaf: 20]
[min_sum_hessian_in_leaf: 0.001]
[bagging_fraction: 0.7]
[pos_bagging_fraction: 1]
[neg_bagging_fraction: 1]
[bagging_freq: 5]
[bagging_seed: 3]
[feature_fraction: 0.9]
[feature_fraction_bynode: 1]
[feature_fraction_seed: 2]
[extra_trees: 0]
[extra_seed: 6]
[early_stopping_round: 0]
[first_metric_only: 0]
[max_delta_step: 0]
[lambda_l1: 0]
[lambda_l2: 0]
[linear_lambda: 0]
[min_gain_to_split: 0]
[drop_rate: 0.1]
[max_drop: 50]
[skip_drop: 0.5]
[xgboost_dart_mode: 0]
[uniform_drop: 0]
[drop_seed: 4]
[top_rate: 0.2]
[other_rate: 0.1]
[min_data_per_group: 100]
[max_cat_threshold: 32]
[cat_l2: 10]
[cat_smooth: 10]
[max_cat_to_onehot: 4]
[top_k: 20]
[monotone_constraints: ]
[monotone_constraints_method: basic]
[monotone_penalty: 0]
[feature_contri: ]
[forcedsplits_filename: ]
[refit_decay_rate: 0.9]
[cegb_tradeoff: 1]
[cegb_penalty_split: 0]
[cegb_penalty_feature_lazy: ]
[cegb_penalty_feature_coupled: ]
[path_smooth: 0]
[interaction_constraints: ]
[verbosity: 0]
[saved_feature_importance_type: 0]
[linear_tree: 0]
[max_bin: 255]
[max_bin_by_feature: ]
[min_data_in_bin: 3]
[bin_construct_sample_cnt: 200000]
[data_random_seed: 1]
[is_enable_sparse: 1]
[enable_bundle: 1]
[use_missing: 1]
[zero_as_missing: 0]
[feature_pre_filter: 1]
[pre_partition: 0]
[two_round: 0]
[header: 0]
[label_column: ]
[weight_column: ]
[group_column: ]
[ignore_column: ]
[categorical_feature: ]
[forcedbins_filename: ]
[precise_float_parser: 0]
[objective_seed: 5]
[num_class: 1]
[is_unbalance: 0]
[scale_pos_weight: 1]
[sigmoid: 1]
[boost_from_average: 1]
[reg_sqrt: 0]
[alpha: 0.9]
[fair_c: 1]
[poisson_max_delta_step: 0.7]
[tweedie_variance_power: 1.5]
[lambdarank_truncation_level: 30]
[lambdarank_norm: 1]
[label_gain: ]
[eval_at: ]
[multi_error_top_k: 1]
[auc_mu_weights: ]
[num_machines: 1]
[local_listen_port: 12400]
[time_out: 120]
[machine_list_filename: ]
[machines: ]
[gpu_platform_id: -1]
[gpu_device_id: -1]
[gpu_use_dp: 0]
[num_gpu: 1]

end of parameters

pandas_categorical:[]
