tree
version=v3
num_class=1
num_tree_per_iteration=1
label_index=0
max_feature_idx=22
objective=regression
feature_names=f_0 f_1 f_2 f_3 f_4 f_5 f_6 f_7 f_8 f_9 f_10 f_11 f_12 f_13 f_14 f_15 f_16 f_17 f_18 f_19 f_20 f_21 f_22
feature_infos=[3.5138360446667107e-07:0.0066553821535006137] [2.5600331918768856e-06:0.0039732576088439284] [9.2225614268401974e-06:0.0029579505118275174] [0.53000000000000003:6.5599999999999996] [-33.000000000000007:46] [2.4100000000000001:21.82] [-101.00000000000016:144.99999999999994] [-0.15710919088766695:0.17837578087457961] [-81:74] [-46:33.999999999999986] [-51.000000000000021:33.999999999999986] [-33.000000000000007:27.999999999999979] [-41:96.000000000000014] [-36.000000000000007:32.999999999999986] [-0.52000000000000002:2.9100000000000001] [-0.94999999999999996:3.8500000000000001] [-52:73.999999999999972] [-28.000000000000004:24.000000000000004] [-0.29572649572649579:0.64215246636771273] [-0.02958455728073861:0.047292143401983289] [-0.054746473503621829:0.033993115318416534] [-0.039377561323276189:0.045346674363414774] [-0.019984292877423981:0.018327052533256172]
tree_sizes=1841 1883 1869 1872 1870 1878 1880 1877 1894 1881

Tree=0
num_leaves=20
num_cat=0
split_feature=2 15 1 1 15 19 3 21 13 21 7 3 11 3 1 6 0 8 21
split_gain=9.06196 5.43137 3.53421 1.86925 1.34146 1.72142 1.34611 1.33361 1.32806 1.1682 1.58979 0.995119 0.976449 0.832728 1.54957 0.648109 0.73524 0.667951 0.567376
threshold=0.00021787561350409434 2.8750000000000004 0.00038902402540016425 8.4653776542144366e-05 0.095000000000000015 0.0012554749817955682 2.1950000000000007 -0.0019162738562985002 0.99999999999998956 0.0013443643790707063 -0.0055161523069370824 3.1250000000000004 3.9999999999999818 2.4450000000000007 0.00035126105329102774 6.9999999999999627 0.0001831492021232708 1.0000000000000007 -0.0081121119117710788
decision_type=2 2 2 2 2 2 2 2 2 2 2 2 2 2 2 2 2 2 2
left_child=3 4 8 -1 5 -2 -6 -4 -3 13 -11 15 -12 14 -8 -5 17 -17 -15
right_child=1 2 7 11 6 -7 9 -9 -10 10 12 -13 -14 18 -16 16 -18 -19 -20
leaf_value=0.048671611335255521 0.068589743017183888 0.065392812154258795 0.086096745361773669 0.050450487787920932 0.050175421246735373 0.050382460578810524 0.068456053181097931 0.06966817436161063 0.048001508259946313 0.071078430735091735 0.048001508259946313 0.060501507933983414 0.0625848412129896 0.05633484137597105 0.050084841538952499 0.054251508096964864 0.049494045534458207 0.063910598754175346 0.048001508259946313
leaf_weight=1940 34 23 21 980 184 21 22 30 21 26 22 28 24 30 24 96 67 22 64
leaf_count=1940 34 23 21 980 184 21 22 30 21 26 22 28 24 30 24 96 67 22 64
internal_value=0.0505279 0.0566096 0.0674752 0.0496293 0.0543208 0.0616379 0.0533045 0.0764329 0.0570924 0.0560204 0.061196 0.0511868 0.0556102 0.0533587 0.0588711 0.0509629 0.0536772 0.0560524 0.0506611
internal_weight=0 546 95 3133 451 55 396 51 44 212 72 1193 46 140 46 1165 185 118 94
internal_count=3679 546 95 3133 451 55 396 51 44 212 72 1193 46 140 46 1165 185 118 94
is_linear=0
shrinkage=1


Tree=1
num_leaves=20
num_cat=0
split_feature=1 14 3 5 5 1 2 1 7 1 1 0 14 2 16 5 10 14 3
split_gain=8.21735 2.59647 1.95243 1.75777 3.32251 1.43469 1.97738 1.14699 1.00964 1.16109 0.958171 0.956568 0.764143 2.04934 1.56169 0.763681 1.76472 0.73855 0.59888
threshold=0.00027566130516974247 2.4950000000000006 1.5450000000000002 8.8850000000000033 9.5850000000000026 0.00041659036141107858 0.00031965087587533205 0.0010567632396975984 -0.0055161523069370824 0.00053623892310966626 8.5935968161977044e-05 0.00039292612916385034 1.2350000000000001 0.00014958479746790502 1.0000000000000122 2.5950000000000002 -1.0000000180025095e-35 0.45500000000000007 1.7550000000000001
decision_type=2 2 2 2 2 2 2 2 2 2 2 2 2 2 2 2 2 2 2
left_child=2 3 15 5 -5 6 -2 8 9 -6 -4 -8 13 14 17 16 -1 -12 -14
right_child=1 -3 10 4 7 -7 11 -9 -10 -11 12 -13 18 -15 -16 -17 -18 -19 -20
leaf_value=0.014921131827261137 0.00077549893459355511 0.023602535702626815 -0.0008448730275510863 0.025385106660957849 0.018439680337905884 -0.002672088734413448 0.0081370447296649218 0.014207896429139215 0.00026642902589896146 0.0018129263605390277 -0.00042984364959208863 0.022076304452493787 0.0040823783877271197 0.00013203647433091765 0.021464184008538723 -0.001699725192819917 -0.0024602637067437172 0.011662268232820291 0.00017287639342770191
leaf_weight=23 74 22 407 28 21 76 32 37 68 21 23 20 135 92 25 2150 40 28 357
leaf_count=23 74 22 407 28 21 76 32 37 68 21 23 20 135 92 25 2150 40 28 357
internal_value=0 0.0069057 -0.000693674 0.00593134 0.00959941 0.00275356 0.00602618 0.00659261 0.00403111 0.0101263 0.00106315 0.0134983 0.00223977 0.00515124 0.0112271 -0.00154073 0.00388533 0.00620896 0.00124561
internal_weight=0 399 3280 377 175 202 126 147 110 42 1067 52 660 168 76 2213 63 51 492
internal_count=3679 399 3280 377 175 202 126 147 110 42 1067 52 660 168 76 2213 63 51 492
is_linear=0
shrinkage=0.05


Tree=2
num_leaves=20
num_cat=0
split_feature=2 15 1 1 21 13 15 5 3 21 5 14 16 3 3 7 15 6 21
split_gain=7.49438 4.57315 3.01508 1.55701 1.18154 1.17239 1.13539 1.13391 1.13047 1.06261 0.953157 1.7039 1.86413 0.90968 0.870851 1.76311 0.673039 0.619666 0.626763
threshold=0.00021787561350409434 2.8750000000000004 0.00038902402540016425 8.4653776542144366e-05 -0.0019162738562985002 0.99999999999998956 0.095000000000000015 7.7650000000000006 2.1950000000000007 0.0080043416266154539 6.5250000000000012 1.2350000000000001 1.0000000000000122 3.1250000000000004 2.5750000000000006 -0.0056700736530880249 2.1750000000000003 2.0000000000000244 -0.001726743129797925
decision_type=2 2 2 2 2 2 2 2 2 2 2 2 2 2 2 2 2 2 2
left_child=3 6 5 -1 -4 -3 7 -2 -8 14 17 12 -12 -13 15 -10 -17 -5 -19
right_child=1 2 4 10 -6 -7 8 -9 9 -11 11 13 -14 -15 -16 16 -18 18 -20
leaf_value=-0.0016921919676446424 0.0177432897214133 0.013708827871343364 0.032869901259740195 -0.0014312114537853267 0.017406389676034452 -0.0026314232143617813 -0.00037292879095058082 0.0033634506679814436 0.01787432895840279 0.015659144857809656 0.0032049697460764547 4.3782007905017395e-05 0.01804447581032009 0.009461976461378592 0.00084992992967643113 0.0083027622877405241 -0.0027758599162615583 -0.0012254581854424693 0.00381803494478975
leaf_weight=1940 26 23 21 519 30 21 184 29 28 21 59 304 33 28 108 26 29 110 140
leaf_count=1940 26 23 21 519 30 21 184 29 28 21 59 304 33 28 108 26 29 110 140
internal_value=0 0.00552974 0.0155 -0.000818104 0.0237737 0.00591007 0.00342957 0.0101612 0.00249462 0.00498343 0.000603296 0.00250662 0.00852784 0.000838088 0.00380966 0.00766088 0.00246131 -0.00044613 0.0015989
internal_weight=0 546 95 3133 51 44 451 55 396 212 1193 424 92 332 191 83 55 769 250
internal_count=3679 546 95 3133 51 44 451 55 396 212 1193 424 92 332 191 83 55 769 250
is_linear=0
shrinkage=0.05


Tree=3
num_leaves=20
num_cat=0
split_feature=2 15 1 5 14 9 21 13 21 13 15 7 18 3 21 8 20 0 3
split_gain=6.76367 4.12727 2.72111 1.40797 1.72134 1.86909 1.06634 1.05808 1.04024 1.52313 1.76249 1.06472 1.33087 0.944781 0.703621 0.888477 0.743397 1.08757 0.682342
threshold=0.00021787561350409434 2.8750000000000004 0.00038902402540016425 6.5250000000000012 1.2350000000000001 3.0000000000000142 -0.0019162738562985002 0.99999999999998956 0.000968914318402181 4.999999999999992 0.16500000000000004 -0.0051640508307710933 0.0070675503261143921 3.1250000000000004 -0.0021406837773617622 4.0000000000000027 0.0031059811177488465 0.0002745286921494974 1.5550000000000004
decision_type=2 2 2 2 2 2 2 2 2 2 2 2 2 2 2 2 2 2 2
left_child=3 8 7 -1 5 18 -4 -3 14 10 -10 12 -12 -6 15 16 -2 -18 -5
right_child=1 2 6 4 13 -7 -8 -9 9 -11 11 -13 -14 -15 -16 -17 17 -19 -20
leaf_value=-0.0012738421314267994 -0.00077522044185172315 0.013023386458339899 0.03122640708017917 -0.0027653161022398211 -0.00049544876326599392 0.020446053883504303 0.016536069897313915 -0.0024998520456609272 0.01578486157315118 0.018667228850112721 -0.00078815698454325848 -0.0019910602082668896 0.016603532137179917 0.0089888774390731539 -0.0015464627589934913 0.012868905253708363 0.015587899434779371 0.0013415775236648483 0.0066700487820939586
leaf_weight=2569 89 23 21 27 422 21 30 21 28 22 22 71 22 28 117 22 21 37 66
leaf_count=2569 89 23 21 27 422 21 30 21 28 22 22 71 22 28 117 22 21 37 66
internal_value=0 0.00525325 0.014725 -0.000777199 0.00148499 0.00697304 0.022585 0.00561457 0.00325809 0.00641956 0.00453531 0.00179629 0.00790769 9.46871e-05 0.00143416 0.00349767 0.00209517 0.00649973 0.00393075
internal_weight=0 546 95 3133 564 114 51 44 451 165 143 115 44 450 286 169 147 58 93
internal_count=3679 546 95 3133 564 114 51 44 451 165 143 115 44 450 286 169 147 58 93
is_linear=0
shrinkage=0.05


Tree=4
num_leaves=20
num_cat=0
split_feature=1 15 1 1 1 6 19 15 3 3 4 3 6 3 3 22 3 3 14
split_gain=6.14903 3.01164 2.4881 1.98208 1.59547 1.38968 1.51693 1.39718 1.05366 1.34043 1.01555 0.721608 0.532572 1.35274 0.494472 0.81763 0.828198 0.612472 0.593646
threshold=0.00029888057667890782 2.9150000000000005 0.00038902402540016425 0.000431001232881904 8.4653776542144366e-05 5.9999999999999174 0.0011129607173459013 2.1650000000000005 3.8800000000000003 5.5750000000000011 0.99999999999999545 1.5450000000000002 6.9999999999999627 1.1150000000000004 1.7850000000000004 -0.0011111580480900882 2.4750000000000005 3.1250000000000004 -0.16499999999999995
decision_type=2 2 2 2 2 2 2 2 2 2 2 2 2 2 2 2 2 2 2
left_child=4 3 -3 5 -1 6 7 -2 -5 -10 -4 12 -6 -14 18 16 -16 -17 -13
right_child=1 2 10 8 11 -7 -8 -9 9 -11 -12 14 13 -15 15 17 -18 -19 -20
leaf_value=-0.0014843066930885441 0.023094790130853655 0.002200228363275528 0.030239966679364447 -0.002817429138310984 -0.00090428704330806128 -0.00020434497432275254 0.0041791393732031187 0.0065283478703349832 0.016101811518892645 0.00031298812387920008 0.015788564470506482 -0.0015431750648551518 0.014695697156712413 -0.0006471439611678031 0.013600777741521597 -0.00045817282226277194 -0.00017585027031600476 0.006469271880175387 0.0047987425181923848
leaf_weight=1951 35 25 20 102 601 33 39 20 20 41 31 45 20 51 24 361 20 35 205
leaf_count=1951 35 25 20 102 601 33 39 20 20 41 31 45 20 51 24 361 20 35 205
internal_value=0 0.00626194 0.0151217 0.00394006 -0.000567529 0.00862305 0.011722 0.0170706 0.000291356 0.00548965 0.0214558 0.000745711 -0.000420486 0.00367478 0.00188149 0.000872559 0.00733867 0.000154101 0.0036572
internal_weight=0 366 76 290 3313 127 94 55 163 61 51 1362 672 71 690 440 44 396 250
internal_count=3679 366 76 290 3313 127 94 55 163 61 51 1362 672 71 690 440 44 396 250
is_linear=0
shrinkage=0.05


Tree=5
num_leaves=20
num_cat=0
split_feature=3 1 3 1 14 5 3 1 1 5 0 5 1 14 2 17 16 18 2
split_gain=4.46359 1.82665 1.74547 1.27265 1.31992 0.626868 0.963893 0.752195 0.645729 1.50302 1.78502 0.870915 0.917765 0.837746 0.815701 0.78493 0.704351 0.628991 0.615584
threshold=4.4350000000000014 8.4653776542144366e-05 5.9650000000000007 0.00092014798587458418 1.925 6.6550000000000011 2.4950000000000006 0.00010257529705095438 0.00029160087980803414 8.8850000000000033 0.00040928595257693927 8.1750000000000025 0.00021466042783522971 1.2350000000000001 0.00014272775835659257 -1.0000000180025095e-35 1.0000000180025095e-35 -0.066168937590066965 0.00047795047566142907
decision_type=2 2 2 2 2 2 2 2 2 2 2 2 2 2 2 2 2 2 2
left_child=1 -1 3 4 -2 18 7 -7 11 17 -11 12 13 16 -15 -16 -9 -10 -3
right_child=2 5 -4 -5 -6 6 -8 8 9 10 -12 -13 -14 14 15 -17 -18 -19 -20
leaf_value=-0.0014142641286123707 0.01843811438884586 -0.0002499452002621845 0.00016354990502198539 0.024538505204360597 0.0020221502706408499 0.0096576825261880193 -0.0012757303929850881 0.0046844548135995872 0.0091567257605493068 0.023226494475134783 0.004787316093487399 -0.0018062946683578733 -0.0023413363445018019 -0.0010907059098826722 0.00091042847904775819 0.012373657908756287 0.016676327725872398 -0.00086643963069137596 0.0074130721459234206
leaf_weight=1959 24 893 30 22 25 39 177 25 20 21 35 138 56 64 28 32 24 72 27
leaf_count=1959 24 893 30 22 25 39 177 25 20 21 35 138 56 64 28 32 24 72 27
internal_value=0 -0.000381739 0.0102755 0.0145481 0.0100626 0.000843407 0.00193641 0.00296267 0.00245566 0.00524367 0.011702 0.00133134 0.00322215 0.00502305 0.00283584 0.00702415 0.010558 0.00131251 -2.50523e-05
internal_weight=0 3610 101 71 49 1651 731 554 515 148 56 367 229 173 124 60 49 92 920
internal_count=3711 3610 101 71 49 1651 731 554 515 148 56 367 229 173 124 60 49 92 920
is_linear=0
shrinkage=0.05


Tree=6
num_leaves=20
num_cat=0
split_feature=3 1 3 19 0 5 3 1 1 5 0 5 1 14 2 14 18 2 14
split_gain=4.02839 1.64855 1.57528 1.1503 0.662045 0.565748 0.869913 0.678856 0.582771 1.35647 1.61098 0.786001 0.828283 0.756066 0.746486 0.70989 0.567664 0.555564 0.516246
threshold=4.4350000000000014 8.4653776542144366e-05 5.9650000000000007 0.0045328490245939443 0.0007214066849551274 6.6550000000000011 2.4950000000000006 0.00010257529705095438 0.00029160087980803414 8.8850000000000033 0.00040928595257693927 8.1750000000000025 0.00021466042783522971 1.2350000000000001 0.0001697251663729839 1.155 -0.066168937590066965 0.00047795047566142907 -0.12499999999999999
decision_type=2 2 2 2 2 2 2 2 2 2 2 2 2 2 2 2 2 2 2
left_child=1 18 3 4 -2 17 7 -7 11 16 -11 12 13 15 -15 -9 -10 -3 -1
right_child=2 5 -4 -5 -6 6 -8 8 9 10 -12 -13 -14 14 -16 -17 -18 -19 -20
leaf_value=0.0029696936927624605 0.01284531056880951 -0.00023744797974424426 0.00015537240232030552 0.0040004605161292218 0.024435975978320298 0.0091747984146842588 -0.0012119437499487468 0.0038878110315029822 0.0086988895665854223 0.022065170322145736 0.0045479503965803556 -0.0017159799518792528 -0.002224269525946251 0.00016409933310130548 0.0086428389305601254 0.01592674408853054 -0.00082311770723511785 0.0070424182961384462 -0.0014962927620448411
leaf_weight=67 28 893 30 21 22 39 177 24 20 21 35 138 56 87 37 25 72 27 1892
leaf_count=67 28 893 30 21 22 39 177 24 20 21 35 138 56 87 37 25 72 27 1892
internal_value=0 -0.000362652 0.00976169 0.0138207 0.0179452 0.000801236 0.00183959 0.00281453 0.00233288 0.00498149 0.0111169 0.00126478 0.00306104 0.00477189 0.00269405 0.0100301 0.00124688 -2.37997e-05 -0.00134355
internal_weight=0 3610 101 71 50 1651 731 554 515 148 56 367 229 173 124 49 92 920 1959
internal_count=3711 3610 101 71 50 1651 731 554 515 148 56 367 229 173 124 49 92 920 1959
is_linear=0
shrinkage=0.05


Tree=7
num_leaves=20
num_cat=0
split_feature=3 1 3 10 12 5 15 1 15 19 15 15 6 7 19 21 2 14 3
split_gain=3.63562 1.48782 1.42169 1.10278 0.941716 0.510588 0.819193 1.00541 0.88964 0.958137 1.94872 0.601135 0.664819 1.15896 0.842176 0.692727 0.501397 0.465912 0.464598
threshold=4.4350000000000014 8.4653776542144366e-05 5.9650000000000007 3.9999999999999707 -1.9999999999999989 6.6550000000000011 3.1950000000000007 0.00010257529705095438 2.8550000000000004 -0.0018171273898648364 3.0550000000000002 2.3050000000000002 8.2500000000000036 -0.021156028708898874 -0.0033345013548539688 -0.0036093337959557932 0.00047795047566142907 -0.12499999999999999 1.675
decision_type=2 2 2 2 2 2 2 2 2 2 2 2 2 2 2 2 2 2 2
left_child=1 17 3 4 -2 16 7 -7 11 -10 -11 12 13 -9 15 -15 -3 18 -1
right_child=2 5 -4 -5 -6 6 -8 8 9 10 -12 -13 -14 14 -16 -17 -18 -19 -20
leaf_value=0.006241973941214383 0.011396778151392936 -0.0002255755834373221 0.00014760385577877364 0.0049317379983571863 0.025953084388747813 0.010890264929655721 -0.0017853574438103988 0.012605274072848262 -0.00057143930602690269 0.019571704173396376 0.00072044626308175237 -0.0012170418806954058 -0.0017915176573608605 0.013939978271722796 0.00062048242660239349 0.0021694507673382757 0.0066902975586277461 -0.0014214781214370851 -0.0022465912625193596
leaf_weight=40 25 893 30 26 20 34 134 32 29 29 26 167 70 25 160 25 27 1892 27
leaf_count=40 25 893 30 26 20 34 134 32 29 29 26 167 70 25 160 25 27 1892 27
internal_value=0 -0.00034452 0.00927361 0.0131297 0.0178662 0.000761174 0.00174761 0.0025406 0.00203636 0.00678261 0.0106602 0.00120403 0.00249992 0.00374125 0.00239054 0.00805471 -2.26097e-05 -0.00127637 0.00282121
internal_weight=0 3610 101 71 45 1651 731 597 563 84 55 479 312 242 210 50 920 1959 67
internal_count=3711 3610 101 71 45 1651 731 597 563 84 55 479 312 242 210 50 920 1959 67
is_linear=0
shrinkage=0.05


Tree=8
num_leaves=20
num_cat=0
split_feature=3 1 3 1 15 2 5 14 1 18 5 4 6 1 0 9 0 14 3
split_gain=3.28115 1.34276 1.28308 1.11002 1.31873 0.478838 0.516954 0.76133 1.91957 0.542882 0.530921 0.660381 0.47527 0.45822 1.199 0.556958 0.515224 0.433737 0.367042
threshold=4.4350000000000014 8.4653776542144366e-05 5.9650000000000007 0.00092014798587458418 2.6125000000000003 0.00067078586548043279 6.6550000000000011 1.2350000000000001 0.00012382522305140774 0.049000627728478914 8.0550000000000015 0.50000000000000611 16.500000000000007 0.0003279741401299276 0.00026367051340273295 -0.99999999999999523 0.00049487991414371259 -0.26499999999999996 0.56500000000000006
decision_type=2 2 2 2 2 2 2 2 2 2 2 2 2 2 2 2 2 2 2
left_child=1 17 3 4 -2 6 12 8 -8 10 11 -10 -3 -9 -15 -16 -17 -1 -19
right_child=2 5 -4 -5 -6 -7 7 13 9 -11 -12 -13 -14 14 15 16 -18 18 -20
leaf_value=0.0052024276640552751 0.017005220557684483 -0.00040441268802841917 0.00014022362108031909 0.021803426268425855 0.00056925267697526861 0.0067798572476021951 0.015873133078698191 7.4378440689353362e-05 0.010510747376829386 0.0077914466696052719 -0.0038814295041892269 -0.0020427778871221977 0.0057076292394688637 0.012825642767603751 -0.0040974911940949302 -0.0015913405233905428 0.0089384707264029053 0.0054395266249775889 -0.001369288317777384
leaf_weight=26 23 879 30 22 26 32 31 451 20 29 45 22 33 27 35 21 26 20 1913
leaf_count=26 23 879 30 22 26 32 31 451 20 29 45 22 33 27 35 21 26 20 1913
internal_value=0 -0.000327294 0.00880993 0.0124732 0.00828409 0.000723116 0.000603402 0.00161815 0.0048206 0.00186691 -0.000107937 0.00393509 -0.000183253 0.000777512 0.00368681 0.000677682 0.00423366 -0.00121255 -0.00129884
internal_weight=0 3610 101 71 49 1651 1619 707 147 116 87 42 912 560 109 82 47 1959 1933
internal_count=3711 3610 101 71 49 1651 1619 707 147 116 87 42 912 560 109 82 47 1959 1933
is_linear=0
shrinkage=0.05


Tree=9
num_leaves=20
num_cat=0
split_feature=3 1 3 1 15 2 3 7 6 20 6 10 11 21 14 14 12 20 14
split_gain=2.96124 1.21184 1.15798 1.00179 1.19015 0.432151 0.485902 0.742306 1.01153 0.8907 0.988729 1.46603 0.766933 0.733271 0.733051 0.684942 0.83364 0.636174 0.806083
threshold=4.4350000000000014 8.4653776542144366e-05 5.9650000000000007 0.00092014798587458418 2.6125000000000003 0.00067078586548043279 1.5450000000000002 0.0039619371488682784 8.2500000000000036 -0.0046966431111181142 4.0000000000000488 -2.0000000000000235 -2.9999999999999578 -0.006112972902240831 2.1550000000000007 0.45500000000000007 0.75000000000000633 -0.001103864633960616 1.8150000000000002
decision_type=2 2 2 2 2 2 2 2 2 2 2 2 2 2 2 2 2 2 2
left_child=1 -1 3 4 -2 6 -3 8 9 -8 12 -12 -11 -14 15 -15 17 -17 -19
right_child=2 5 -4 -5 -6 -7 7 -9 -10 10 11 -13 13 14 -16 16 -18 18 -20
leaf_value=-0.0011519270210758408 0.016154959247164105 -0.00039346757837042896 0.0001332124633093675 0.020713255385106263 0.00054078999047095966 0.0064408642821945257 -0.001198050497125273 -0.0003251892194308321 -0.0014612062215930274 -0.0014486914925407946 0.018142639328875849 0.0010325454264169648 0.012325474110742411 -0.000692380135578494 -0.0012053614737940772 0.003325503929094835 0.00040019157874797076 0.0083471439778804776 0.020779984283515001
leaf_weight=1959 23 721 30 22 26 32 73 381 119 57 31 21 30 31 51 22 28 32 22
leaf_count=1959 23 721 30 22 26 32 73 381 119 57 31 21 30 31 51 22 28 32 22
internal_value=0 -0.000310929 0.00836943 0.0118495 0.00786989 0.00068696 0.000573232 0.00134939 0.00258346 0.0037928 0.00491382 0.0112328 0.00371021 0.00507158 0.0039016 0.0058309 0.00777533 0.0104925 0.0134124
internal_weight=0 3610 101 71 49 1651 1619 898 517 398 325 52 273 216 186 135 104 76 54
internal_count=3711 3610 101 71 49 1651 1619 898 517 398 325 52 273 216 186 135 104 76 54
is_linear=0
shrinkage=0.05


end of trees

feature_importances:
f_1=32
f_3=32
f_14=17
f_5=15
f_15=15
f_2=12
f_21=11
f_0=8
f_6=8
f_7=6
f_19=5
f_13=4
f_18=4
f_10=3
f_16=3
f_20=3
f_4=2
f_8=2
f_9=2
f_11=2
f_12=2
f_17=1
f_22=1

parameters:
[boosting: gbdt]
[objective: regression]
[metric: binary_logloss]
[tree_learner: serial]
[device_type: cpu]
[data: ]
[valid: ]
[num_iterations: 10]
[learning_rate: 0.05]
[num_leaves: 20]
[num_threads: 0]
[deterministic: 0]
[force_col_wise: 0]
[force_row_wise: 0]
[histogram_pool_size: -1]
[max_depth: -1]
[min_data_in_leaf: 20]
[min_sum_hessian_in_leaf: 0.001]
[bagging_fraction: 0.7]
[pos_bagging_fraction: 1]
[neg_bagging_fraction: 1]
[bagging_freq: 5]
[bagging_seed: 3]
[feature_fraction: 0.9]
[feature_fraction_bynode: 1]
[feature_fraction_seed: 2]
[extra_trees: 0]
[extra_seed: 6]
[early_stopping_round: 0]
[first_metric_only: 0]
[max_delta_step: 0]
[lambda_l1: 0]
[lambda_l2: 0]
[linear_lambda: 0]
[min_gain_to_split: 0]
[drop_rate: 0.1]
[max_drop: 50]
[skip_drop: 0.5]
[xgboost_dart_mode: 0]
[uniform_drop: 0]
[drop_seed: 4]
[top_rate: 0.2]
[other_rate: 0.1]
[min_data_per_group: 100]
[max_cat_threshold: 32]
[cat_l2: 10]
[cat_smooth: 10]
[max_cat_to_onehot: 4]
[top_k: 20]
[monotone_constraints: ]
[monotone_constraints_method: basic]
[monotone_penalty: 0]
[feature_contri: ]
[forcedsplits_filename: ]
[refit_decay_rate: 0.9]
[cegb_tradeoff: 1]
[cegb_penalty_split: 0]
[cegb_penalty_feature_lazy: ]
[cegb_penalty_feature_coupled: ]
[path_smooth: 0]
[interaction_constraints: ]
[verbosity: 0]
[saved_feature_importance_type: 0]
[linear_tree: 0]
[max_bin: 255]
[max_bin_by_feature: ]
[min_data_in_bin: 3]
[bin_construct_sample_cnt: 200000]
[data_random_seed: 1]
[is_enable_sparse: 1]
[enable_bundle: 1]
[use_missing: 1]
[zero_as_missing: 0]
[feature_pre_filter: 1]
[pre_partition: 0]
[two_round: 0]
[header: 0]
[label_column: ]
[weight_column: ]
[group_column: ]
[ignore_column: ]
[categorical_feature: ]
[forcedbins_filename: ]
[precise_float_parser: 0]
[objective_seed: 5]
[num_class: 1]
[is_unbalance: 0]
[scale_pos_weight: 1]
[sigmoid: 1]
[boost_from_average: 1]
[reg_sqrt: 0]
[alpha: 0.9]
[fair_c: 1]
[poisson_max_delta_step: 0.7]
[tweedie_variance_power: 1.5]
[lambdarank_truncation_level: 30]
[lambdarank_norm: 1]
[label_gain: ]
[eval_at: ]
[multi_error_top_k: 1]
[auc_mu_weights: ]
[num_machines: 1]
[local_listen_port: 12400]
[time_out: 120]
[machine_list_filename: ]
[machines: ]
[gpu_platform_id: -1]
[gpu_device_id: -1]
[gpu_use_dp: 0]
[num_gpu: 1]

end of parameters

pandas_categorical:[]
