tree
version=v3
num_class=1
num_tree_per_iteration=1
label_index=0
max_feature_idx=22
objective=regression
feature_names=f_0 f_1 f_2 f_3 f_4 f_5 f_6 f_7 f_8 f_9 f_10 f_11 f_12 f_13 f_14 f_15 f_16 f_17 f_18 f_19 f_20 f_21 f_22
feature_infos=[3.5138360446667107e-07:0.0066553821535006137] [2.5600331918768856e-06:0.0039732576088439284] [9.2225614268401974e-06:0.0029579505118275174] [0.53000000000000003:6.5599999999999996] [-33.000000000000007:46] [2.4100000000000001:21.82] [-101.00000000000016:144.99999999999994] [-0.15710919088766695:0.17837578087457961] [-81:74] [-46:33.999999999999986] [-51.000000000000021:33.999999999999986] [-33.000000000000007:27.999999999999979] [-41:96.000000000000014] [-36.000000000000007:32.999999999999986] [-0.52000000000000002:2.9100000000000001] [-0.94999999999999996:3.8500000000000001] [-52:73.999999999999972] [-28.000000000000004:24.000000000000004] [-0.29572649572649579:0.64215246636771273] [-0.02958455728073861:0.047292143401983289] [-0.054746473503621829:0.033993115318416534] [-0.039377561323276189:0.045346674363414774] [-0.019984292877423981:0.018327052533256172]
tree_sizes=1794 1872 1871 1892 1874 1860 1871 1869 1878 1902 1866 1896 1912 1876 1909 1879 1882 1903 1898 1892

Tree=0
num_leaves=20
num_cat=0
split_feature=1 3 1 3 14 6 3 15 18 3 21 22 9 11 14 15 12 10 9
split_gain=12.4941 4.75446 2.31081 3.92233 1.51292 1.89628 3.21429 2.22706 1.48125 1.39697 1.24988 1.13499 1.05202 1.65247 1.44473 1.39936 1.39277 1.98216 1.18961
threshold=8.5935968161977044e-05 1.4850000000000001 0.0010567632396975984 5.9200000000000008 0.31500000000000006 6.9999999999999627 1.1650000000000003 1.1650000000000003 -0.051442525367376472 0.56500000000000006 -0.0023088980694708767 2.4162906315239322e-05 0.49999999999999495 2.9999999999999587 2.1350000000000002 2.5650000000000004 1.9999999999999896 3.0000000000000142 2.7499999999999862
decision_type=2 2 2 2 2 2 2 2 2 2 2 2 2 2 2 2 2 2 2
left_child=9 4 8 -4 5 7 -7 -2 10 -1 11 -3 -10 16 15 -15 17 18 -14
right_child=1 2 3 -5 -6 6 -8 -9 12 -11 -12 -13 13 14 -16 -17 -18 -19 -20
leaf_value=0.11418733127835852 0.10418026898234903 0.10705080634932099 0.13502066492213272 0.10612573695533285 0.101687331092094 0.13055637914132395 0.10377066445647143 0.12103256947559862 0.10915031166958968 0.10204992979300007 0.10312512454074885 0.12103256947559862 0.11423814428724578 0.10983127060738755 0.10363625585231805 0.12218464322548475 0.12738177591941552 0.12460399810024562 0.099603997727716595
leaf_weight=24 295 47 24 23 264 21 24 21 529 1942 142 21 41 88 62 31 27 32 21
leaf_count=24 295 47 24 23 264 21 24 21 529 1942 142 21 41 88 62 31 27 32 21
internal_value=0.104846 0.108039 0.110036 0.120881 0.104564 0.106668 0.116271 0.1053 0.109546 0.102198 0.105794 0.111369 0.110494 0.112849 0.109825 0.113049 0.117373 0.114498 0.109281
internal_weight=0 1713 1088 47 625 361 45 316 1041 1966 210 68 831 302 181 119 121 94 62
internal_count=3679 1713 1088 47 625 361 45 316 1041 1966 210 68 831 302 181 119 121 94 62
is_linear=0
shrinkage=1


Tree=1
num_leaves=20
num_cat=0
split_feature=5 0 1 3 1 1 1 1 0 14 2 16 2 0 3 3 8 0 5
split_gain=11.2852 3.42138 2.21306 3.53991 2.15848 1.91148 1.56988 1.48174 2.10501 1.48917 2.59623 3.27621 1.62507 1.90786 2.70549 1.49168 1.18377 1.183 1.12939
threshold=6.5250000000000012 6.4293806717573889e-05 0.0010567632396975984 5.9200000000000008 0.00026710277035244093 6.1761306131628911e-05 0.00053623892310966626 0.00044428057153355255 0.00052761230083392364 1.2350000000000001 0.00015863812416232217 1.0000000000000122 0.00028325790669639909 0.00029294299535326018 2.4450000000000007 3.1250000000000004 -3.0000000000000133 0.00010925982477638226 5.7250000000000005
decision_type=2 2 2 2 2 2 2 2 2 2 2 2 2 2 2 2 2 2 2
left_child=1 -1 5 -4 16 -2 18 8 9 10 11 -7 15 14 -14 -11 17 -3 -6
right_child=2 4 3 -5 6 7 -8 -9 -10 12 -12 -13 13 -15 -16 -17 -18 -19 -20
leaf_value=-0.0030445697881719648 -0.0037136077259977661 0.011392174093496233 0.028665633220225573 0.0012154525388842043 0.00741837991135461 0.007810450436652832 -0.0016376905005287242 -0.00077365793568908055 0.019517963594542102 0.0016530206551748602 0.0025635802994171779 0.028273809821374958 0.022459025862740307 0.0003735223828360092 0.0042948512860187674 0.012695086431322675 -0.0006942433964141284 0.00085983842815438361 0.021875603005967359
leaf_weight=1632 72 42 24 23 35 53 27 106 26 418 75 31 41 43 41 33 862 73 22
leaf_count=1632 72 42 24 23 35 53 27 106 26 418 75 31 41 43 41 33 862 73 22
internal_value=0 -0.00160759 0.00464462 0.0152326 0.000602724 0.00411465 0.00829392 0.00476475 0.0055362 0.00504161 0.00932522 0.0153624 0.00385915 0.00890376 0.0133769 0.00246098 -5.85448e-05 0.00470643 0.0129984
internal_weight=0 2693 986 47 1061 939 84 867 761 735 159 84 576 125 82 451 977 115 57
internal_count=3679 2693 986 47 1061 939 84 867 761 735 159 84 576 125 82 451 977 115 57
is_linear=0
shrinkage=0.05


Tree=2
num_leaves=20
num_cat=0
split_feature=1 3 15 2 3 2 5 14 2 16 3 3 3 3 14 6 3 15 5
split_gain=10.2884 3.93925 2.05406 5.38352 3.08682 1.94734 1.89098 1.35776 2.37363 4.08388 1.98988 1.40111 1.80996 2.97486 1.34316 1.68962 2.92619 1.98502 1.30631
threshold=8.5935968161977044e-05 1.4850000000000001 2.8950000000000005 0.00022932187716886209 2.0450000000000004 0.00072509667545322032 2.5750000000000006 1.2350000000000001 0.00015136415005260825 1.0000000000000122 2.1950000000000007 2.5550000000000002 3.1250000000000004 5.2700000000000005 0.31500000000000006 6.9999999999999627 1.1650000000000003 1.1650000000000003 5.0550000000000006
decision_type=2 2 2 2 2 2 2 2 2 2 2 2 2 2 2 2 2 2 2
left_child=6 14 7 -4 -5 -6 -1 8 9 -3 -9 -12 -13 -14 15 17 -17 -2 -8
right_child=1 2 3 4 5 -7 18 10 -10 -11 11 12 13 -15 -16 16 -18 -19 -20
leaf_value=0.0091145702770778127 -0.00063223520199121063 0.0051957006687703344 0.0039361016415059569 0.036197261121124029 0.0057881672041756767 0.023478990859751192 -0.0033778483172777307 -0.001152239042119338 0.0024752768312955834 0.026164068611604831 0.0092216668732925857 -0.0027990004764153406 0.023173068633133717 0.0017261031465452227 -0.0029767225623469461 0.024410991548072726 -0.0011461636982858182 0.015277936362794467 -0.00040322264180456848
leaf_weight=35 295 69 200 20 35 28 1434 260 154 35 113 91 22 61 264 21 24 21 497
leaf_count=35 295 69 200 20 35 28 1434 260 154 35 113 91 22 61 264 21 24 21 497
internal_value=0 0.00289729 0.00471458 0.00837867 0.0190836 0.0136508 -0.00240347 0.00342645 0.00641643 0.0122524 0.00201619 0.00488655 0.00207121 0.00741084 -0.000266247 0.00171593 0.0107805 0.000425086 -0.00261224
internal_weight=0 1713 1088 283 83 63 1966 805 258 104 547 287 174 83 625 361 45 316 1931
internal_count=3679 1713 1088 283 83 63 1966 805 258 104 547 287 174 83 625 361 45 316 1931
is_linear=0
shrinkage=0.05


Tree=3
num_leaves=20
num_cat=0
split_feature=1 5 1 5 1 3 1 0 19 14 2 16 6 5 19 1 5 1 15
split_gain=9.28527 3.56138 1.90189 1.70661 1.48117 3.14378 1.50087 1.71594 1.50074 1.88197 2.29579 2.14357 1.47312 2.47138 1.37698 1.35461 1.17895 1.06488 0.901888
threshold=8.5935968161977044e-05 6.5250000000000012 0.00026710277035244093 2.5750000000000006 0.0010567632396975984 5.9200000000000008 0.00044428057153355255 0.00052761230083392364 0.0065473339867291322 1.2350000000000001 0.00015863812416232217 1.0000000000000122 6.9999999999999627 4.7550000000000008 -0.0022514071294559286 0.00044428057153355255 5.0550000000000006 3.7838225880678947e-05 2.8750000000000004
decision_type=2 2 2 2 2 2 2 2 2 2 2 2 2 2 2 2 2 2 2
left_child=3 2 12 -1 6 -6 7 8 9 10 11 -3 -2 -14 -4 -16 -5 -18 -11
right_child=1 4 14 16 5 -7 -8 -9 -10 18 -12 -13 13 -15 15 -17 17 -19 -20
leaf_value=0.0086588418377297263 -0.0010685450063561495 0.010115935582969641 0.017515169680118563 -0.0032089559366534279 0.026369661930948498 0.00050090797569440763 -0.00096173110716747797 0.018031072616577149 -0.00095053641225702028 0.002643417151604625 0.0043189121161897976 0.028644702059251292 0.017710790333562886 0.00052272788683573404 0.010010106938288493 -0.0053217380940914156 -0.0045079783794759699 0.00091552334054121904 0.0073368719146575459
leaf_weight=35 689 37 25 1434 24 23 106 26 93 278 60 27 29 75 34 25 119 378 162
leaf_count=35 689 37 25 1434 24 23 106 26 93 278 60 27 29 75 34 25 119 378 162
internal_value=0 0.00275242 0.000526533 -0.0022833 0.00508748 0.0137105 0.00457381 0.00543292 0.00493436 0.00590474 0.0113454 0.0179328 -0.000231286 0.00531555 0.00768071 0.00351356 -0.00248163 -0.000383062 0.00437146
internal_weight=0 1713 877 1966 836 47 789 683 657 564 124 64 793 104 84 59 1931 497 440
internal_count=3679 1713 877 1966 836 47 789 683 657 564 124 64 793 104 84 59 1931 497 440
is_linear=0
shrinkage=0.05


Tree=4
num_leaves=20
num_cat=0
split_feature=1 3 15 2 3 21 22 3 1 14 6 17 15 3 14 2 16 3 3
split_gain=8.37996 3.28637 1.74793 4.71065 2.77321 1.77932 1.52386 1.321 3.40079 1.2018 1.40438 2.66103 1.76431 1.16743 1.10178 1.96982 3.37145 1.76425 1.2484
threshold=8.5935968161977044e-05 1.4850000000000001 2.8950000000000005 0.00022932187716886209 2.0450000000000004 0.0051427030701910468 -2.9269934668896266e-05 1.8650000000000004 0.00015078858974383773 0.31500000000000006 6.9999999999999627 -0.99999999999999967 1.1650000000000003 0.56500000000000006 1.2350000000000001 0.00015136415005260825 1.0000000000000122 2.1950000000000007 2.5550000000000002
decision_type=2 2 2 2 2 2 2 2 2 2 2 2 2 2 2 2 2 2 2
left_child=13 9 14 7 -5 6 -6 8 -4 10 12 -12 -2 -1 15 16 -3 -16 -19
right_child=1 2 3 4 5 -7 -8 -9 -10 -11 11 -13 -14 -15 17 -17 -18 18 -20
leaf_value=0.0087909319282819826 -0.00057339267205383819 0.0046845531064099158 0.0011713671187559764 0.033889393731951711 0.027984531223773958 0.00063545459083148414 0.0089366227920566286 -0.00081610111321540597 0.020358380193219467 -0.0028385908060678932 -0.0020270982676226161 0.022296392054043032 0.014426217512005853 -0.0023045826116317824 -0.00116736670382894 0.0021895305289850605 0.023736382116164481 0.0086107990910521664 0.0018612660724541237
leaf_weight=24 295 69 72 20 21 21 21 94 34 264 23 22 21 1942 260 154 35 113 174
leaf_count=24 295 69 72 20 21 21 21 94 34 264 23 22 21 1942 260 154 35 113 174
internal_value=0 0.0026148 0.00427468 0.00765472 0.0176684 0.0125189 0.0184606 0.00349905 0.00732569 -0.000274705 0.00160027 0.00986439 0.000423417 -0.00216913 0.00308641 0.00577983 0.0110962 0.00181602 0.00451875
internal_weight=0 1713 1088 283 83 63 42 200 106 625 361 45 316 1966 805 258 104 547 287
internal_count=3679 1713 1088 283 83 63 42 200 106 625 361 45 316 1966 805 258 104 547 287
is_linear=0
shrinkage=0.05


Tree=5
num_leaves=20
num_cat=0
split_feature=5 3 3 1 5 3 2 4 10 16 8 8 1 19 3 2 5 14 11
split_gain=7.31617 3.4734 2.62585 1.5403 1.31819 1.80531 1.64701 1.34569 1.25639 1.56202 1.04578 1.04495 2.13516 1.83431 1.15432 1.27146 1.8748 1.56884 1.17357
threshold=4.8150000000000004 4.4350000000000014 5.9650000000000007 3.5433882037386114e-05 2.5950000000000002 0.8650000000000001 7.7690597854830742e-05 2.9999999999999862 3.9999999999999707 -4.2499999999999973 6.5000000000000178 -3.9999999999999898 0.00015980107118617043 0.00050045105084073349 1.4650000000000001 0.00022932187716886209 6.9350000000000014 1.4650000000000001 -2.9999999999999578
decision_type=2 2 2 2 2 2 2 2 2 2 2 2 2 2 2 2 2 2 2
left_child=4 3 8 -2 5 6 -1 -6 9 -3 11 12 13 -5 -13 -16 17 -17 -18
right_child=1 2 -4 10 7 -7 -8 -9 -10 -11 -12 14 -14 -15 15 16 18 -19 -20
leaf_value=0.021509862262755634 -0.0037392561386028929 0.011600256728984062 -0.0011399073898792267 0.0029378672263451985 -0.0026388703044773875 -0.005409409878430544 0.0014612115032616117 0.0086106181558635499 0.0077529309030908815 0.030272819598515827 0.0093221864682071064 -0.001500875214324858 0.0011068624352999763 0.019803704311581037 0.0012009454744585446 0.0067393612232990565 -0.0017692660751902026 0.02459072779864073 0.0056017627824603775
leaf_weight=20 120 21 30 28 1725 27 21 27 26 24 49 266 102 38 890 32 81 20 162
leaf_count=20 120 21 30 28 1725 27 21 27 26 24 49 266 102 38 890 32 81 20 162
internal_value=0 0.0022417 0.0112627 0.00173212 -0.0022004 0.00462983 0.011241 -0.0024655 0.0165032 0.021559 0.00212575 0.00190794 0.00564108 0.0126485 0.00147571 0.00214387 0.00498864 0.0136053 0.00314475
internal_weight=0 1889 101 1788 1820 68 41 1752 71 45 1668 1619 168 66 1451 1185 295 52 243
internal_count=3709 1889 101 1788 1820 68 41 1752 71 45 1668 1619 168 66 1451 1185 295 52 243
is_linear=0
shrinkage=0.05


Tree=6
num_leaves=20
num_cat=0
split_feature=5 3 3 1 5 3 2 4 20 8 8 3 5 1 6 2 15 2 14
split_gain=6.60284 3.13474 2.36983 1.39012 1.18967 1.62929 1.48642 1.21448 1.07758 1.17352 1.21282 1.91606 2.07901 1.18858 1.04535 1.16457 2.54866 1.45854 1.02971
threshold=4.8150000000000004 4.4350000000000014 5.9650000000000007 3.5433882037386114e-05 2.5950000000000002 0.8650000000000001 7.7690597854830742e-05 2.9999999999999862 -0.014146926970053595 6.5000000000000178 -3.9999999999999898 1.6950000000000001 5.6850000000000014 0.00012947058760590381 8.2500000000000036 0.00022932187716886209 2.8750000000000004 0.00030918375089693657 1.8650000000000004
decision_type=2 2 2 2 2 2 2 2 2 2 2 2 2 2 2 2 2 2 2
left_child=4 3 18 -2 5 6 -1 -6 -5 10 11 12 -10 -13 15 -12 -17 -18 -3
right_child=1 2 -4 8 7 -7 -8 -9 9 -11 14 13 -14 -15 -16 16 17 -19 -20
leaf_value=0.020434369202703237 -0.0035522933738927048 0.025293497946113349 -0.0010829119508465131 -0.0058879055792377113 -0.0025069268352311594 -0.0051389393431169016 0.0013881509325334006 0.008180087390873168 0.0043425490015319415 0.010185571759939194 0.0012688138725511003 0.013110128585249188 0.023977494913224991 -0.00046827688992741599 -0.0018536588101058593 0.0029476545240103673 0.026187878753989938 0.0070924376510083688 0.011907310732731633
leaf_weight=20 120 20 30 42 1725 27 21 27 28 45 962 20 26 83 196 226 20 20 51
leaf_count=20 120 20 30 42 1725 27 21 27 28 45 962 20 26 83 196 226 20 20 51
internal_value=0 0.00212961 0.0106996 0.00164552 -0.00209038 0.00439834 0.010679 -0.00234223 0.00201946 0.00222371 0.00199709 0.00616778 0.0137964 0.00216831 0.00153726 0.00207848 0.00500668 0.0166402 0.0156781
internal_weight=0 1889 101 1788 1820 68 41 1752 1668 1626 1581 157 54 103 1424 1228 266 40 71
internal_count=3709 1889 101 1788 1820 68 41 1752 1668 1626 1581 157 54 103 1424 1228 266 40 71
is_linear=0
shrinkage=0.05


Tree=7
num_leaves=20
num_cat=0
split_feature=5 3 3 1 10 13 5 3 2 4 20 8 8 3 5 1 3 2 15
split_gain=5.95906 2.82911 2.13877 1.25459 1.11763 1.21951 1.07367 1.47043 1.3415 1.09607 0.972513 1.0591 1.09457 1.72924 1.87631 1.07269 0.973215 1.03322 2.35765
threshold=4.8150000000000004 4.4350000000000014 5.9650000000000007 3.5433882037386114e-05 3.9999999999999707 -2.7499999999999964 2.5950000000000002 0.8650000000000001 7.7690597854830742e-05 2.9999999999999862 -0.014146926970053595 6.5000000000000178 -3.9999999999999898 1.6950000000000001 5.6850000000000014 0.00012947058760590381 1.4650000000000001 0.00022932187716886209 2.8750000000000004
decision_type=2 2 2 2 2 2 2 2 2 2 2 2 2 2 2 2 2 2 2
left_child=6 3 4 -2 5 -3 7 8 -1 -8 -5 12 13 14 -12 -15 -14 -18 -19
right_child=1 2 -4 10 -6 -7 9 -9 -10 -11 11 -13 16 15 -16 -17 17 18 -20
leaf_value=0.019412650428712371 -0.0033746787067502741 0.011246480420231819 -0.0010287664209802946 -0.0055935103002758254 0.0066412055005247777 0.02771268474019092 -0.0023815804583870847 -0.0048819923152526225 0.0013187434701692491 0.0077710830089118754 0.0041254215075501371 0.0096762931429677547 -0.0013316374679561704 0.012454622127115726 0.022778619840168036 -0.00044486300503633115 0.0012137631120236771 0.0026554019098765543 0.014777704731871686
leaf_weight=20 120 22 30 42 26 23 1725 27 21 27 28 45 256 20 26 83 876 244 48
leaf_count=20 120 22 30 42 26 23 1725 27 21 27 28 45 256 20 26 83 876 244 48
internal_value=0 0.00202313 0.0101646 0.00156324 0.0148942 0.0196625 -0.00198586 0.00417842 0.010145 -0.00222512 0.00191849 0.00211252 0.00189724 0.00585939 0.0131066 0.00205989 0.0014604 0.00207235 0.00464811
internal_weight=0 1889 101 1788 71 45 1820 68 41 1752 1668 1626 1581 157 54 103 1424 1168 292
internal_count=3709 1889 101 1788 71 45 1820 68 41 1752 1668 1626 1581 157 54 103 1424 1168 292
is_linear=0
shrinkage=0.05


Tree=8
num_leaves=20
num_cat=0
split_feature=5 3 3 1 5 3 2 4 19 6 8 22 14 1 18 1 0 9 8
split_gain=5.37805 2.55327 1.93024 1.13226 0.96899 1.32707 1.2107 0.989204 0.943093 0.911637 0.968044 1.55974 2.99293 1.903 1.31334 1.19988 1.85576 1.6391 1.77675
threshold=4.8150000000000004 4.4350000000000014 5.9650000000000007 3.5433882037386114e-05 2.5950000000000002 0.8650000000000001 7.7690597854830742e-05 2.9999999999999862 0.0045544651616273866 8.2500000000000036 -0.50000000000002254 -2.4159403746726312e-05 1.2350000000000001 0.00013264410242342937 -0.012714688035795561 0.0002844075817097918 0.00026367051340273295 0.49999999999999495 0.49999999999999994
decision_type=2 2 2 2 2 2 2 2 2 2 2 2 2 2 2 2 2 2 2
left_child=4 3 8 -2 5 6 -1 -6 -3 10 11 12 -5 14 -14 -12 -17 -18 -19
right_child=1 2 -4 9 7 -7 -8 -9 -10 -11 15 -13 13 -15 -16 16 17 18 -20
leaf_value=0.018442018069326879 -0.003205944678435723 0.017884043589234355 -0.00097732792297999067 0.020131390038877726 -0.0022625012775694116 -0.0046378926822432769 0.0012528062044155032 0.0073825288288019326 0.0052575813162894476 -0.000843164629431019 0.00063952956362858207 0.002268356678152519 0.0010083659187607144 -0.0032760823067898553 0.016478429537485628 0.014769670637324454 -0.0066857706968273438 0.016826252739589948 -0.00022929865564848924
leaf_weight=20 120 50 30 40 1725 27 21 27 21 269 787 329 23 48 34 40 35 26 37
leaf_count=20 120 50 30 40 1725 27 21 27 21 269 787 329 23 48 34 40 35 26 37
internal_value=0 0.00192198 0.00965635 0.00148508 -0.00188657 0.0039695 0.00963779 -0.00211386 0.0141495 0.00182256 0.00233513 0.00417247 0.00849285 0.00405911 0.0102361 0.00139361 0.00569408 0.00198976 0.0068095
internal_weight=0 1889 101 1788 1820 68 41 1752 71 1668 1399 474 145 105 57 925 138 98 63
internal_count=3709 1889 101 1788 1820 68 41 1752 71 1668 1399 474 145 105 57 925 138 98 63
is_linear=0
shrinkage=0.05


Tree=9
num_leaves=20
num_cat=0
split_feature=5 3 3 1 10 16 0 20 8 3 1 8 1 4 22 1 6 1 2
split_gain=4.85369 2.30432 1.74204 1.02187 0.981915 1.32943 0.89589 0.887392 0.832673 0.790401 1.51527 1.29963 1.18586 1.89021 1.28633 1.17052 1.1411 1.13279 0.868903
threshold=4.8150000000000004 4.4350000000000014 5.9650000000000007 3.5433882037386114e-05 3.9999999999999707 -4.2499999999999973 9.7211292715345657e-05 -0.01156810210564274 8.4999999999999982 2.5750000000000006 0.00013264410242342937 -4.7499999999999867 0.0002844075817097918 -1.0000000000000118 2.4162906315239322e-05 0.00019659368262106165 -13.000000000000032 0.00015078858974383773 0.00019899905847417892
decision_type=2 2 2 2 2 2 2 2 2 2 2 2 2 2 2 2 2 2 2
left_child=6 3 4 -2 5 -3 -1 -5 9 11 -11 17 15 -14 -15 16 -13 -9 -18
right_child=1 2 -4 7 -6 -7 -8 8 -10 10 -12 12 13 14 -16 -17 18 -19 -20
leaf_value=-0.0023085029437181783 -0.0030456475665171946 0.0087240765846910932 -0.00092846172551314045 -0.0036210832362239425 0.0057063231961085245 0.025950450108697017 0.00059147592587971399 0.01605422260432408 0.010094417162960577 0.0081222613031665496 -0.0045929200668758325 0.0099823554659762039 0.015423906780779362 0.00051831359300633952 0.01213368520140648 -0.0027580007430783081 0.0009931337585917196 0.0041982923380353239 0.0063795885343740635
leaf_weight=1496 120 21 30 74 26 24 324 29 31 30 107 41 38 116 30 163 861 66 82
leaf_count=1496 120 21 30 74 26 24 324 29 31 30 107 41 38 116 30 163 861 66 82
internal_value=0 0.00182588 0.00917353 0.00141082 0.013442 0.0179115 -0.00179224 0.00173143 0.00197992 0.00181898 -0.00180857 0.00216749 0.00176422 0.00549045 0.00290503 0.00116647 0.00181656 0.00781747 0.00146152
internal_weight=0 1889 101 1788 71 45 1820 1668 1594 1563 137 1426 1331 184 146 1147 984 95 943
internal_count=3709 1889 101 1788 71 45 1820 1668 1594 1563 137 1426 1331 184 146 1147 984 95 943
is_linear=0
shrinkage=0.05


Tree=10
num_leaves=20
num_cat=0
split_feature=1 3 15 18 16 10 12 21 21 14 6 3 15 8 7 1 2 1 1
split_gain=5.15825 2.44986 1.31913 1.19297 1.44887 1.307 1.42244 1.62837 1.21116 1.17087 1.31436 2.92503 1.30517 0.980646 1.01248 0.834256 1.49918 1.38341 1.257
threshold=6.3728864806908401e-05 1.4850000000000001 3.5650000000000004 -0.037746464530746808 5.0000000000000018 9.9999999999999876 0.75000000000000633 0.00019148546307512507 0.0055457731096151272 0.31500000000000006 6.9999999999999627 1.155 1.1850000000000003 6.999999999999992 0.020883823379806769 0.00029160087980803414 0.00033986550337901535 0.00038902402540016425 0.00036108626769904126
decision_type=2 2 2 2 2 2 2 2 2 2 2 2 2 2 2 2 2 2 2
left_child=-1 9 3 8 13 6 7 -6 -3 10 12 -12 -2 14 15 -5 18 -18 -17
right_child=1 2 -4 4 5 -7 -8 -9 -10 -11 11 -13 -14 -15 -16 16 17 -19 -20
leaf_value=-0.0021058126624168166 -0.00025559811542431513 0.00160493358861709 0.013443217662473521 0.0023680834835316956 0.024822158597666642 -0.00039053874711195629 0.0038407156193578569 0.0083389351565030315 -0.0065830443192411358 -0.0022939746903900345 0.022124558249893397 -0.0023538302343625288 0.012867287900298835 0.011974174850459757 -0.0018931910395622255 0.0058920521613048471 0.014222646673971957 -3.6376376946767174e-05 0.022422676630642104
leaf_weight=1592 360 276 30 476 29 30 37 31 54 416 23 26 20 29 107 23 22 75 23
leaf_count=1592 360 276 30 476 29 30 37 31 54 416 23 26 20 29 107 23 22 75 23
internal_value=0 0.00167298 0.003086 0.00282963 0.00378916 0.00873024 0.0115511 0.0163058 0.000265083 -0.000403903 0.00142889 0.00913603 0.00043508 0.00295801 0.00259786 0.00337418 0.00672314 0.00319763 0.0141574
internal_weight=0 2087 1242 1212 882 127 97 60 330 845 429 49 380 755 726 619 143 97 46
internal_count=3679 2087 1242 1212 882 127 97 60 330 845 429 49 380 755 726 619 143 97 46
is_linear=0
shrinkage=0.05


Tree=11
num_leaves=20
num_cat=0
split_feature=1 15 1 10 14 1 3 0 5 1 1 0 1 5 10 6 15 2 16
split_gain=4.68032 2.11602 3.44236 1.26247 1.08916 1.31281 2.82342 1.8963 1.06602 1.05929 2.68802 1.52369 1.35564 1.76684 1.97721 1.33442 2.0006 1.09798 2.27029
threshold=8.5935968161977044e-05 2.8950000000000005 0.00041659036141107858 -13.500000000000021 2.5250000000000004 0.00013932666621876375 1.7550000000000001 0.00013946473670006969 2.5750000000000006 0.000431001232881904 0.00029160087980803414 0.00045115425046341699 0.00015639894608797034 7.3750000000000009 0.50000000000005607 6.9999999999999627 1.0450000000000002 0.0001193849547118912 2.5833333333333379
decision_type=2 2 2 2 2 2 2 2 2 2 2 2 2 2 2 2 2 2 2
left_child=8 3 4 -2 5 -3 -7 -8 -1 10 12 -12 13 15 -15 17 -17 -5 -19
right_child=1 2 -4 9 -6 6 7 -9 -10 -11 11 -13 -14 14 -16 16 -18 18 -20
leaf_value=0.0069490868031978608 0.012877016957849265 -1.8822853786072559e-05 0.018131817503143913 -0.0017920773090875669 -0.0004526012107729912 0.024671587113614966 0.017250190481543543 9.8758469535303981e-05 -0.0017676614599639057 -0.0029167575604783801 0.0050173454053547926 0.01731491145864129 -0.0016260019566223351 0.0024328423161059619 0.016171573543655022 0.01639410081447568 0.0004156360211782158 -0.00082574697383321256 0.011293666651938112
leaf_weight=35 22 56 46 322 105 23 22 56 1931 156 98 33 413 66 42 32 48 117 56
leaf_count=35 22 56 46 322 105 23 22 56 1931 156 98 33 413 66 42 32 48 117 56
internal_value=0 0.00192698 0.00564275 0.00111242 0.00345002 0.00606005 0.00943051 0.00493634 -0.00161248 0.000925277 0.00141375 0.00811521 0.000612756 0.0019665 0.00777568 0.000875384 0.00680702 -8.32646e-05 0.0030973
internal_weight=0 1713 308 1405 262 157 101 78 1966 1383 1227 131 1096 683 108 575 80 495 173
internal_count=3679 1713 308 1405 262 157 101 78 1966 1383 1227 131 1096 683 108 575 80 495 173
is_linear=0
shrinkage=0.0495


Tree=12
num_leaves=20
num_cat=0
split_feature=1 3 2 3 18 18 14 6 17 15 7 20 6 22 16 21 10 21 9
split_gain=4.28459 2.04538 1.21395 2.83848 1.20949 1.14706 1.02087 1.07579 2.60672 1.14937 0.949388 1.19084 1.78485 1.31359 1.2606 2.26169 1.42117 0.912695 0.879852
threshold=6.3728864806908401e-05 1.4850000000000001 0.0008778760289980921 5.9200000000000008 -0.051442525367376472 -0.048682039256557168 0.31500000000000006 6.9999999999999627 -1.0000000180025095e-35 1.1850000000000003 -0.0019579595575625604 0.002549380434826332 8.2500000000000036 1.2012012018947084e-05 1.0000000000000122 -0.0019683548884492082 -6.9999999999999938 -0.0023088980694708767 -1.0000000180025095e-35
decision_type=2 2 2 2 2 2 2 2 2 2 2 2 2 2 2 2 2 2 2
left_child=-1 6 4 -4 17 -6 7 9 -9 -2 11 12 14 -13 16 -16 -7 -3 -12
right_child=1 2 3 -5 5 10 -8 8 -10 -11 18 13 -14 -15 15 -17 -18 -19 -20
leaf_value=-0.0018813322263828071 -0.00020500075972918421 0.0037338851249450813 0.022154916650614143 0.00040288597653455593 0.014789547925410792 0.01815830945576408 -0.0020955852499903323 -0.0016432249680001822 0.021196815768810256 0.011864670953040942 -0.00061493656477902222 0.0058844990010256488 0.00011539027304859722 -0.0041429783407882304 0.027961250083101914 0.0079389758728284927 0.0045354900323946934 -0.002956983217364725 0.0035130457298327461
leaf_weight=1592 360 72 25 34 20 21 416 28 21 20 247 59 85 67 20 42 148 153 249
leaf_count=1592 360 72 25 34 20 21 416 28 21 20 247 59 85 67 20 42 148 153 249
internal_value=0 0.00149408 0.0027595 0.00961985 0.00241735 0.00317673 -0.000365855 0.00131146 0.00814536 0.000430245 0.00292912 0.00458066 0.00618686 0.000552428 0.00842095 0.0143978 0.00622827 -0.000815905 0.00145738
internal_weight=0 2087 1242 59 1183 958 845 429 49 380 938 442 316 126 231 62 169 225 496
internal_count=3679 2087 1242 59 1183 958 845 429 49 380 938 442 316 126 231 62 169 225 496
is_linear=0
shrinkage=0.049005


Tree=13
num_leaves=20
num_cat=0
split_feature=1 3 15 18 16 14 20 5 21 14 6 3 15 8 7 16 16 1 2
split_gain=3.87494 1.84982 1.10694 0.998114 1.19902 1.18346 1.86339 1.53704 1.06053 0.923262 0.972934 2.54449 1.03948 0.872982 0.882876 0.81335 0.956917 0.836455 3.14169
threshold=6.3728864806908401e-05 1.4850000000000001 3.5650000000000004 -0.037746464530746808 5.0000000000000018 1.3450000000000004 0.00075680820320644948 9.1250000000000018 0.0055457731096151272 0.31500000000000006 6.9999999999999627 1.155 1.1850000000000003 6.999999999999992 0.020883823379806769 4.2499999999999991 3.999999999999996 0.0003279741401299276 0.00031965087587533205
decision_type=2 2 2 2 2 2 2 2 2 2 2 2 2 2 2 2 2 2 2
left_child=-1 9 3 8 13 6 -6 -7 -3 10 12 -12 -2 14 15 16 17 -5 -19
right_child=1 2 -4 4 5 7 -8 -9 -10 -11 11 -13 -14 -15 -16 -17 -18 18 -20
leaf_value=-0.0017712459820302504 -0.00019300514252655208 0.0013105831351694895 0.011803943400435783 0.0018362173147354797 0.023560465699329826 -0.00054004551873721189 0.0038108747440254317 0.013593868595217169 -0.0061237599518733105 -0.0019729621469300779 0.019423136386582079 -0.0027293834262691295 0.011170410426228104 0.010742302432945383 -0.0019108075858834401 -0.0067624537133652157 0.012286264054622588 0.021682029402134435 0.0022644296017567496
leaf_weight=1592 360 276 30 457 23 55 22 27 54 416 23 26 20 29 107 20 26 25 91
leaf_count=1592 360 276 30 457 23 55 22 27 54 416 23 26 20 29 107 20 26 25 91
internal_value=0 0.00140666 0.00259803 0.00237016 0.00322176 0.00758316 0.0139051 0.0041138 9.40543e-05 -0.000344447 0.00123472 0.00766874 0.000405069 0.00248812 0.00215841 0.00286181 0.00318315 0.0027701 0.00644926
internal_weight=0 2087 1242 1212 882 127 45 82 330 845 429 49 380 755 726 619 599 573 116
internal_count=3679 2087 1242 1212 882 127 45 82 330 845 429 49 380 755 726 619 599 573 116
is_linear=0
shrinkage=0.048515


Tree=14
num_leaves=20
num_cat=0
split_feature=1 3 2 3 18 18 14 8 14 15 0 15 20 21 22 8 15 1 3
split_gain=3.50808 1.67469 1.07768 2.50952 1.01705 1.05279 0.835851 0.899263 1.02281 1.12328 1.07728 1.85762 0.832975 0.994504 1.60582 1.65633 1.24886 1.66659 0.909851
threshold=6.3728864806908401e-05 1.4850000000000001 0.0008778760289980921 5.9200000000000008 -0.051442525367376472 -0.048682039256557168 0.31500000000000006 -1.0000000180025095e-35 0.03500000000000001 0.35500000000000004 0.00013632089715384418 0.93500000000000016 0.00042580435376171627 0.00065101142150303392 1.4646542544571874e-05 1.5000000000000009 2.4150000000000005 0.00017439684792101235 1.7750000000000001
decision_type=2 2 2 2 2 2 2 2 2 2 2 2 2 2 2 2 2 2 2
left_child=-1 6 4 -4 -3 -6 7 8 -2 -10 11 -11 -7 14 15 16 17 -14 -18
right_child=1 2 3 -5 5 12 -8 -9 9 10 -12 -13 13 -15 -16 -17 18 -19 -20
leaf_value=-0.0016684610469100791 -0.0034205206681408532 -0.00077460385227308382 0.02033425875356867 0.00028849384234788103 0.01371776453785848 0.0038235329384438514 -0.0018584715391195892 -0.00060982331384245897 0.012541405376750837 0.00085953967872220126 -0.0040590569608778913 0.018714013968819335 0.0073586968688936563 -0.0021017007380218951 -0.0024547044324382851 -0.0027079285425461262 -0.0038792396797815206 0.024929466828988008 0.0079964842111501181
leaf_weight=1592 35 225 25 34 20 535 416 260 40 41 33 20 33 154 87 41 22 20 46
leaf_count=1592 35 225 25 34 20 535 416 260 40 41 33 20 33 154 87 41 22 20 46
internal_value=0 0.00132503 0.00244726 0.00878246 0.00213131 0.0028138 -0.000324459 0.00116307 0.00389059 0.00580021 0.00293162 0.00671347 0.00258131 0.000932196 0.00280858 0.00563516 0.00846216 0.0139892 0.00415434
internal_weight=0 2087 1242 59 1183 958 845 429 169 134 94 61 938 403 249 162 121 53 68
internal_count=3679 2087 1242 59 1183 958 845 429 169 134 94 61 938 403 249 162 121 53 68
is_linear=0
shrinkage=0.0480298


Tree=15
num_leaves=20
num_cat=0
split_feature=5 3 3 14 0 8 22 8 15 13 3 19 10 13 22 0 21 3 15
split_gain=2.89638 1.73541 1.3867 1.02348 1.12842 0.850589 1.04076 0.914138 1.38421 1.19387 1.09591 1.42062 1.05224 1.0056 1.46357 2.23154 1.11291 0.827487 0.815757
threshold=4.6850000000000014 4.4350000000000014 5.9650000000000007 1.8650000000000004 0.00078494393648379315 6.5000000000000178 -1.0000000180025095e-35 -0.41666666666666513 2.3150000000000008 -1.9999999999999682 2.1650000000000005 0.0066415542011385451 -1.0000000000000118 1.0000000000000122 -2.4159403746726312e-05 7.233016569265188e-05 0.0011722110493427309 0.56500000000000006 1.1650000000000003
decision_type=2 2 2 2 2 2 2 2 2 2 2 2 2 2 2 2 2 2 2
left_child=17 5 3 -3 -5 7 -7 8 9 -2 11 13 -12 14 15 -11 -17 -1 -16
right_child=1 2 -4 4 -6 6 -8 -9 -10 10 12 -13 -14 -15 18 16 -18 -19 -20
leaf_value=0.0065241922624240702 -0.0023261145974372882 0.020045491808513154 -0.0012639095488254386 0.001193543024259662 0.015474458194319881 0.015421450350485666 0.0015942830680763394 -8.4477455622915791e-05 -0.00059521120573710585 0.021922736287394544 0.016092067968072291 -0.005896693013102629 0.0030881855120622396 -0.0023653366617509158 0.001232944148299343 0.0111934080731078 -0.0031797848879136377 -0.0015781979554451476 0.008190564424096828
leaf_weight=29 64 20 30 29 22 20 32 1153 274 28 34 32 24 40 124 29 21 1649 55
leaf_count=29 64 20 30 29 22 20 32 1153 274 28 34 32 24 40 124 29 21 1649 55
internal_value=0 0.00123146 0.00730736 0.010929 0.00735394 0.000913502 0.00691242 0.000747398 0.00207037 0.00368981 0.00468469 0.00362227 0.0107112 0.00464789 0.00573944 0.0111753 0.00515667 -0.00143817 0.00337076
internal_weight=0 2031 101 71 51 1930 52 1878 725 451 387 329 58 297 257 78 50 1678 179
internal_count=3709 2031 101 71 51 1930 52 1878 725 451 387 329 58 297 257 78 50 1678 179
is_linear=0
shrinkage=0.0475495


Tree=16
num_leaves=20
num_cat=0
split_feature=5 3 3 14 0 2 6 8 12 22 14 11 3 12 5 3 2 13 3
split_gain=2.62749 1.5743 1.25796 0.928462 1.02366 0.793414 0.877788 1.07032 1.3263 1.5815 2.28127 1.66901 0.9981 0.856602 0.784373 1.14032 1.11596 0.769073 0.834211
threshold=4.6850000000000014 4.4350000000000014 5.9650000000000007 1.8650000000000004 0.00078494393648379315 3.8292919040235975e-05 8.2500000000000036 -0.41666666666666513 3.0000000000000018 -2.4160863026922993e-05 1.2350000000000001 -0.50000000000001144 1.1850000000000003 1.0000000000000122 2.5950000000000002 0.8650000000000001 7.7690597854830742e-05 -1.9999999999999891 2.0150000000000001
decision_type=2 2 2 2 2 2 2 2 2 2 2 2 2 2 2 2 2 2 2
left_child=14 5 3 -3 -5 -2 7 8 9 10 -7 -12 -9 -8 15 16 -1 -11 -19
right_child=1 2 -4 4 -6 6 13 12 -10 17 11 -13 -14 -15 -16 -17 -18 18 -20
leaf_value=0.016501115517762302 -0.0025383938650918778 0.018901415177637031 -0.0011917731545853191 0.0011254228055605179 0.014591268910077993 0.017575253794847624 -0.0020371110975087952 -0.0040133994629565871 -0.0029132358873743174 -0.0034503379977164086 0.010814559066809431 -0.0018692290569980127 0.0011372015006477568 0.0080770299887745929 -0.0015652510494666894 -0.0039157059148788682 0.00096394048447672549 0.0022495318620715777 0.0094299945580056787
leaf_weight=20 141 20 30 29 22 42 257 92 67 43 45 47 889 20 1610 27 21 245 42
leaf_count=20 141 20 30 29 22 42 257 92 67 43 45 47 889 20 1610 27 21 245 42
internal_value=0 0.00116118 0.0068903 0.0103053 0.00693422 0.000861365 0.00112932 0.00157563 0.00327798 0.00417197 0.00848479 0.0043348 0.000654169 -0.00130685 -0.00135609 0.00359619 0.00854305 0.0024207 0.00330033
internal_weight=0 2031 101 71 51 1930 1789 1512 531 464 134 92 981 277 1678 68 41 330 287
internal_count=3709 2031 101 71 51 1930 1789 1512 531 464 134 92 981 277 1678 68 41 330 287
is_linear=0
shrinkage=0.047074


Tree=17
num_leaves=20
num_cat=0
split_feature=2 3 3 6 10 16 4 12 18 11 0 2 21 3 9 14 22 3 11
split_gain=2.13402 1.5589 1.14231 1.10289 0.854095 1.16616 0.744263 0.773814 0.858806 1.18681 1.83024 1.86814 0.736517 0.964241 1.04008 1.8704 1.34589 1.16869 1.03791
threshold=5.3074938535475228e-05 4.4350000000000014 5.9650000000000007 -11.000000000000009 3.9999999999999707 -4.2499999999999973 -1.0000000000000118 1.0000000180025095e-35 -0.048682039256557168 -2.0000000000000235 0.00010925982477638226 0.00014574380346415658 -0.0072757379328219343 1.4850000000000001 1.9999999999999964 1.3250000000000004 -4.8322893576535624e-05 1.6050000000000002 -0.50000000000001144
decision_type=2 2 2 2 2 2 2 2 2 2 2 2 2 2 2 2 2 2 2
left_child=3 6 4 -1 5 -3 7 8 -2 -10 -11 -12 -8 -14 18 16 -16 -18 -15
right_child=1 2 -4 -5 -6 -7 12 -9 9 10 11 -13 13 14 15 -17 17 -19 -20
leaf_value=0.0088245965700436049 -0.0016438828780522799 0.0055870224811125314 -0.0011243148485718839 -0.0017008064999473613 0.0029974517945996443 0.020624881357155844 -0.0029080144244266136 -0.0001886629583045744 0.0014005081941996975 0.0015048245059149825 0.026166536286993784 0.0083118240828240937 -0.00058566330499953978 0.0017339911104365501 0.019978364469154849 0.0014834950684354279 0.014955242481717618 0.0015824699063459878 -0.0023297822310690834
leaf_weight=22 41 21 30 1257 26 24 149 131 72 38 20 35 906 455 21 204 22 40 195
leaf_count=22 41 21 30 1257 26 24 149 131 72 38 20 35 906 455 21 204 22 40 195
internal_value=0 0.000832068 0.00650029 -0.00151976 0.00972195 0.0136072 0.000586259 0.00261172 0.00439255 0.00589251 0.00937019 0.0148044 0.000243597 0.000498394 0.00154659 0.00388325 0.00978144 0.00632765 0.000514859
internal_weight=0 2430 101 1279 71 45 2329 337 206 165 93 55 1992 1843 937 287 83 62 650
internal_count=3709 2430 101 1279 71 45 2329 337 206 165 93 55 1992 1843 937 287 83 62 650
is_linear=0
shrinkage=0.0466033


Tree=18
num_leaves=20
num_cat=0
split_feature=5 2 6 14 21 8 8 1 8 19 5 10 15 5 21 5 8 9 19
split_gain=2.19839 1.27502 1.19893 1.20132 1.2428 0.768419 0.796133 1.19266 1.24563 0.992738 0.986828 0.883732 0.854621 1.3974 0.764994 0.71254 0.763598 0.831389 0.694065
threshold=4.6850000000000014 0.0003959031665177832 0.99999999999988998 2.0750000000000006 -0.0029777702841253802 8.4999999999999982 -0.41666666666666513 0.00015813582421578794 -3.0000000000000133 0.00029045520414205944 7.4850000000000012 3.2499999999999756 2.3450000000000002 9.0050000000000008 -0.0039673891161521859 2.5950000000000002 -1.1666666666667156 3.0000000000000142 0.0021487802187334375
decision_type=2 2 2 2 2 2 2 2 2 2 2 2 2 2 2 2 2 2 2
left_child=15 5 3 4 -3 6 7 8 9 -2 -11 18 13 14 -9 16 -1 -18 -10
right_child=1 2 -4 -5 -6 -7 -8 12 11 10 -12 -13 -14 -15 -16 -17 17 -19 -20
leaf_value=-0.0039039706341810147 0.0028701745182384258 -0.0031981602257610533 0.0010843356742502295 0.017961406686576926 0.0094566108102182665 0.0077422863943863596 -0.00022529104324111481 0.005510009281268111 0.0027142022994494945 0.019278329454090928 0.0057503093175728728 0.0078810877613972232 -0.0050057839859882431 0.011281092488438954 -0.0026033743890956748 -0.0014112638443773309 0.011959590456031595 -0.00045137998635017191 -0.0018879021136130655
leaf_weight=21 40 24 105 21 53 32 1120 32 197 24 22 47 73 24 109 1610 27 20 108
leaf_count=21 40 24 105 21 53 32 1120 32 197 24 22 47 73 24 109 1610 27 20 108
internal_value=0 0.00104087 0.0045098 0.00817994 0.00551227 0.000655642 0.000529376 0.00177971 0.00320824 0.00818597 0.0128084 0.00199209 -0.000849258 0.000989689 -0.000762039 -0.00121587 0.00341026 0.00667833 0.0010846
internal_weight=0 2031 203 98 77 1828 1796 676 438 86 46 352 238 165 141 1678 68 47 305
internal_count=3709 2031 203 98 77 1828 1796 676 438 86 46 352 238 165 141 1678 68 47 305
is_linear=0
shrinkage=0.0461372


Tree=19
num_leaves=20
num_cat=0
split_feature=5 3 3 14 0 8 22 3 1 8 1 19 2 15 6 18 3 2 8
split_gain=2.00022 1.23336 1.04 0.815454 0.895489 0.708796 0.915451 0.76418 0.965226 0.851885 1.74943 1.57084 1.11797 2.74494 0.963056 1.48742 0.690226 0.970917 0.833263
threshold=4.6850000000000014 4.4350000000000014 5.9650000000000007 1.8650000000000004 0.00078494393648379315 6.5000000000000178 -1.0000000180025095e-35 2.5750000000000006 0.00013264410242342937 -3.0000000000000133 0.00014945198490091789 0.00029045520414205944 0.00024943042255963006 2.8150000000000004 -3.9999999999999365 -0.046265916906775721 1.655 0.00047795047566142907 -1.0000000180025095e-35
decision_type=2 2 2 2 2 2 2 2 2 2 2 2 2 2 2 2 2 2 2
left_child=-1 5 3 -3 -5 7 -7 9 -9 10 11 -2 -11 14 15 -14 -16 18 -18
right_child=1 2 -4 4 -6 6 -8 8 -10 12 -12 -13 13 -15 16 -17 17 -19 -20
leaf_value=-0.0011481792429389335 0.0033041460329350176 0.016732863100877758 -0.0012271085656501797 0.00057906928548963593 0.012799646239889188 0.013651668330202526 0.0011945970857745669 0.0043401800242905035 -0.004672917375154303 -1.5814252111545698e-05 0.00025110686933317757 0.017159080175224863 -0.00031334124151952088 0.015405827969760304 -0.0058023267692416487 0.013902780408293453 0.0087534956241248629 -0.0074103956304322725 -0.00071648633360962962
leaf_weight=1678 38 20 30 29 22 20 32 32 110 1322 110 31 34 34 40 28 36 21 42
leaf_count=1678 38 20 30 29 22 20 32 32 110 1322 110 31 34 34 40 28 36 21 42
internal_value=0 0.000982916 0.00590326 0.00891609 0.00585069 0.000725427 0.00598578 0.000579773 -0.0026418 0.000843288 0.00382743 0.00952883 0.000500217 0.00340317 0.00137287 0.00610684 -0.00073869 0.00130722 0.00365427
internal_weight=0 2031 101 71 51 1930 52 1878 142 1736 179 69 1557 235 201 62 139 99 78
internal_count=3709 2031 101 71 51 1930 52 1878 142 1736 179 69 1557 235 201 62 139 99 78
is_linear=0
shrinkage=0.0456759


end of trees

feature_importances:
f_3=67
f_1=48
f_5=31
f_2=29
f_8=25
f_14=24
f_15=23
f_6=16
f_0=15
f_16=13
f_21=12
f_10=11
f_22=11
f_18=10
f_19=8
f_4=6
f_9=6
f_20=6
f_11=5
f_12=5
f_13=4
f_7=3
f_17=2

parameters:
[boosting: gbdt]
[objective: regression]
[metric: binary_logloss]
[tree_learner: serial]
[device_type: cpu]
[data: ]
[valid: ]
[num_iterations: 10]
[learning_rate: 0.0456759]
[num_leaves: 20]
[num_threads: 0]
[deterministic: 0]
[force_col_wise: 0]
[force_row_wise: 0]
[histogram_pool_size: -1]
[max_depth: -1]
[min_data_in_leaf: 20]
[min_sum_hessian_in_leaf: 0.001]
[bagging_fraction: 0.7]
[pos_bagging_fraction: 1]
[neg_bagging_fraction: 1]
[bagging_freq: 5]
[bagging_seed: 3]
[feature_fraction: 0.9]
[feature_fraction_bynode: 1]
[feature_fraction_seed: 2]
[extra_trees: 0]
[extra_seed: 6]
[early_stopping_round: 0]
[first_metric_only: 0]
[max_delta_step: 0]
[lambda_l1: 0]
[lambda_l2: 0]
[linear_lambda: 0]
[min_gain_to_split: 0]
[drop_rate: 0.1]
[max_drop: 50]
[skip_drop: 0.5]
[xgboost_dart_mode: 0]
[uniform_drop: 0]
[drop_seed: 4]
[top_rate: 0.2]
[other_rate: 0.1]
[min_data_per_group: 100]
[max_cat_threshold: 32]
[cat_l2: 10]
[cat_smooth: 10]
[max_cat_to_onehot: 4]
[top_k: 20]
[monotone_constraints: ]
[monotone_constraints_method: basic]
[monotone_penalty: 0]
[feature_contri: ]
[forcedsplits_filename: ]
[refit_decay_rate: 0.9]
[cegb_tradeoff: 1]
[cegb_penalty_split: 0]
[cegb_penalty_feature_lazy: ]
[cegb_penalty_feature_coupled: ]
[path_smooth: 0]
[interaction_constraints: ]
[verbosity: 0]
[saved_feature_importance_type: 0]
[linear_tree: 0]
[max_bin: 255]
[max_bin_by_feature: ]
[min_data_in_bin: 3]
[bin_construct_sample_cnt: 200000]
[data_random_seed: 1]
[is_enable_sparse: 1]
[enable_bundle: 1]
[use_missing: 1]
[zero_as_missing: 0]
[feature_pre_filter: 1]
[pre_partition: 0]
[two_round: 0]
[header: 0]
[label_column: ]
[weight_column: ]
[group_column: ]
[ignore_column: ]
[categorical_feature: ]
[forcedbins_filename: ]
[precise_float_parser: 0]
[objective_seed: 5]
[num_class: 1]
[is_unbalance: 0]
[scale_pos_weight: 1]
[sigmoid: 1]
[boost_from_average: 1]
[reg_sqrt: 0]
[alpha: 0.9]
[fair_c: 1]
[poisson_max_delta_step: 0.7]
[tweedie_variance_power: 1.5]
[lambdarank_truncation_level: 30]
[lambdarank_norm: 1]
[label_gain: ]
[eval_at: ]
[multi_error_top_k: 1]
[auc_mu_weights: ]
[num_machines: 1]
[local_listen_port: 12400]
[time_out: 120]
[machine_list_filename: ]
[machines: ]
[gpu_platform_id: -1]
[gpu_device_id: -1]
[gpu_use_dp: 0]
[num_gpu: 1]

end of parameters

pandas_categorical:[]
