tree
version=v3
num_class=1
num_tree_per_iteration=1
label_index=0
max_feature_idx=22
objective=regression
feature_names=f_0 f_1 f_2 f_3 f_4 f_5 f_6 f_7 f_8 f_9 f_10 f_11 f_12 f_13 f_14 f_15 f_16 f_17 f_18 f_19 f_20 f_21 f_22
feature_infos=[3.5138360446667107e-07:0.0066553821535006137] [2.5600331918768856e-06:0.0039732576088439284] [9.2225614268401974e-06:0.0029579505118275174] [0.53000000000000003:6.5599999999999996] [-33.000000000000007:46] [2.4100000000000001:21.82] [-101.00000000000016:144.99999999999994] [-0.15710919088766695:0.17837578087457961] [-81:74] [-46:33.999999999999986] [-51.000000000000021:33.999999999999986] [-33.000000000000007:27.999999999999979] [-41:96.000000000000014] [-36.000000000000007:32.999999999999986] [-0.52000000000000002:2.9100000000000001] [-0.94999999999999996:3.8500000000000001] [-52:73.999999999999972] [-28.000000000000004:24.000000000000004] [-0.29572649572649579:0.64215246636771273] [-0.02958455728073861:0.047292143401983289] [-0.054746473503621829:0.033993115318416534] [-0.039377561323276189:0.045346674363414774] [-0.019984292877423981:0.018327052533256172]
tree_sizes=1646 1705 1717 1725 1698 1716 1706 1703 1704 1711 1706 1706 1701 1717 1700 1725 1714 1722 1723 1738 1693 1705 1709 1728 1734 1707 1713 1712 1710 1699

Tree=0
num_leaves=18
num_cat=0
split_feature=1 3 7 6 3 19 16 20 6 20 18 7 3 3 22 1 14
split_gain=17.1052 6.81817 2.13455 2.03366 2.58983 2.86861 2.56264 2.55485 2.0496 1.94247 1.8984 1.89392 2.01584 1.67091 1.52829 1.51277 1.45897
threshold=6.5726403584304391e-05 1.4950000000000003 -0.0055161523069370824 -5.0000000000000036 1.8350000000000002 0.0010678886996755568 1.0000000000000007 0.0062408876218785778 -11.999999999999831 0.00032080376251941717 -0.013279525471383944 -0.0082106832309584137 3.3350000000000004 1.4650000000000001 0.00073007286657389436 3.7407371232986811e-05 0.31500000000000006
decision_type=2 2 2 2 2 2 2 2 2 2 2 2 2 2 2 2 2
left_child=13 16 3 7 5 6 9 8 -3 -5 -4 12 -6 -1 -12 -15 -2
right_child=1 2 10 4 11 -7 -8 -9 -10 -11 14 -13 -14 15 -16 -17 -18
leaf_value=0.15215978465960128 0.1585717900569848 0.16623242331284302 0.15812802794997724 0.17584780764166685 0.15584297030849126 0.15975806453143498 0.18642473040337307 0.15762038343572257 0.18445104625166711 0.15892473122293693 0.16405441406717861 0.17292473080570442 0.16866157303801957 0.15233382232845222 0.1510080647922053 0.15845862954191259 0.15441399150056553
leaf_weight=1221 425 26 364 39 159 60 28 23 38 30 347 25 38 176 24 236 419
leaf_count=1221 425 26 364 39 159 60 28 23 38 30 347 25 38 176 24 236 419
internal_value=0.156763 0.159952 0.162372 0.165019 0.163437 0.168351 0.173667 0.171913 0.17705 0.16849 0.160693 0.159961 0.158316 0.153089 0.16321 0.155842 0.156508
internal_weight=0 2045 1201 466 379 157 97 87 64 69 735 222 197 1633 371 412 844
internal_count=3678 2045 1201 466 379 157 97 87 64 69 735 222 197 1633 371 412 844
is_linear=0
shrinkage=1


Tree=1
num_leaves=18
num_cat=0
split_feature=5 5 1 0 8 5 5 3 3 22 14 2 3 1 3 11 2
split_gain=16.6652 5.20408 4.03774 2.07859 2.04247 2.32227 2.25987 2.11057 2.30823 2.32866 2.28599 2.16473 2.82756 2.31735 3.17935 2.15762 1.99465
threshold=4.6850000000000014 2.5750000000000006 8.5935968161977044e-05 6.4293806717573889e-05 -4.7499999999999867 6.7250000000000005 4.7750000000000012 1.7850000000000004 1.6950000000000001 -1.2081015288933903e-05 1.9550000000000003 0.00020467053333761656 3.1250000000000004 0.00044428057153355255 2.5750000000000006 0.50000000000003386 0.0008778760289980921
decision_type=2 2 2 2 2 2 2 2 2 2 2 2 2 2 2 2 2
left_child=1 -1 -2 -3 -4 6 -6 8 10 -10 15 12 -9 14 -13 -7 -15
right_child=2 3 4 -5 5 7 -8 11 9 -11 -12 13 -14 16 -16 -17 -18
leaf_value=0.012296682193875315 -5.1448653444989036e-05 -0.0051868049086009251 0.010761441642374504 -0.0011469072692062213 0.014663006845981845 0.0046894866866724833 0.00074430091564005958 -0.0022069854843543798 0.0060800926227654734 0.02436872116573479 -0.0032467409968376161 0.014048349577308501 0.016882720250975005 -0.0029294654726982118 0.0019299680958775912 0.024962028577214197 0.010536490045487882
leaf_weight=50 655 1166 127 438 31 35 492 164 28 46 41 149 22 88 85 21 40
leaf_count=50 655 1166 127 438 31 35 492 164 28 46 41 149 22 88 85 21 40
internal_value=0 -0.00358847 0.00317716 -0.00408364 0.00472189 0.00410432 0.00156931 0.00594828 0.0107978 0.0174487 0.0057239 0.00443502 5.09367e-05 0.00668762 0.00964637 0.0122917 0.00127865
internal_weight=0 1654 2024 1604 1369 1242 523 719 171 74 97 548 186 362 234 56 128
internal_count=3678 1654 2024 1604 1369 1242 523 719 171 74 97 548 186 362 234 56 128
is_linear=0
shrinkage=0.05


Tree=2
num_leaves=18
num_cat=0
split_feature=5 5 1 15 0 18 21 5 16 15 1 9 14 1 14 18 14
split_gain=15.0403 4.69668 3.64406 2.61494 1.87593 1.77997 1.99298 1.85368 1.68934 1.87159 4.33251 1.90847 1.77195 1.9481 1.75165 1.66496 1.65408
threshold=4.6850000000000014 2.5750000000000006 8.5935968161977044e-05 3.5650000000000004 6.4293806717573889e-05 -0.034056782457579086 0.0055429842434303609 6.7250000000000005 5.0000000000000018 2.8950000000000005 0.00041659036141107858 -11.999999999999998 2.5750000000000006 0.00013932666621876375 0.14500000000000005 0.085970422819072648 2.4750000000000005
decision_type=2 2 2 2 2 2 2 2 2 2 2 2 2 2 2 2 2
left_child=1 -1 16 5 -3 6 7 -4 9 11 12 -7 13 -11 -10 -13 -2
right_child=2 4 3 -5 -6 8 -8 -9 14 10 -12 15 -14 -15 -16 -17 -18
leaf_value=0.011681848108768463 0.0013500948145985603 -0.0049274648895956848 -0.0014822178623742528 0.020844721732040248 -0.0010895618071703062 0.016404940847020884 -0.0071563675742724849 0.0059346839381849825 0.023991328291594984 0.0018116671293973924 0.028746479687591392 0.0035428609684571739 -0.0031461879052221775 0.015124998498158376 0.008120559217562353 -0.0046747737484318869 -0.004561684876680374
leaf_weight=50 500 1166 144 24 438 26 58 203 20 50 24 516 40 61 133 70 155
leaf_count=50 500 1166 144 24 438 26 58 203 20 50 24 516 40 61 133 70 155
internal_value=0 -0.00340904 0.0030183 0.00448579 -0.00387946 0.00419389 0.0014228 0.00285678 0.00538782 0.00445322 0.00901301 0.00314936 0.00587656 0.009128 0.0101952 0.00256123 -4.8876e-05
internal_weight=0 1654 2024 1369 1604 1345 405 347 940 787 175 612 151 111 153 586 655
internal_count=3678 1654 2024 1369 1604 1345 405 347 940 787 175 612 151 111 153 586 655
is_linear=0
shrinkage=0.05


Tree=3
num_leaves=18
num_cat=0
split_feature=5 5 1 15 19 8 10 5 15 5 0 1 14 2 14 15 0
split_gain=13.5739 4.25932 3.28877 2.35998 1.96807 1.86656 2.49175 2.15056 2.74676 2.40009 1.83604 1.49913 1.49281 1.78261 1.44555 2.11719 1.89579
threshold=4.6850000000000014 2.5350000000000006 8.5935968161977044e-05 3.5650000000000004 0.0065473339867291322 -4.7499999999999867 0.50000000000005607 6.7250000000000005 0.65500000000000014 4.7750000000000012 0.00010173907323154901 0.00015980107118617043 2.4750000000000005 2.4966296907854478e-05 2.5350000000000006 2.8750000000000004 0.00021874733372753097
decision_type=2 2 2 2 2 2 2 2 2 2 2 2 2 2 2 2 2
left_child=1 -1 12 4 5 6 -4 9 11 -7 -3 -9 13 -2 15 16 -10
right_child=2 10 3 -5 -6 7 -8 8 14 -11 -12 -13 -14 -15 -16 -17 -18
leaf_value=0.016096832496779307 0.014295966148376466 -0.0042809322082262109 0.006566769107208624 0.019802485499531033 -0.00073147591791654885 0.015389615271625849 0.024219506813420191 0.026872948184609415 0.0073185182181564543 0.00051134386515042866 0.00040790128211180376 0.0099178428295999769 -0.0043336006181855357 0.0005976756450377013 -0.0062722985667211031 0.010831932343067008 0.00029597323760390285
leaf_weight=28 25 1380 77 24 190 29 27 22 185 415 246 32 155 475 27 141 200
leaf_count=28 25 1380 77 24 190 29 27 22 185 415 246 32 155 475 27 141 200
internal_value=0 -0.00323859 0.00286739 0.00426151 0.00398419 0.00475993 0.0111497 0.00412764 0.00606202 0.00148312 -0.00357155 0.0168255 -4.64321e-05 0.00128259 0.00501098 0.00559016 0.00367044
internal_weight=0 1654 2024 1369 1345 1155 104 1051 607 444 1626 54 655 500 553 526 385
internal_count=3678 1654 2024 1369 1345 1155 104 1051 607 444 1626 54 655 500 553 526 385
is_linear=0
shrinkage=0.05


Tree=4
num_leaves=18
num_cat=0
split_feature=1 3 7 6 3 19 20 15 6 7 21 3 2 0 0 2 8
split_gain=11.6856 4.85518 1.83957 1.82162 2.35422 2.60214 2.22337 2.16312 1.75799 1.702 1.64916 1.62872 1.41882 1.41178 2.48763 1.64054 1.61678
threshold=6.5726403584304391e-05 1.4950000000000003 -0.0055161523069370824 -5.0000000000000036 1.8350000000000002 0.0010678886996755568 0.0062408876218785778 0.85500000000000009 -11.999999999999831 -0.0082106832309584137 0.0054436554100766319 3.3350000000000004 0.0008778760289980921 0.00039292612916385034 0.00029294299535326018 0.00024943042255963006 -3.0000000000000004
decision_type=2 2 2 2 2 2 2 2 2 2 2 2 2 2 2 2 2
left_child=-1 -2 3 6 5 7 8 -5 -3 11 12 -6 13 14 16 -16 -4
right_child=1 2 10 4 9 -7 -8 -9 -10 -11 -12 -13 -14 -15 15 -17 -18
leaf_value=-0.0030384230667546129 -0.00027229101419166366 0.0084320233991512887 0.011496623541260589 0.028055943608283996 -0.0014600656739195937 0.0021374555056293807 0.00032515503142191014 0.010984900252272686 0.025304917167676123 0.014611655622720718 -0.0020394905062858016 0.010062165911260405 0.01697533843772752 -0.002379752180458587 0.026297055929899216 0.0062878403812646868 0.0025722650251365064
leaf_weight=1633 844 26 58 25 159 60 23 72 38 25 128 38 21 81 21 20 406
leaf_count=1633 844 26 58 25 159 60 23 72 38 25 128 38 21 81 21 20 406
internal_value=0 0.00263391 0.00467624 0.00713382 0.00563605 0.010322 0.0136586 0.0153847 0.0184503 0.00232209 0.0031181 0.000762497 0.0042057 0.00374809 0.00473097 0.0165365 0.00368781
internal_weight=0 2045 1201 466 379 157 87 97 64 222 735 197 607 586 505 41 464
internal_count=3678 2045 1201 466 379 157 87 97 64 222 735 197 607 586 505 41 464
is_linear=0
shrinkage=0.05


Tree=5
num_leaves=18
num_cat=0
split_feature=5 2 3 13 18 14 3 22 1 1 8 5 10 22 13 3 2
split_gain=11.8805 2.81214 2.7712 1.88421 2.08341 2.37693 1.6895 1.72714 2.10749 1.86579 1.60739 1.77023 1.88267 1.33229 1.17136 1.2874 1.93036
threshold=4.6850000000000014 0.0003959031665177832 0.56500000000000006 1.2499999999999958 0.085970422819072648 2.6450000000000005 5.9650000000000007 3.6041016090782037e-05 0.0010567632396975984 0.00067045409494581782 -0.41666666666666513 4.7750000000000012 -5.4166666666666465 0.00026686343433268705 -1.0000000180025095e-35 1.9950000000000003 0.00023413147035680136
decision_type=2 2 2 2 2 2 2 2 2 2 2 2 2 2 2 2 2
left_child=2 3 -1 4 5 10 7 8 9 -3 11 -2 -13 -9 -14 16 -16
right_child=1 6 -4 -5 -6 -7 -8 13 -10 -11 -12 12 14 -15 15 -17 -18
leaf_value=0.012284126389643242 0.019791015658689584 0.0082822273632413464 -0.0033073948662389408 -0.0013429249333735754 -0.002923211129382253 -0.0043070220819083592 -0.0027232970297336578 0.028174480646848677 0.020875910151263943 -0.0066247816486605287 0.0025688931432686374 -0.00015696337737074686 0.0021164502442618948 0.010860769480466843 0.0096052388297045294 0.017252351641654968 -0.0027561812612571217
leaf_weight=29 23 76 1650 338 144 93 30 20 23 29 773 109 81 25 187 40 38
leaf_count=29 23 76 1650 338 144 93 30 20 23 29 773 109 81 25 187 40 38
internal_value=0 0.0026477 -0.0030381 0.00202706 0.00279255 0.00340495 0.00823048 0.01013 0.00716779 0.00416505 0.00397827 0.00625744 0.00557332 0.0185558 0.00737853 0.00898694 0.00751753
internal_weight=0 2029 1679 1826 1488 1344 203 173 128 105 1251 478 455 45 346 265 225
internal_count=3708 2029 1679 1826 1488 1344 203 173 128 105 1251 478 455 45 346 265 225
is_linear=0
shrinkage=0.05


Tree=6
num_leaves=18
num_cat=0
split_feature=5 2 3 20 0 13 13 18 14 8 5 6 2 5 18 7 5
split_gain=10.7222 2.53796 2.50101 1.78507 1.78704 2.06113 1.7005 1.88028 2.14518 1.45067 1.59763 1.39398 2.65749 3.31507 1.69082 1.56476 1.47959
threshold=4.6850000000000014 0.0003959031665177832 0.56500000000000006 -0.0032861411180600815 0.00038013036086486979 -1.0000000180025095e-35 1.2499999999999958 0.085970422819072648 2.6450000000000005 -0.41666666666666513 4.7750000000000012 2.0000000000002243 0.00014447607916982376 6.495000000000001 0.0096181054372904713 -0.0010917508464571288 8.9500000000000011
decision_type=2 2 2 2 2 2 2 2 2 2 2 2 2 2 2 2 2
left_child=2 6 -1 -3 -5 -6 7 8 9 10 -2 12 13 14 -12 -15 -13
right_child=1 3 -4 4 5 -7 -8 -9 -10 -11 11 16 -14 15 -16 -17 -18
leaf_value=0.011669920307808911 0.018801464917867081 0.0012849841536819071 -0.0031420249284216852 0.019583294592624489 0.019112252759245729 0.0024551227688789368 -0.0012757787271540548 -0.0027770504872832035 -0.0040916711492564092 0.0024404484870208655 0.011610928088426592 0.00089321949441606798 0.0018050869797716048 0.029906597322431106 -0.0034038047492504124 0.013180021417361718 0.013602811040786597
leaf_weight=29 23 69 1650 43 26 65 338 144 93 773 50 192 101 29 30 27 26
leaf_count=29 23 69 1650 43 26 65 338 144 93 773 50 192 101 29 30 27 26
internal_value=0 0.00251532 -0.00288619 0.00781895 0.0111835 0.0072143 0.0019257 0.00265292 0.00323471 0.00377935 0.00594457 0.00529466 0.00794894 0.0125116 0.0059804 0.021842 0.00240904
internal_weight=0 2029 1679 203 134 91 1826 1488 1344 1251 478 455 237 136 80 56 218
internal_count=3708 2029 1679 203 134 91 1826 1488 1344 1251 478 455 237 136 80 56 218
is_linear=0
shrinkage=0.05


Tree=7
num_leaves=18
num_cat=0
split_feature=5 5 2 20 0 13 1 18 13 8 8 14 3 4 2 3 5
split_gain=9.67677 2.34944 2.29051 1.61102 1.6128 1.86017 1.57842 1.8274 1.70314 1.45505 1.77725 1.40118 1.94504 3.72363 1.69298 1.60982 1.87338
threshold=4.6850000000000014 2.5750000000000006 0.0003959031665177832 -0.0032861411180600815 0.00038013036086486979 -1.0000000180025095e-35 2.9587252760402096e-05 0.085970422819072648 2.9999999999999862 -0.41666666666666513 6.5000000000000178 2.4750000000000005 1.9950000000000003 -1.0000000180025095e-35 0.00023413147035680136 1.885 6.7750000000000012
decision_type=2 2 2 2 2 2 2 2 2 2 2 2 2 2 2 2 2
left_child=1 -1 6 -4 -5 -6 -2 8 9 11 -11 12 14 -14 15 16 -8
right_child=2 -3 3 4 5 -7 7 -9 -10 10 -12 -13 13 -15 -16 -17 -18
leaf_value=0.0076178652216803353 -0.0037382654970934412 -0.0030795599779556305 0.0012207350761130236 0.018604130037995274 0.018156640002360711 0.0023323666247037742 0.0040642752065038193 -0.0029961831332032201 -0.0019307191729888149 0.001561782519046765 0.012354213651269675 -0.0031181636859070171 0.028658375373253456 0.0067374118456715038 -0.0036545570663831851 -0.0071244899183511741 0.012502455297443602
leaf_weight=53 119 1626 69 43 26 65 196 153 174 823 40 44 26 76 54 22 99
leaf_count=53 119 1626 69 43 26 65 196 153 174 823 40 44 26 76 54 22 99
internal_value=0 -0.00274188 0.00238955 0.007428 0.0106243 0.00685359 0.00182942 0.00221756 0.00273088 0.00331865 0.00206201 0.00541628 0.00621018 0.0123251 0.00452899 0.00592304 0.00689607
internal_weight=0 1679 2029 203 134 91 1826 1707 1554 1380 863 517 473 102 371 317 295
internal_count=3708 1679 2029 203 134 91 1826 1707 1554 1380 863 517 473 102 371 317 295
is_linear=0
shrinkage=0.05


Tree=8
num_leaves=18
num_cat=0
split_feature=5 3 3 3 3 1 22 18 3 5 2 14 0 3 3 5 5
split_gain=8.73329 2.17315 2.0768 2.0522 1.60686 1.68698 2.05867 1.661 1.53796 2.27482 2.39819 2.10178 1.9376 2.66928 1.81191 1.99443 2.56899
threshold=4.6850000000000014 0.56500000000000006 3.3150000000000004 5.9650000000000007 2.6150000000000007 2.9587252760402096e-05 -0.0024641875462623748 0.085970422819072648 1.9950000000000003 6.0750000000000011 0.00022948028557848781 1.3825000000000001 0.00022564939150077195 2.3150000000000004 1.8050000000000004 6.9350000000000014 8.3150000000000031
decision_type=2 2 2 2 2 2 2 2 2 2 2 2 2 2 2 2 2
left_child=1 -1 4 -4 5 -2 -7 8 14 -10 11 -11 13 -12 15 -8 -17
right_child=2 -3 3 -5 -6 6 7 -9 9 10 12 -13 -14 -15 -16 16 -18
leaf_value=0.010963744490311065 -0.0035513521931251563 -0.002843264133189664 0.011880809618066056 -0.00304700550933679 -0.0042202203887180224 0.017465363507685457 0.0017644383284178646 -0.0024899621725462048 0.021901149515594756 0.010679882972739465 0.029361419856548311 -0.0020600818040716739 0.0054709529103357584 0.0048545038327574737 -0.0018358066172923073 0.0092008490341179312 -0.0065000891188780469
leaf_weight=29 119 1650 99 30 103 23 715 157 21 43 25 131 79 20 236 198 30
leaf_count=29 119 1650 99 30 103 23 715 157 21 43 25 131 79 20 236 198 30
internal_value=0 -0.00260479 0.00227008 0.00840922 0.00185326 0.00220138 0.00260935 0.00240289 0.00291569 0.00599567 0.00487482 0.0010883 0.0101882 0.0184695 0.00208235 0.00306293 0.00713494
internal_weight=0 1679 2029 129 1900 1797 1678 1655 1498 319 298 174 124 45 1179 943 228
internal_count=3708 1679 2029 129 1900 1797 1678 1655 1498 319 298 174 124 45 1179 943 228
is_linear=0
shrinkage=0.05


Tree=9
num_leaves=18
num_cat=0
split_feature=5 5 2 20 0 13 14 2 22 2 15 1 3 5 5 15 3
split_gain=7.88179 2.04205 1.93606 1.42393 1.43697 1.63841 1.41853 4.47383 3.28146 2.11275 3.12851 3.63968 2.87491 1.81224 1.69393 1.27472 1.54947
threshold=4.6850000000000014 2.5750000000000006 0.0003959031665177832 -0.0032861411180600815 0.00038013036086486979 -1.0000000180025095e-35 1.2350000000000001 0.00013757826133235174 -3.6238667867782841e-05 0.00020125595990399398 2.8750000000000004 0.00019666780930480541 2.0550000000000002 6.7250000000000005 4.8950000000000005 2.3450000000000002 2.3750000000000004
decision_type=2 2 2 2 2 2 2 2 2 2 2 2 2 2 2 2 2
left_child=1 -1 6 -4 -5 -6 7 8 -2 -8 15 -12 -13 -10 -9 16 -11
right_child=2 -3 3 4 5 -7 9 14 13 10 11 12 -14 -15 -16 -17 -18
leaf_value=0.0071837528415446012 0.021851730098327003 -0.0027893629628445537 0.00095310428220292799 0.017326079932756203 0.016842485677737457 0.0019913644630175373 -0.00023317709849264876 0.010769409919157626 0.003131390222179608 0.010264806606267628 0.030514973334290763 0.017749786128600439 -0.0055446282315712711 0.014369107320904732 -0.0013994562470779988 -0.0045376622268269145 -0.0011126371721426646
leaf_weight=53 42 1626 69 43 26 65 1049 32 127 57 22 27 26 50 269 62 63
leaf_count=53 42 1626 69 43 26 65 1049 32 127 57 22 27 26 50 269 62 63
internal_value=0 -0.00247455 0.00215657 0.00678881 0.00979377 0.00623454 0.0016416 0.00385016 0.00928728 0.000762231 0.0048252 0.0134188 0.00632234 0.00630589 -0.000105756 0.00128386 0.00429165
internal_weight=0 1679 2029 203 134 91 1826 520 219 1306 257 75 53 177 301 182 120
internal_count=3708 1679 2029 203 134 91 1826 520 219 1306 257 75 53 177 301 182 120
is_linear=0
shrinkage=0.05


Tree=10
num_leaves=18
num_cat=0
split_feature=1 3 7 6 3 19 20 16 20 7 6 18 22 3 15 14 15
split_gain=7.52929 2.99099 1.63002 1.51271 2.15011 2.39645 2.08 1.89538 1.61611 1.49466 1.46232 1.44315 1.23057 1.22708 1.11561 1.29576 1.5549
threshold=6.5726403584304391e-05 1.4950000000000003 -0.0055161523069370824 -5.0000000000000036 1.8350000000000002 0.0010678886996755568 0.0062408876218785778 1.0000000000000007 0.00032080376251941717 -0.0082106832309584137 -11.999999999999831 -0.013279525471383944 0.00073007286657389436 3.3350000000000004 3.3550000000000004 0.31500000000000006 1.1650000000000003
decision_type=2 2 2 2 2 2 2 2 2 2 2 2 2 2 2 2 2
left_child=-1 14 3 6 5 7 10 8 -5 13 -3 -4 -13 -6 15 16 -2
right_child=1 2 11 4 9 -7 -8 -9 -10 -11 -12 12 -14 -15 -16 -17 -18
leaf_value=-0.0024394007038099231 0.00068198162175360185 0.007473572057027084 1.3281978093660796e-05 0.016260917007158964 -0.0018924666978653124 0.0012890567754705747 -0.00092041910342548206 0.024973698891699314 0.00082482655843098957 0.013014902740716936 0.022862284963852481 0.0052019100324908326 -0.0065049206993232182 0.0081086660294156336 0.010944395664740694 -0.0025186380000799067 0.013301495462656021
leaf_weight=1633 399 26 364 39 159 60 23 28 30 25 38 347 24 38 22 397 26
leaf_count=1633 399 26 364 39 159 60 23 28 30 25 38 347 24 38 22 397 26
internal_value=0 0.00211376 0.00371675 0.00603012 0.00466524 0.00914349 0.011976 0.0140019 0.00954957 0.0014982 0.0166106 0.00225004 0.00444459 3.66858e-05 -0.000167267 -0.000464659 0.001454
internal_weight=0 2045 1201 466 379 157 87 97 69 222 64 735 371 197 844 822 425
internal_count=3678 2045 1201 466 379 157 87 97 69 222 64 735 371 197 844 822 425
is_linear=0
shrinkage=0.05


Tree=11
num_leaves=18
num_cat=0
split_feature=1 3 5 7 21 6 3 20 7 6 15 1 3 9 15 8 16
split_gain=6.79519 2.69936 1.73876 1.47109 1.43708 1.36522 1.94048 1.8772 1.34893 1.31974 1.19462 3.74238 1.82657 1.82307 1.60903 2.22494 1.74209
threshold=6.5726403584304391e-05 1.4950000000000003 2.5750000000000006 -0.0055161523069370824 0.0054436554100766319 -5.0000000000000036 1.8350000000000002 0.0062408876218785778 -0.0082106832309584137 -11.999999999999831 2.8950000000000005 0.00013932666621876375 1.8550000000000002 2.9999999999999587 2.2750000000000004 -1.0000000000000002 -1.0000000180025095e-35
decision_type=2 2 2 2 2 2 2 2 2 2 2 2 2 2 2 2 2
left_child=2 -2 -1 5 10 7 -7 9 -8 -3 14 -12 -13 -14 15 16 -5
right_child=1 3 -4 4 -6 6 8 -9 -10 -11 11 12 13 -15 -16 -17 -18
leaf_value=0.0099347343208002186 -0.00015731426286047669 0.0070288942416126916 -0.002507596974959162 0.021282319268882275 -0.002650250096601667 0.0085994501000946494 3.4502948979435841e-05 -0.00086565421327300699 0.012240516483485699 0.021501978871657661 -0.0012178177854844502 0.024751149277560988 0.016708275157739136 -0.0005203344871600469 -0.0026969901722691514 0.00094981611052633453 0.0060598984371338571
leaf_weight=28 844 26 1605 25 128 157 197 23 25 38 77 26 34 27 136 212 70
leaf_count=28 844 26 1605 25 128 157 197 23 25 38 77 26 34 27 136 212 70
internal_value=0 0.00198799 -0.00229426 0.0034956 0.00211616 0.00567133 0.00438766 0.0112634 0.00140905 0.0156223 0.00312127 0.00673043 0.0137651 0.0090825 0.00178515 0.00377072 0.0100658
internal_weight=0 2045 1633 1201 735 466 379 87 222 64 607 164 87 61 443 307 95
internal_count=3678 2045 1633 1201 735 466 379 87 222 64 607 164 87 61 443 307 95
is_linear=0
shrinkage=0.0495


Tree=12
num_leaves=18
num_cat=0
split_feature=1 3 7 21 6 3 19 15 20 7 15 0 3 15 1 3 9
split_gain=6.13911 2.43874 1.32906 1.29833 1.23341 1.75312 2.1628 1.81255 1.71686 1.21869 1.16994 1.12458 1.10744 1.07928 3.38105 1.65022 1.64705
threshold=6.5726403584304391e-05 1.4950000000000003 -0.0055161523069370824 0.0054436554100766319 -5.0000000000000036 1.8350000000000002 0.0010678886996755568 0.85500000000000009 0.0017738314499611276 -0.0082106832309584137 2.6350000000000002 0.00012250609175736051 3.3350000000000004 2.8950000000000005 0.00013932666621876375 1.8550000000000002 2.9999999999999587
decision_type=2 2 2 2 2 2 2 2 2 2 2 2 2 2 2 2 2
left_child=-1 -2 4 13 8 6 7 -6 -3 12 -10 -9 -7 -4 -15 -16 -17
right_child=1 2 3 -5 5 9 -8 11 10 -11 -12 -13 -14 14 15 16 -18
leaf_value=-0.0021588836940576875 -0.00014803202663208424 0.017249490613415838 0.0016798167695945998 -0.0024938721209275538 0.023983996854633094 -0.0017637571246654918 0.00077881827574968331 0.0018209632200887427 -0.0051050631918869915 0.011518264805442095 0.011271392807252704 0.014146259003961459 0.0075482476015702677 -0.0011459607111396534 0.023290707666088758 0.015722403369556895 -0.00048963216483592989
leaf_weight=1633 844 45 443 128 25 159 60 32 20 25 22 40 38 77 26 34 27
leaf_count=1633 844 45 443 128 25 159 60 32 20 25 22 40 38 77 26 34 27
internal_value=0 0.00187069 0.00328935 0.0019913 0.00533669 0.00412877 0.00809204 0.0126157 0.0105988 0.00132591 0.00347308 0.00866835 3.24671e-05 0.0029371 0.0063333 0.0129529 0.00854658
internal_weight=0 2045 1201 735 466 379 157 97 87 222 42 72 197 607 164 87 61
internal_count=3678 2045 1201 735 466 379 157 97 87 222 42 72 197 607 164 87 61
is_linear=0
shrinkage=0.049005


Tree=13
num_leaves=18
num_cat=0
split_feature=0 15 2 3 2 5 15 2 1 2 5 0 18 15 5 4 3
split_gain=5.57701 3.03143 3.2426 2.72357 1.9592 1.62253 2.00328 1.6896 1.71898 1.96695 1.53032 1.44544 1.38443 1.35175 1.73698 1.38689 1.31233
threshold=6.3499182144671006e-05 2.8750000000000004 0.00021441151386286257 2.0350000000000006 0.00072509667545322032 4.6850000000000014 2.7250000000000005 2.6496290387515397e-05 3.7838225880678947e-05 4.3855695264137616e-05 2.5750000000000006 0.00025249162074182641 -0.019395657127223128 2.3450000000000002 7.2950000000000008 1.0000000000000122 1.9950000000000003
decision_type=2 2 2 2 2 2 2 2 2 2 2 2 2 2 2 2 2
left_child=5 10 -3 -4 11 -1 7 -7 -9 -10 -2 -5 13 14 15 -12 -11
right_child=1 2 3 4 -6 6 -8 8 9 16 12 -13 -14 -15 -16 -17 -18
leaf_value=-0.0029117672889235431 0.014289348659652248 0.0031228530193420042 0.026236226778669818 0.010874454046391733 0.018188471138499997 0.013890991648060083 -0.003896422655024912 -0.004425722503522694 0.01566933107547909 0.00048249445515578576 -0.0022555612712887359 -0.0073495186921515637 0.0020088633993542672 -0.005071996564064196 0.0059630497174909119 0.0069919104109054733 0.010739930990907309
leaf_weight=1188 20 268 28 20 28 27 189 92 27 215 340 21 893 145 100 43 34
leaf_count=1188 20 268 28 20 28 27 189 92 27 215 340 21 893 145 100 43 34
internal_value=0 0.00189837 0.00587388 0.0134746 0.00829603 -0.00188248 0.000211357 0.00217685 0.00131739 0.00323176 0.000956735 0.00154022 0.000781421 -0.00096397 0.000269288 -0.00121733 0.00188311
internal_weight=0 1906 365 97 69 1772 584 395 368 276 1541 41 1521 628 483 383 249
internal_count=3678 1906 365 97 69 1772 584 395 368 276 1541 41 1521 628 483 383 249
is_linear=0
shrinkage=0.048515


Tree=14
num_leaves=18
num_cat=0
split_feature=1 3 5 16 15 14 19 9 18 15 1 3 2 15 14 15 6
split_gain=5.09 2.06668 1.55331 1.26032 1.47851 2.71237 2.66632 1.90812 1.8794 1.41457 1.77398 2.54152 1.39293 1.00863 1.14449 1.40313 1.67205
threshold=6.5726403584304391e-05 1.4950000000000003 2.5750000000000006 -13.000000000000005 0.76500000000000012 0.58500000000000008 0.0038050967744763802 4.7499999999999885 -0.019395657127223128 2.8750000000000004 0.00015078858974383773 1.885 0.00021441151386286257 3.3550000000000004 0.31500000000000006 1.1650000000000003 6.9999999999999627
decision_type=2 2 2 2 2 2 2 2 2 2 2 2 2 2 2 2 2
left_child=2 13 -1 -3 5 6 7 -5 9 -6 -11 -12 -13 14 15 16 -2
right_child=1 3 -4 4 8 -7 -8 -9 -10 10 11 12 -14 -15 -16 -17 -18
leaf_value=0.0092880184799725863 -0.0005461210161935916 0.011441761774340397 -0.002122772179972191 0.0047304903600369486 -0.002514217920990778 0.022191257144279664 -0.006871875598987073 0.020171648301131478 0.0036778266807404973 -0.0030894929227136556 0.022562709197220563 -0.0064237339126672561 0.0093785892044882038 0.0099968055952238954 -0.0022782999808832025 0.012119136510089546 0.0090114629225070617
leaf_weight=28 351 39 1605 80 274 23 36 24 598 53 21 22 31 22 397 26 48
leaf_count=28 351 39 1605 80 274 23 36 24 598 53 21 22 31 22 397 26 48
internal_value=0 0.00166901 -0.00192712 0.00294899 0.00266394 0.00690534 0.00439408 0.00829383 0.0019719 -0.000572089 0.00361801 0.00842204 0.00281913 -0.000152365 -0.000423997 0.00130814 0.000603664
internal_weight=0 2045 1633 1201 1162 163 140 104 999 401 127 74 53 844 822 425 399
internal_count=3678 2045 1633 1201 1162 163 140 104 999 401 127 74 53 844 822 425 399
is_linear=0
shrinkage=0.0480298


Tree=15
num_leaves=18
num_cat=0
split_feature=5 3 2 3 20 1 0 6 18 14 8 1 3 13 22 8 15
split_gain=4.74341 1.72421 1.5075 1.38545 1.41233 2.01487 1.31781 1.55273 1.29854 1.70539 1.24605 1.78585 2.00836 1.71016 2.65491 1.33815 1.29731
threshold=4.6850000000000014 0.56500000000000006 0.0003959031665177832 5.9650000000000007 0.0067264876819638228 0.0010567632396975984 0.00043359314916635751 -1.0000000000001117 0.085970422819072648 2.4750000000000005 -0.41666666666666513 0.00012708015221958249 2.2150000000000003 1.0000000000000122 -1.2081891058002279e-05 6.999999999999992 2.8750000000000004
decision_type=2 2 2 2 2 2 2 2 2 2 2 2 2 2 2 2 2
left_child=1 -1 8 4 5 6 7 -4 9 10 11 12 13 14 -2 16 -12
right_child=2 -3 3 -5 -6 -7 -8 -9 -10 -11 15 -13 -14 -15 -16 -17 -18
leaf_value=0.0096507192467905865 0.015971452914002926 -0.0020449733462943689 0.016833082625049726 -0.0039722840932212783 0.015945725384739606 0.016419478478407384 -0.0029078806520449682 0.00063601946009226467 -0.0030072659385930699 -0.0020753952935699828 -0.00012043573165844601 0.0014593413715266053 0.020032892901926863 -0.0036288856771179005 0.0036041974991301955 0.0096816235645770746 0.0050608447117117782
leaf_weight=29 57 1650 23 30 33 28 57 32 156 252 714 291 24 38 126 39 129
leaf_count=29 57 1650 23 30 33 28 57 32 156 252 714 291 24 38 126 39 129
internal_value=0 -0.00184296 0.00157364 0.00546084 0.00709664 0.00501078 0.00215861 0.00740934 0.0011415 0.00152904 0.00216961 0.00397773 0.00696895 0.00555024 0.00745629 0.00107079 0.000672429
internal_weight=0 1679 2029 203 173 140 112 55 1826 1670 1418 536 245 221 183 882 843
internal_count=3708 1679 2029 203 173 140 112 55 1826 1670 1418 536 245 221 183 882 843
is_linear=0
shrinkage=0.0475495


Tree=16
num_leaves=18
num_cat=0
split_feature=5 3 3 3 3 21 14 18 3 5 2 3 5 5 2 1 2
split_gain=4.30304 1.56414 1.40458 1.75796 1.4556 1.4527 1.42688 1.37355 1.61732 2.66391 2.09747 1.81557 1.50728 2.23563 2.0413 1.45717 1.90624
threshold=4.6850000000000014 0.56500000000000006 3.3150000000000004 5.9650000000000007 2.6150000000000007 -0.0068022735658308511 1.8650000000000004 0.085970422819072648 1.9950000000000003 6.0550000000000006 0.00011140771744116544 1.8050000000000004 6.9350000000000014 8.3150000000000031 0.00023934326616045274 0.00010601854896447051 0.00021441151386286257
decision_type=2 2 2 2 2 2 2 2 2 2 2 2 2 2 2 2 2
left_child=1 -1 4 5 7 -4 -7 8 11 -10 -11 12 -2 14 -14 -12 -17
right_child=2 -3 3 -5 -6 6 -8 -9 9 10 15 -13 13 -15 -16 16 -18
leaf_value=0.0090999140572461841 0.0010267572016682163 -0.0019282584795255705 0.019930241572046262 -0.0037455699256410888 -0.0042811664109292814 0.017032290957174623 0.0024183284176038291 -0.0026615311599900125 0.019238214598979942 -0.0025661272591014864 0.0160106778416086 -0.0025291502473989433 0.0093565002485145651 -0.0066311760024453945 -0.0031664085656014406 -0.0017230844228673073 0.007899313988307852
leaf_weight=29 817 1650 22 30 103 20 57 162 26 89 28 245 164 30 35 70 131
leaf_count=29 817 1650 22 30 103 20 57 162 26 89 28 245 164 30 35 70 131
internal_value=0 -0.00173778 0.00148383 0.00623712 0.0011611 0.00926218 0.00621416 0.00147304 0.00188271 0.00475088 0.00356638 0.00111845 0.00197282 0.00534806 0.00715398 0.00594975 0.00454823
internal_weight=0 1679 2029 129 1900 99 77 1797 1635 344 318 1291 1046 229 199 229 201
internal_count=3708 1679 2029 129 1900 99 77 1797 1635 344 318 1291 1046 229 199 229 201
is_linear=0
shrinkage=0.047074


Tree=17
num_leaves=18
num_cat=0
split_feature=3 18 3 14 15 0 3 6 3 3 8 2 15 10 16 13 12
split_gain=3.54726 1.33637 1.30786 1.3199 1.46031 2.03595 1.95898 1.79921 1.69758 3.25482 1.31201 1.14685 1.28621 1.13548 1.12452 1.27565 1.38427
threshold=1.4850000000000001 -0.11264646151788509 0.56500000000000006 0.30250000000000005 0.81250000000000011 0.0002386559944208545 1.1850000000000003 0.99999999999988998 0.87500000000000011 0.79500000000000015 -4.2499999999999973 4.2996497766887604e-05 3.6250000000000004 0.50000000000005607 -13.000000000000005 2.9999999999999862 5.0000000000000018
decision_type=2 2 2 2 2 2 2 2 2 2 2 2 2 2 2 2 2
left_child=2 -2 -1 4 8 6 7 -6 9 -4 -10 -3 14 -11 -13 16 -16
right_child=1 11 3 -5 5 -7 -8 -9 10 13 -12 12 -14 -15 15 -17 -18
leaf_value=0.008584828828233311 0.009323371515166802 -0.0024602943171379366 -0.00060518633328946749 -0.0023157179798613385 -0.0024255317739326158 -0.0081921673440816436 0.014984697739618117 0.011762581503098064 0.0072391531841232201 0.021397154954119282 -0.0029992527367330435 0.009273965720411257 0.013572407748831446 0.0065877624158423497 0.0017718061823297586 -0.0022612734674382993 0.013572161887671359
leaf_weight=29 48 149 138 1267 55 24 41 30 29 22 434 41 20 23 1160 176 22
leaf_count=29 48 149 138 1267 55 24 41 30 29 22 434 41 20 23 1160 176 22
internal_value=0 0.00166369 -0.00124322 -0.00138138 0.000105821 0.00424823 0.00661782 0.00258204 -0.000856037 0.00294394 -0.00235797 0.00142921 0.00183762 0.0138279 0.00166986 0.00144028 0.00199144
internal_weight=0 1616 2092 2063 796 150 126 85 646 183 463 1568 1419 45 1399 1358 1182
internal_count=3708 1616 2092 2063 796 150 126 85 646 183 463 1568 1419 45 1399 1358 1182
is_linear=0
shrinkage=0.0466033


Tree=18
num_leaves=18
num_cat=0
split_feature=5 18 1 14 2 5 18 1 0 1 7 16 12 1 21 21 6
split_gain=3.58814 1.28524 1.88912 1.30628 2.17294 1.28096 1.11643 2.06799 1.47699 1.39246 1.17696 1.59222 1.54611 1.32638 1.51194 1.17986 1.39525
threshold=4.6850000000000014 0.081142826735724718 0.0010567632396975984 2.4750000000000005 0.00022948028557848781 2.5750000000000006 0.05603781016605703 0.00029160087980803414 0.00022275713761717134 0.00010511337443654477 -0.0017718737123010862 4 -1.0000000000000118 4.0450558078611529e-05 0.0067529460302403485 -0.006932947030877378 -4.9999999999999369
decision_type=2 2 2 2 2 2 2 2 2 2 2 2 2 2 2 2 2
left_child=5 2 3 6 -5 -1 8 9 10 -8 11 13 -12 -2 -15 -14 -17
right_child=1 -3 -4 4 -6 -7 7 -9 -10 -11 12 -13 15 14 -16 16 -18
leaf_value=0.0055031530716082499 -0.0056207471619480372 -0.0021642778210340125 0.012178270358214987 -0.0029398892918719049 0.011649005666495316 -0.0017854805000415805 0.010103538910422916 0.017500925573548324 -0.00091884121648078717 -0.0012767167426921224 -0.0046089281579023301 0.009693680663298624 -0.0072688066167609791 0.0029032782791296534 0.014733282383402038 -0.00071230888595308936 0.0043934700625720396
leaf_weight=53 35 202 36 230 24 1626 37 27 358 60 84 93 27 287 25 174 330
leaf_count=53 35 202 36 230 24 1626 37 27 358 60 84 93 27 287 25 174 330
internal_value=0 0.00132789 0.001714 0.00150367 -0.00156141 -0.0015554 0.00201019 0.00620768 0.00164183 0.00306421 0.00251076 0.00433263 0.00120731 0.00289581 0.0038512 0.00212739 0.00263076
internal_weight=0 2029 1827 1791 254 1679 1537 124 1413 97 1055 440 615 347 312 531 504
internal_count=3708 2029 1827 1791 254 1679 1537 124 1413 97 1055 440 615 347 312 531 504
is_linear=0
shrinkage=0.0461372


Tree=19
num_leaves=18
num_cat=0
split_feature=5 3 18 1 14 2 19 3 15 3 22 3 3 18 19 15 19
split_gain=3.26468 1.24983 1.16938 1.71883 1.18852 1.97706 1.10484 1.31458 1.71386 1.51317 2.21202 1.66562 2.04892 1.34227 1.25558 1.09255 1.068
threshold=4.6850000000000014 0.56500000000000006 0.081142826735724718 0.0010567632396975984 2.4750000000000005 0.00022948028557848781 0.0065473339867291322 3.1250000000000004 2.6050000000000004 2.5050000000000003 -0.0022889943243440953 1.9950000000000003 1.8050000000000004 0.057786474584403343 -0.0021192965020486727 2.8550000000000004 -0.001577927165547943
decision_type=2 2 2 2 2 2 2 2 2 2 2 2 2 2 2 2 2
left_child=1 -1 3 4 6 -6 7 9 -9 10 -2 12 13 16 -13 -8 -12
right_child=2 -3 -4 -5 5 -7 15 8 -10 -11 11 14 -14 -15 -16 -17 -18
leaf_value=0.0079312276869896395 0.017593232438404553 -0.0016340187014421638 -0.0020437797486603801 0.011500234880898439 -0.0027762084677655533 0.01100043714196278 -0.0028491408637853744 0.016928389612961701 0.00093695122265396882 -0.0032404553309483422 0.0040422611667902605 0.0010227114388367934 -0.0027931863332720658 0.0096108467497451715 0.0086625180588290329 0.0061522164597511229 0.0004899471323515618
leaf_weight=29 20 1650 202 36 230 24 163 29 27 103 309 68 188 52 132 34 412
leaf_count=29 20 1650 202 36 230 24 163 29 27 103 309 68 188 52 132 34 412
internal_value=0 -0.00146881 0.00125396 0.00161857 0.00141995 -0.00147448 0.00189827 0.00236782 0.00921823 0.00206905 0.00253211 0.00227266 0.00148342 0.00252352 0.00606498 -0.00129561 0.00201237
internal_weight=0 1679 2029 1827 1791 254 1537 1340 56 1284 1181 1161 961 773 200 197 721
internal_count=3708 1679 2029 1827 1791 254 1537 1340 56 1284 1181 1161 961 773 200 197 721
is_linear=0
shrinkage=0.0456759


Tree=20
num_leaves=18
num_cat=0
split_feature=0 15 1 1 1 13 3 2 18 19 11 9 15 16 3 15 14
split_gain=3.63744 2.48145 2.3345 1.66628 1.64157 1.72464 1.59731 2.55331 1.47151 1.35985 1.09215 1.18527 1.13104 1.57395 1.08676 1.29252 1.05717
threshold=6.3499182144671006e-05 2.8750000000000004 0.00041659036141107858 0.000431001232881904 0.00031067803756707407 -0.75000000000000611 2.3250000000000006 0.00020803536314443157 -0.025548369919955956 0.0080525947568392837 -2.4166666666666443 -8 3.4250000000000003 1.2499999999999958 2.0150000000000001 0.65500000000000014 0.15500000000000003
decision_type=2 2 2 2 2 2 2 2 2 2 2 2 2 2 2 2 2
left_child=-1 3 6 4 8 -6 7 10 -2 16 11 -3 -12 -14 15 -7 -10
right_child=1 2 -4 -5 5 14 -8 -9 9 -11 12 -13 13 -15 -16 -17 -18
leaf_value=-0.0015643632478810191 -0.0014709081940448847 -0.00047851485962217507 0.015952714913421207 -0.0040924773861964548 -0.0046345751732587816 0.013418798707425595 -0.0029476149628559749 0.018834743183106184 0.0064342599734663972 -0.0046521120475254201 -0.0019240173744037748 0.013682654342717596 -0.0034034520556980915 0.0137601459179731 0.01682068499687471 -0.0033595740287141367 0.0017300557860081105
leaf_weight=1772 466 22 45 162 24 24 69 32 150 69 96 45 22 34 38 22 586
leaf_count=1772 466 22 45 162 24 24 69 32 150 69 96 45 22 34 38 22 586
internal_value=0 0.00158252 0.00528946 0.000704496 0.00126803 0.00718608 0.00378994 0.0056421 0.000765156 0.00205957 0.00371441 0.00903272 0.00137015 0.0070173 0.0105634 0.00539436 0.00268879
internal_weight=0 1906 365 1541 1379 108 320 251 1271 805 219 67 152 56 84 46 736
internal_count=3678 1906 365 1541 1379 108 320 251 1271 805 219 67 152 56 84 46 736
is_linear=0
shrinkage=0.05


Tree=21
num_leaves=18
num_cat=0
split_feature=0 3 3 7 5 6 3 19 14 3 6 9 4 1 4 4 7
split_gain=3.28279 1.16321 1.99096 1.34567 1.26563 1.26128 1.17306 1.91569 1.86817 1.45579 1.42935 1.5713 1.67419 1.17612 0.985374 0.950061 0.902226
threshold=6.3499182144671006e-05 1.4950000000000003 1.3450000000000004 -0.0055161523069370824 2.5750000000000006 -9.0000000000000284 1.7950000000000002 0.0038556208569863197 0.7350000000000001 1.7050000000000003 -5.0000000000000036 -4.9999999999999973 0.50000000000000611 0.00011967150231725334 4.9999999999999938 -1.999999999999996 -0.0040007373377120006
decision_type=2 2 2 2 2 2 2 2 2 2 2 2 2 2 2 2 2
left_child=-1 2 4 6 -2 -5 7 8 -3 13 -8 12 -12 -10 16 -6 -7
right_child=1 3 -4 5 15 14 10 -9 9 -11 11 -13 -14 -15 -16 -17 -18
leaf_value=-0.0014861451062472626 0.01341302700340748 0.021686876108569484 -0.0063467041993478567 -0.003419958478620937 0.0091898631905355764 -0.0073306714269247928 0.0094694903327359106 -0.0026555838761851192 0.0093792975466284491 0.017431812360882759 0.013691340730740473 -0.0028283130017019088 0.00050968169456436522 -0.0042839881830981806 -0.0082135133106600155 0.00022292743471155521 0.0030100778145424559
leaf_weight=1772 20 31 106 124 31 22 63 32 36 26 39 124 63 28 22 627 512
leaf_count=1772 20 31 106 124 31 22 63 32 36 26 39 124 63 28 22 627 512
internal_value=0 0.00150339 2.57285e-05 0.00253592 0.00102201 0.00113987 0.00468367 0.00822382 0.011101 0.00745478 0.00280948 0.000952927 0.00554973 0.00340161 0.00215681 0.000645382 0.00258405
internal_weight=0 1906 784 1122 678 680 442 153 121 90 289 226 102 64 556 658 534
internal_count=3678 1906 784 1122 678 680 442 153 121 90 289 226 102 64 556 658 534
is_linear=0
shrinkage=0.05


Tree=22
num_leaves=18
num_cat=0
split_feature=1 15 9 5 5 11 6 2 14 18 15 14 21 2 1 1 15
split_gain=2.97627 1.62397 1.37825 1.19834 0.965591 1.659 1.62653 1.51756 2.77989 1.62642 1.52823 1.93276 1.88895 1.88936 1.37288 1.66981 1.32264
threshold=6.5726403584304391e-05 3.5650000000000004 -15.499999999999979 2.5750000000000006 6.5250000000000012 -5.9999999999999822 16.500000000000007 0.00013757826133235174 1.2350000000000001 0.016684620434783474 2.8750000000000004 2.5650000000000004 0.0051366305151360212 0.00021441151386286257 0.000431001232881904 0.00029888057667890782 2.0850000000000004
decision_type=2 2 2 2 2 2 2 2 2 2 2 2 2 2 2 2 2
left_child=3 2 -2 -1 6 -6 -4 8 9 -7 14 12 13 -12 15 -9 -17
right_child=1 -3 4 -5 5 7 -8 10 -10 -11 11 -13 -14 -15 -16 16 -18
leaf_value=0.0087230208196810311 0.013072388231133422 0.013078777736117101 -0.0002311317204371488 -0.0017106435633615542 -0.0030352274635954512 0.022655881472996305 0.012926753082623086 -0.00036169680201315457 0.0026530932490677799 0.0070598409976810224 0.0055210092441832772 -0.0079752059653401385 -0.0024824942063008037 0.020114152399556981 -0.0048389340214657064 0.013620646929611331 0.00127028853791516
leaf_weight=28 24 29 1099 1605 126 35 24 224 129 32 47 20 28 42 99 46 41
leaf_count=28 24 29 1099 1605 126 35 24 224 129 32 47 20 28 42 99 46 41
internal_value=0 0.00133093 0.00116194 -0.00153174 0.00101844 0.00226986 5.00697e-05 0.00316951 0.00694449 0.015207 0.00181686 0.00638882 0.00884421 0.0124077 0.000289164 0.00192158 0.00780036
internal_weight=0 2045 2016 1633 1992 869 1123 743 196 67 547 137 117 89 410 311 87
internal_count=3678 2045 2016 1633 1992 869 1123 743 196 67 547 137 117 89 410 311 87
is_linear=0
shrinkage=0.05


Tree=23
num_leaves=18
num_cat=0
split_feature=0 15 1 3 2 1 1 13 8 18 9 21 18 15 19 3 19
split_gain=2.74837 2.06411 1.96808 1.43239 2.09218 1.38218 1.35295 1.50649 1.36715 1.22313 1.45395 2.38112 1.46935 2.04299 1.11059 1.34812 1.82704
threshold=6.3499182144671006e-05 2.8750000000000004 0.00041659036141107858 2.3250000000000006 0.00020803536314443157 0.000431001232881904 0.00031067803756707407 -0.75000000000000611 -3.0000000000000004 -0.027795650955712677 4.7499999999999885 0.0012048400055512112 -0.00068627271132282164 1.1250000000000002 -0.00071468391397083708 0.84500000000000008 0.0045544651616273866
decision_type=2 2 2 2 2 2 2 2 2 2 2 2 2 2 2 2 2
left_child=-1 5 3 4 -3 6 8 -8 14 -10 -11 12 -12 -14 -2 -16 -17
right_child=1 2 -4 -5 -6 -7 7 -9 9 10 11 -13 13 -15 15 16 -18
leaf_value=-0.0013605944585248525 -0.0015609231536035184 0.003387842477048369 0.014546369926797021 -0.0030013928702775985 0.01707488326355815 -0.0037949301808336633 -0.0045878764241933821 0.0096164393726558915 -0.0023121088252280107 9.0396997922244561e-05 0.02125797811150551 -0.0027796272036372401 0.017428611516952516 -0.0016477584838867189 -0.0011198813977994417 0.015122713497470295 0.0011244875957836977
leaf_weight=1772 54 219 45 69 32 162 24 84 387 561 25 49 25 32 38 63 37
leaf_count=1772 54 219 45 69 32 162 24 84 387 561 25 49 25 32 38 63 37
internal_value=0 0.0013748 0.00475568 0.00337887 0.0051328 0.000574008 0.00108726 0.00645992 0.000630726 -6.10182e-05 0.0011979 0.00594072 0.0111517 0.00671907 0.00451819 0.00689697 0.00994337
internal_weight=0 1906 365 320 251 1541 1379 108 1271 1079 692 131 82 57 192 138 100
internal_count=3678 1906 365 320 251 1541 1379 108 1271 1079 692 131 82 57 192 138 100
is_linear=0
shrinkage=0.05


Tree=24
num_leaves=18
num_cat=0
split_feature=1 15 9 18 19 17 18 2 2 9 19 16 19 16 18 19 6
split_gain=2.48776 1.42821 1.20468 0.837001 1.07561 0.989094 1.06305 1.06091 1.378 0.993296 0.983262 0.933167 0.784809 1.10222 0.815933 0.759356 1.00684
threshold=6.5726403584304391e-05 3.5650000000000004 -15.499999999999979 -0.018568893280039852 -0.013015714357233475 3.9999999999999707 -0.016001756275531572 9.6482249643903276e-05 0.00012139852129559245 -5.5000000000000151 0.004783445839655843 5.0000000000000018 -0.0058537493413663979 -11.499999999999998 -0.014012289119019692 0.0052556069091530553 16.500000000000007
decision_type=2 2 2 2 2 2 2 2 2 2 2 2 2 2 2 2 2
left_child=-1 2 -2 4 -4 6 -5 -7 -9 -10 11 -11 -8 -14 -15 16 -16
right_child=1 -3 3 5 -6 7 12 8 9 10 -12 -13 13 14 15 -17 -18
leaf_value=-0.0014011105407309987 0.012192881448815267 0.012233163082394107 0.010307245426203895 0.0095104058751383364 -0.00066721966614651342 -0.0011384345756636726 -0.0025361290770686338 0.019845432583242659 -0.00292981407390191 0.0044127034362066884 -0.00090289013460278513 0.01806873008608818 -0.0083068458097321652 -0.0077230074866251512 0.0023232047973447537 -0.0015494714677333832 0.012747683469206095
leaf_weight=1633 24 29 23 37 763 45 144 20 26 22 20 29 28 22 664 125 24
leaf_count=1633 24 29 23 37 763 45 144 20 26 22 20 29 28 22 664 125 24
internal_value=0 0.00121611 0.00105763 0.000923469 -0.000346084 0.00175089 0.00118683 0.00538592 0.00789528 0.00543134 0.00849317 0.0121779 0.000881001 0.00145118 0.0017784 0.00203551 0.00268685
internal_weight=0 2045 2016 1992 786 1206 1044 162 117 97 71 51 1007 863 835 813 688
internal_count=3678 2045 2016 1992 786 1206 1044 162 117 97 71 51 1007 863 835 813 688
is_linear=0
shrinkage=0.05


Tree=25
num_leaves=18
num_cat=0
split_feature=5 18 1 14 2 3 22 3 10 0 18 3 14 22 2 1 3
split_gain=2.16549 1.16975 1.34573 1.11243 1.49787 1.04726 0.979973 0.906138 1.5834 1.36842 1.74154 1.48589 1.59476 1.49231 1.304 1.18072 1.03879
threshold=4.6850000000000014 0.085970422819072648 0.0010567632396975984 2.4750000000000005 0.00022948028557848781 0.56500000000000006 -0.0024641875462623748 3.1250000000000004 3.9999999999999707 0.00023015135905199828 0.045897874158743697 1.2350000000000001 0.115 -1.2081015288933903e-05 0.00058002305246669021 0.00026710277035244093 1.9950000000000003
decision_type=2 2 2 2 2 2 2 2 2 2 2 2 2 2 2 2 2
left_child=5 2 3 6 -5 -1 -2 9 14 11 -11 12 -8 -14 -9 -12 -13
right_child=1 -3 -4 4 -6 -7 7 8 -10 10 15 16 13 -15 -16 -17 -18
leaf_value=0.0080988944604479026 0.011246596856249704 -0.0026607619150277768 0.011061854681207075 -0.002972768125615918 0.010145930945873261 -0.0014858611840190309 0.019991148151457312 0.019033866272918112 -0.0030498785754809014 -0.0030863673464294706 -0.0011174927864755905 0.0005546996813207706 0.014119056263007225 0.001618033877395569 0.0026737895395074571 0.015116863449414573 0.0043472667263836423
leaf_weight=29 27 187 36 233 24 1650 20 29 26 269 21 748 32 94 21 24 238
leaf_count=29 27 187 36 233 24 1650 20 29 26 269 21 748 32 94 21 24 238
internal_value=0 0.00110715 0.00148967 0.00129886 -0.00174768 -0.00132031 0.00180432 0.00163681 0.00695835 0.00135712 -0.00156336 0.00216722 0.00687485 0.0047929 0.0121626 0.00754083 0.00147015
internal_weight=0 2029 1842 1806 257 1679 1549 1522 76 1446 314 1132 146 126 50 45 986
internal_count=3708 2029 1842 1806 257 1679 1549 1522 76 1446 314 1132 146 126 50 45 986
is_linear=0
shrinkage=0.05


Tree=26
num_leaves=18
num_cat=0
split_feature=5 18 1 13 3 5 4 14 6 8 12 22 14 13 9 3 5
split_gain=1.95436 1.05689 1.21043 1.00182 0.94515 0.930273 0.89274 1.1053 0.863002 1.07062 1.37902 1.58789 3.40754 1.23446 0.91516 0.86334 1.41305
threshold=4.6850000000000014 0.081142826735724718 0.0010567632396975984 2.9999999999999862 0.56500000000000006 15.805000000000001 1.0000000000000122 2.3625000000000003 8.2500000000000036 -0.41666666666666513 2.1666666666666616 -2.4160863026922993e-05 1.2350000000000001 0.58333333333335802 -11.250000000000014 1.7150000000000001 7.0850000000000009
decision_type=2 2 2 2 2 2 2 2 2 2 2 2 2 2 2 2 2
left_child=4 2 3 5 -1 8 7 -3 9 10 11 12 -2 15 -10 16 -13
right_child=1 6 -4 -5 -6 -7 -8 -9 14 -11 -12 13 -14 -15 -16 -17 -18
leaf_value=0.0076939501382153608 0.021665728455170608 -0.0017865608026693158 0.010508761948181525 -0.0019785309948448866 -0.0014115680765473483 0.010402733658750853 -0.0060881739772028392 0.010939331636542366 0.0056315256229468764 0.0009150280739942734 -0.0050407539028674364 0.0016381877392311309 0.003971489738259051 0.013874225820536198 -0.0033307374059374818 -0.0015474581274024228 0.012434272105113053
leaf_weight=29 39 91 36 212 1650 30 90 21 35 880 40 136 90 23 153 114 39
leaf_count=29 39 91 36 212 1650 30 90 21 35 880 40 136 90 23 153 114 39
internal_value=0 0.00105179 0.00143124 0.00124877 -0.0012543 0.00168208 -0.00238013 0.000599544 0.00151318 0.00195181 0.00384864 0.00465493 0.00932091 0.00272573 -0.00166223 0.00183848 0.00404417
internal_weight=0 2029 1827 1791 1679 1579 202 112 1549 1361 481 441 129 312 188 289 175
internal_count=3708 2029 1827 1791 1679 1579 202 112 1549 1361 481 441 129 312 188 289 175
is_linear=0
shrinkage=0.05


Tree=27
num_leaves=18
num_cat=0
split_feature=3 1 18 1 0 3 20 5 10 3 17 21 0 7 18 0 5
split_gain=1.76568 1.64601 1.11873 1.29077 1.18552 1.46599 2.00282 1.7486 1.65066 1.58485 1.37252 1.42346 1.25856 1.16753 1.13542 1.11246 1.07135
threshold=1.4850000000000001 3.5433882037386114e-05 0.085970422819072648 0.0010567632396975984 7.9573246589843182e-05 1.9450000000000001 0.0051958040256041569 8.2050000000000018 1.7500000000000073 2.0850000000000004 3.0000000000000142 -0.001768794136050855 7.3325817545347088e-05 -0.0019579595575625604 -0.11264646151788509 5.1243537552504609e-05 15.805000000000001
decision_type=2 2 2 2 2 2 2 2 2 2 2 2 2 2 2 2 2
left_child=-1 -2 3 4 5 7 9 8 12 -7 11 -10 -3 16 -15 -11 -6
right_child=1 2 -4 -5 13 6 -8 -9 10 15 -12 -13 -14 14 -16 -17 -18
leaf_value=-0.000951745954073296 -0.003953123465180397 -0.00059198934020418114 -0.0023396374250681984 0.011967344469193257 0.0023755413313218624 0.02193264172722896 -0.0042379516261545095 -0.0099986578982609979 0.022074191845380342 0.0013891250255607789 -0.00056367101004490487 0.0068912963922086517 0.012404061215264458 0.0089962479369393705 -0.0011881202589643838 0.015727739796663323 0.013519690120997636
leaf_weight=2092 139 165 151 33 346 30 22 26 26 31 26 38 21 29 486 24 23
leaf_count=2092 139 165 151 33 346 30 22 26 26 31 26 38 21 29 486 24 23
internal_value=0 0.00124862 0.00173815 0.00220252 0.0019533 0.00417911 0.00920816 0.0023973 0.00356504 0.0126883 0.00912381 0.0130593 0.000875307 0.000923478 -0.000614632 0.00764598 0.00307016
internal_weight=0 1616 1477 1326 1293 409 107 302 276 85 90 64 186 884 515 55 369
internal_count=3708 1616 1477 1326 1293 409 107 302 276 85 90 64 186 884 515 55 369
is_linear=0
shrinkage=0.05


Tree=28
num_leaves=18
num_cat=0
split_feature=5 22 5 16 18 12 8 13 7 9 3 3 5 2 3 3 0
split_gain=1.62838 0.947229 0.865065 1.14196 0.852576 0.993935 0.868467 1.05303 1.12837 1.6711 1.05436 2.18619 1.41551 1.24013 1.3883 1.24236 1.17025
threshold=4.6850000000000014 0.0028280463254199977 2.5750000000000006 3.9999999999999871 0.081142826735724718 -10.499999999999996 8.4999999999999982 1.2499999999999958 0.030422762552373087 -1.0000000180025095e-35 2.5550000000000002 1.9950000000000003 6.0550000000000006 0.00021202386908911118 2.2650000000000001 2.2150000000000003 0.0001001454978183786
decision_type=2 2 2 2 2 2 2 2 2 2 2 2 2 2 2 2 2
left_child=2 4 3 -1 5 -2 7 8 10 -10 11 -7 -13 15 -15 -14 -17
right_child=1 -3 -4 -5 -6 6 -8 -9 9 -11 -12 12 13 14 -16 16 -18
leaf_value=0.010854921241601308 0.011991941024150167 0.010442224689401113 -0.0013499033954658926 -0.0042863187566399581 -0.0022864453210897254 0.00050647808393440303 0.0087376386962003168 -0.0015606917547328133 -0.00057702595895191408 0.01122858674413916 -0.0036598739421202079 0.018490860682158244 -0.005042005265536516 0.01631058268249035 0.0035182880858580269 0.012411984524899914 -0.0028749240296227592
leaf_weight=33 21 26 1626 20 197 964 36 350 53 69 108 21 46 38 48 31 21
leaf_count=33 21 26 1626 20 197 964 36 350 53 69 108 21 46 38 48 31 21
internal_value=0 0.000959997 -0.001145 0.00514125 0.000836913 0.00117761 0.00105038 0.000892156 0.00150581 0.00609992 0.0010669 0.00150359 0.00619246 0.00478884 0.0091707 0.000943529 0.00623843
internal_weight=0 2029 1679 53 2003 1806 1785 1749 1399 122 1277 1169 205 184 86 98 52
internal_count=3708 2029 1679 53 2003 1806 1785 1749 1399 122 1277 1169 205 184 86 98 52
is_linear=0
shrinkage=0.05


Tree=29
num_leaves=18
num_cat=0
split_feature=5 8 10 3 13 7 10 9 8 22 20 22 5 18 2 10 15
split_gain=1.46962 0.859866 1.1937 0.818463 0.813479 1.25102 1.88543 1.40561 1.26384 1.46412 1.79849 1.47467 1.52808 1.21282 0.917456 0.830216 1.08795
threshold=4.6850000000000014 6.5000000000000178 0.50000000000005607 0.56500000000000006 1.0000000000000122 0.031002780789873733 1.250000000000018 3.9999999999999987 -0.41666666666666513 -2.4159403746726312e-05 -0.0053347708618307612 -0.00081214228462261884 8.2850000000000019 -0.02203362402229608 5.3074938535475228e-05 -6.0000000000000266 1.675
decision_type=2 2 2 2 2 2 2 2 2 2 2 2 2 2 2 2 2
left_child=3 4 -3 -1 5 8 13 -8 9 10 -2 -12 14 -7 -13 16 -11
right_child=1 2 -4 -5 -6 6 7 -9 -10 15 11 12 -14 -15 -16 -17 -18
leaf_value=0.0072392209079758883 -0.0021894440768246959 0.016807855218648911 0.0016464624251868274 -0.0012341038702112256 -0.0012121905597046265 0.010630858074873687 0.02266931703144854 0.0065407698920794902 -0.0003719432783888485 -0.010345972493729171 -0.00014598341376492472 0.0061625444640715926 0.0010942164361476899 -0.004117573117432387 0.018254488448221837 0.0021958126430794344 0.00091858633376401045
leaf_weight=29 47 20 37 1650 421 20 22 35 853 34 33 21 25 46 62 295 58
leaf_count=29 47 20 37 1650 421 20 22 35 853 34 33 21 25 46 62 295 58
internal_value=0 0.000911997 0.00696625 -0.00108775 0.000737001 0.00126609 0.00610456 0.0127658 0.000849326 0.00266105 0.00628099 0.00910447 0.011931 0.000351648 0.0151951 0.000902531 -0.0032444
internal_weight=0 2029 57 1679 1972 1551 123 57 1428 575 188 141 108 66 83 387 92
internal_count=3708 2029 57 1679 1972 1551 123 57 1428 575 188 141 108 66 83 387 92
is_linear=0
shrinkage=0.05


end of trees

feature_importances:
f_3=81
f_5=55
f_1=47
f_2=37
f_15=37
f_18=32
f_14=28
f_0=24
f_6=19
f_7=17
f_19=17
f_8=16
f_13=15
f_22=15
f_9=13
f_20=13
f_16=11
f_21=10
f_10=8
f_4=6
f_12=4
f_11=3
f_17=2

parameters:
[boosting: gbdt]
[objective: regression]
[metric: binary_logloss]
[tree_learner: serial]
[device_type: cpu]
[data: ]
[valid: ]
[num_iterations: 10]
[learning_rate: 0.05]
[num_leaves: 18]
[num_threads: 0]
[deterministic: 0]
[force_col_wise: 0]
[force_row_wise: 0]
[histogram_pool_size: -1]
[max_depth: -1]
[min_data_in_leaf: 20]
[min_sum_hessian_in_leaf: 0.001]
[bagging_fraction: 0.7]
[pos_bagging_fraction: 1]
[neg_bagging_fraction: 1]
[bagging_freq: 5]
[bagging_seed: 3]
[feature_fraction: 0.9]
[feature_fraction_bynode: 1]
[feature_fraction_seed: 2]
[extra_trees: 0]
[extra_seed: 6]
[early_stopping_round: 0]
[first_metric_only: 0]
[max_delta_step: 0]
[lambda_l1: 0]
[lambda_l2: 0]
[linear_lambda: 0]
[min_gain_to_split: 0]
[drop_rate: 0.1]
[max_drop: 50]
[skip_drop: 0.5]
[xgboost_dart_mode: 0]
[uniform_drop: 0]
[drop_seed: 4]
[top_rate: 0.2]
[other_rate: 0.1]
[min_data_per_group: 100]
[max_cat_threshold: 32]
[cat_l2: 10]
[cat_smooth: 10]
[max_cat_to_onehot: 4]
[top_k: 20]
[monotone_constraints: ]
[monotone_constraints_method: basic]
[monotone_penalty: 0]
[feature_contri: ]
[forcedsplits_filename: ]
[refit_decay_rate: 0.9]
[cegb_tradeoff: 1]
[cegb_penalty_split: 0]
[cegb_penalty_feature_lazy: ]
[cegb_penalty_feature_coupled: ]
[path_smooth: 0]
[interaction_constraints: ]
[verbosity: 0]
[saved_feature_importance_type: 0]
[linear_tree: 0]
[max_bin: 255]
[max_bin_by_feature: ]
[min_data_in_bin: 3]
[bin_construct_sample_cnt: 200000]
[data_random_seed: 1]
[is_enable_sparse: 1]
[enable_bundle: 1]
[use_missing: 1]
[zero_as_missing: 0]
[feature_pre_filter: 1]
[pre_partition: 0]
[two_round: 0]
[header: 0]
[label_column: ]
[weight_column: ]
[group_column: ]
[ignore_column: ]
[categorical_feature: ]
[forcedbins_filename: ]
[precise_float_parser: 0]
[objective_seed: 5]
[num_class: 1]
[is_unbalance: 0]
[scale_pos_weight: 1]
[sigmoid: 1]
[boost_from_average: 1]
[reg_sqrt: 0]
[alpha: 0.9]
[fair_c: 1]
[poisson_max_delta_step: 0.7]
[tweedie_variance_power: 1.5]
[lambdarank_truncation_level: 30]
[lambdarank_norm: 1]
[label_gain: ]
[eval_at: ]
[multi_error_top_k: 1]
[auc_mu_weights: ]
[num_machines: 1]
[local_listen_port: 12400]
[time_out: 120]
[machine_list_filename: ]
[machines: ]
[gpu_platform_id: -1]
[gpu_device_id: -1]
[gpu_use_dp: 0]
[num_gpu: 1]

end of parameters

pandas_categorical:[]
