tree
version=v3
num_class=1
num_tree_per_iteration=1
label_index=0
max_feature_idx=22
objective=regression
feature_names=f_0 f_1 f_2 f_3 f_4 f_5 f_6 f_7 f_8 f_9 f_10 f_11 f_12 f_13 f_14 f_15 f_16 f_17 f_18 f_19 f_20 f_21 f_22
feature_infos=[3.5138360446667107e-07:0.0066553821535006137] [2.5600331918768856e-06:0.0039732576088439284] [9.2225614268401974e-06:0.0029579505118275174] [0.53000000000000003:6.5599999999999996] [-33.000000000000007:46] [2.4100000000000001:21.82] [-101.00000000000016:144.99999999999994] [-0.15710919088766695:0.17837578087457961] [-81:74] [-46:33.999999999999986] [-51.000000000000021:33.999999999999986] [-33.000000000000007:27.999999999999979] [-41:96.000000000000014] [-36.000000000000007:32.999999999999986] [-0.52000000000000002:2.9100000000000001] [-0.94999999999999996:3.8500000000000001] [-52:73.999999999999972] [-28.000000000000004:24.000000000000004] [-0.29572649572649579:0.64215246636771273] [-0.02958455728073861:0.047292143401983289] [-0.054746473503621829:0.033993115318416534] [-0.039377561323276189:0.045346674363414774] [-0.019984292877423981:0.018327052533256172]
tree_sizes=1826 1856 1841 1855 1844 1874 1874 1857 1876 1872 1888 1874 1873 1860 1855 1891 1896 1910 1936 1897 1871 1848

Tree=0
num_leaves=20
num_cat=0
split_feature=3 3 14 2 3 14 3 3 3 7 19 15 2 15 3 1 1 15 3
split_gain=9.32804 4.97364 3.82431 1.80529 1.75026 2.28913 1.12558 1.95381 3.20891 1.43578 1.13567 0.910084 1.76939 0.92628 0.903585 0.865818 1.10578 1.19837 1.71633
threshold=3.3700000000000006 1.5150000000000003 1.7750000000000001 0.00050104812056764173 5.5750000000000011 2.0350000000000006 1.8950000000000002 1.7250000000000003 1.7850000000000004 0.0089254591182513793 -0.0016993479985223379 2.6350000000000002 0.00017327768808013082 0.27500000000000008 1.6850000000000003 3.7576019723361413e-05 4.593931727492793e-05 2.6125000000000003 1.6450000000000002
decision_type=2 2 2 2 2 2 2 2 2 2 2 2 2 2 2 2 2 2 2
left_child=1 -1 -2 -4 -5 -6 7 14 9 10 -9 13 -13 -10 15 -3 -17 -18 -19
right_child=2 6 3 4 5 -7 -8 8 11 -11 -12 12 -14 -15 -16 16 17 18 -20
leaf_value=0.048484793308328139 0.077787443456914893 0.048362155881357574 0.047787443233397474 0.075287443438288443 0.047787443233397474 0.070287443401035543 0.050609312742958192 0.067430300522605305 0.059151079681699525 0.070864366482257024 0.055060170560310782 0.051869075916869227 0.069216014821624205 0.047787443233397474 0.047787443233397474 0.063304684728320265 0.05059643201837101 0.052549348030781186 0.066358871943193967
leaf_weight=2151 35 87 28 20 26 20 567 28 22 39 55 49 21 97 119 29 178 63 35
leaf_count=2151 35 87 28 20 26 20 567 28 22 39 55 49 21 97 119 29 178 63 35
internal_value=0.0503026 0.0499908 0.0636789 0.0584257 0.062939 0.0575701 0.0523231 0.0535052 0.0566299 0.0629514 0.0592332 0.0525493 0.0570732 0.0498883 0.0516035 0.0527619 0.054017 0.0530411 0.0574813
internal_weight=0 3540 129 94 66 46 1389 822 311 122 83 189 70 119 511 392 305 276 98
internal_count=3669 3540 129 94 66 46 1389 822 311 122 83 189 70 119 511 392 305 276 98
is_linear=0
shrinkage=1


Tree=1
num_leaves=20
num_cat=0
split_feature=3 3 5 14 1 3 5 3 2 3 3 14 5 18 3 5 14 1 3
split_gain=8.41856 4.48871 4.46726 6.69838 3.17047 1.0479 3.04826 2.36879 2.4449 1.87023 3.76995 3.16683 2.17399 2.26403 1.40916 0.955583 0.644984 1.00625 1.52217
threshold=3.3700000000000006 1.5150000000000003 16.830000000000002 1.9350000000000003 0.00092014798587458418 2.2850000000000006 6.9350000000000014 2.1950000000000007 0.00021454633883369949 1.8950000000000002 1.7250000000000003 1.9650000000000001 7.6950000000000012 -0.0050826659777835062 1.5450000000000002 6.7250000000000005 2.3850000000000002 4.9618897856622179e-05 1.7850000000000004
decision_type=2 2 2 2 2 2 2 2 2 2 2 2 2 2 2 2 2 2 2
left_child=1 -1 3 -2 -5 6 16 8 9 10 14 12 13 -12 -8 -7 -3 -18 -19
right_child=2 5 -4 4 -6 15 7 -9 -10 -11 11 -13 -14 -15 -16 -17 17 18 -20
leaf_value=-0.0017268896752363136 0.040423127120504013 -0.00049738575925224835 -0.00068401506259327849 0.0021533106703583789 0.026435627173632383 0.0093742965232758296 0.014136845370133719 0.018681656038670832 -0.00076378977133168121 -0.00074475132195012908 0.030896018513224346 0.034236106686294079 0.0027785833821528487 0.0094618856308183504 0.00056240017268251868 -0.0017304656296968459 -0.0018086650908209275 0.010294064750067063 -0.0015101720113307238
leaf_weight=2151 26 485 42 41 20 21 24 33 135 56 22 20 36 28 94 250 69 72 44
leaf_count=2151 26 485 42 41 20 21 24 33 135 56 22 20 36 28 94 250 69 72 44
internal_value=0 -0.000296152 0.0127075 0.0191724 0.0101147 0.00191948 0.00259563 0.00578844 0.0047632 0.007428 0.00947119 0.0163151 0.0121474 0.0188929 0.0033233 -0.000869949 0.000460739 0.00297258 0.0058166
internal_weight=0 3540 129 87 61 1389 1118 448 415 280 224 106 86 50 118 271 670 185 116
internal_count=3669 3540 129 87 61 1389 1118 448 415 280 224 106 86 50 118 271 670 185 116
is_linear=0
shrinkage=0.05


Tree=2
num_leaves=20
num_cat=0
split_feature=3 3 5 14 1 3 5 3 2 15 15 2 3 15 14 5 15 1 3
split_gain=7.59775 4.05106 4.0317 6.04529 2.86135 0.945733 2.75105 2.13783 2.20652 2.55448 5.03512 2.82303 2.04928 2.41934 2.68849 0.862414 0.730563 0.890307 0.507429
threshold=3.3700000000000006 1.5150000000000003 16.830000000000002 1.9350000000000003 0.00092014798587458418 2.2850000000000006 6.9350000000000014 2.1950000000000007 0.00021454633883369949 1.5650000000000002 0.065000000000000016 0.00012867774293607245 1.885 2.7750000000000004 1.925 6.7250000000000005 3.5850000000000004 4.7954927035639654e-05 3.0750000000000006
decision_type=2 2 2 2 2 2 2 2 2 2 2 2 2 2 2 2 2 2 2
left_child=1 -1 3 -2 -5 6 16 8 9 10 -8 -11 13 -13 -15 -7 -3 -18 -17
right_child=2 5 -4 4 -6 15 7 -9 -10 11 -12 12 -14 14 -16 18 17 -19 -20
leaf_value=-0.0016405450595825953 0.03840197218725315 1.0723185245018856e-05 -0.00064981427221071162 0.0020456453149275081 0.025113846212625503 0.0089055813494182765 -0.00086107142269611361 0.017747572290174891 -0.00072560033588497724 -0.0014467957752323387 0.030860128895989783 0.0041516320407390594 0.00083927040876344196 0.0082116097127172081 0.031568685812609541 -0.002443942427635193 -0.00011889898133548822 0.014457096615806223 0.0046989147152219505
leaf_weight=2151 26 628 42 41 20 21 22 33 135 101 29 35 43 22 28 222 22 20 28
leaf_count=2151 26 628 42 41 20 21 22 33 135 101 29 35 43 22 28 222 22 20 28
internal_value=0 -0.000281344 0.0120722 0.0182138 0.00960899 0.00182351 0.00246585 0.00549902 0.00452504 0.0070566 0.0171765 0.00480283 0.00973417 0.0142339 0.0212916 -0.000826452 0.000437702 0.00682205 -0.00164394
internal_weight=0 3540 129 87 61 1389 1118 448 415 280 51 229 128 85 50 271 670 42 250
internal_count=3669 3540 129 87 61 1389 1118 448 415 280 51 229 128 85 50 271 670 42 250
is_linear=0
shrinkage=0.05


Tree=3
num_leaves=20
num_cat=0
split_feature=3 3 5 14 1 1 3 3 5 0 2 3 1 15 3 3 15 14 14
split_gain=6.85697 3.65608 3.63861 5.45588 2.58237 0.860785 1.2767 3.57069 2.66449 1.75095 1.25485 1.05109 1.05966 1.02151 1.54336 1.36611 1.15787 0.976635 0.807712
threshold=3.3700000000000006 1.5150000000000003 16.830000000000002 1.9350000000000003 0.00092014798587458418 3.7576019723361413e-05 1.7850000000000004 1.7250000000000003 6.9350000000000014 0.00017624809799433419 0.00012867774293607245 1.6850000000000003 4.593931727492793e-05 2.6125000000000003 1.6450000000000002 1.5350000000000004 3.3250000000000006 2.3450000000000002 2.3250000000000006
decision_type=2 2 2 2 2 2 2 2 2 2 2 2 2 2 2 2 2 2 2
left_child=1 -1 3 -2 -5 -3 7 11 17 10 -10 12 -7 15 16 -14 -15 -9 -8
right_child=2 5 -4 4 -6 6 18 8 9 -11 -12 -13 13 14 -16 -17 -18 -19 -20
leaf_value=-0.0015585179236747397 0.036481874034954953 -0.0020457571194342833 -0.00061732352312122074 0.0019433630721234696 0.023858154714107516 0.012391072704360405 0.0016890373161082628 -0.0031018798849705995 0.015856043613431129 0.0077645543389595478 0.032943548368556161 -0.0024806258426803463 0.011182526987977327 -0.002856413201363974 0.014861650594643184 -0.001642471400706412 0.011705577895045281 0.011260294979438187 -0.0022837606168924327
leaf_weight=2151 26 136 42 41 20 29 558 29 22 26 21 106 24 43 35 154 20 20 166
leaf_count=2151 26 136 42 41 20 29 558 29 22 26 21 106 24 43 35 154 20 20 166
internal_value=0 -0.000267277 0.0114685 0.0173031 0.00912854 0.00173233 0.00214241 0.00400956 0.0116761 0.0180076 0.0242011 0.00180846 0.0032991 0.00234378 0.0064433 8.67419e-05 0.00176644 0.00276023 0.000778147
internal_weight=0 3540 129 87 61 1389 1253 529 118 69 43 411 305 276 98 178 63 49 724
internal_count=3669 3540 129 87 61 1389 1253 529 118 69 43 411 305 276 98 178 63 49 724
is_linear=0
shrinkage=0.05


Tree=4
num_leaves=20
num_cat=0
split_feature=3 3 14 2 17 3 3 1 2 1 14 15 15 3 3 1 14 3 3
split_gain=6.18841 3.29961 2.74953 1.38494 1.79922 0.817853 1.28026 3.65758 0.913213 1.03148 1.04614 1.94762 1.60845 1.02363 1.8307 1.65577 1.56538 0.850801 1.02435
threshold=3.3700000000000006 1.5150000000000003 1.7750000000000001 0.00050104812056764173 4.0000000000000027 2.2850000000000006 2.1950000000000007 0.0002391761061390949 0.00028937306815570064 3.7576019723361413e-05 -0.14499999999999999 0.25500000000000006 0.03500000000000001 1.7850000000000004 1.7250000000000003 0.00011877697456191671 1.905 1.6850000000000003 1.635
decision_type=2 2 2 2 2 2 2 2 2 2 2 2 2 2 2 2 2 2 2
left_child=1 -1 -2 -4 -5 6 8 -8 9 -3 -11 12 -12 14 17 -16 -17 18 -13
right_child=2 5 3 4 -6 -7 7 -9 -10 10 11 13 -14 -15 15 16 -18 -19 -20
leaf_value=-0.0014805919130954949 0.022857952788472177 -0.0018912174438516938 -0.0028769723139703274 0.0047543571227126654 0.022478606321272396 -0.00081857898276010564 -0.0031477618031203747 0.023637452438473705 -0.0024857036234741964 -0.0019730456094158456 0.004330976773053408 0.0022022028536432319 0.024383694091811778 0.00084315401629782196 0.0029716162321468194 0.0095063220324187458 0.027431185561276619 -0.0024448977317661049 0.0093674889914151568
leaf_weight=2151 35 124 28 45 21 271 26 25 108 94 20 180 20 306 36 29 21 60 69
leaf_count=2151 35 124 28 45 21 271 26 25 108 94 20 180 20 306 36 29 21 60 69
internal_value=0 -0.000253913 0.0108951 0.00644087 0.0103939 0.00164572 0.00224306 0.00998225 0.00187314 0.00236402 0.00299594 0.00362628 0.0143573 0.00301395 0.00469563 0.0111479 0.0170348 0.00289987 0.00418776
internal_weight=0 3540 129 94 66 1389 1118 51 1067 959 835 741 40 701 395 86 50 309 249
internal_count=3669 3540 129 94 66 1389 1118 51 1067 959 835 741 40 701 395 86 50 309 249
is_linear=0
shrinkage=0.05


Tree=5
num_leaves=20
num_cat=0
split_feature=5 0 14 14 2 14 1 3 3 3 3 3 3 5 5 13 9 14 3
split_gain=4.46238 2.11933 1.27354 1.54633 2.37439 3.76405 1.92245 3.50914 1.52922 3.30333 0.612826 0.535181 1.19176 0.522374 1.03177 1.37566 0.585591 0.438579 0.714244
threshold=7.5850000000000009 0.001445144365974069 2.0350000000000006 1.9450000000000001 0.00010940016466848825 1.1850000000000003 0.00016221783531069172 2.2950000000000004 3.0750000000000006 5.4800000000000013 0.56500000000000006 1.8750000000000002 1.6950000000000001 5.3150000000000004 5.6850000000000014 2.5000000000000249 6.0000000000000009 0.22500000000000003 0.8650000000000001
decision_type=2 2 2 2 2 2 2 2 2 2 2 2 2 2 2 2 2 2 2
left_child=10 2 3 4 5 -2 -5 -8 -6 -10 -1 12 -4 17 15 16 -15 18 -12
right_child=1 -3 11 6 8 -7 7 -9 9 -11 13 -13 -14 14 -16 -17 -18 -19 -20
leaf_value=0.0059606036111231782 0.028621407792988149 0.015878757913455818 -0.0033316719811409714 -0.0013514387514442206 -0.00016082124898628313 -0.00062695075334473092 0.03289001538418234 0.004790951102972031 0.023587763843976935 -0.00080506751579897745 0.0025940740843547272 -0.0017588719144273715 0.012779469838873906 0.00051893950793249852 -0.00094831647095632368 0.014935633413154971 0.0096455641184002155 -0.0020117962889076089 -0.0014158390684548868
leaf_weight=31 22 33 24 20 245 22 20 25 23 35 149 157 22 145 772 22 20 1479 436
leaf_count=31 22 33 24 20 245 22 20 25 23 35 149 157 22 145 772 22 20 1479 436
internal_value=0 0.00353458 0.00287221 0.00446933 0.00314357 0.0139972 0.0115469 0.0172794 0.00156746 0.00886795 -0.00103367 -0.000369235 0.00437366 -0.00110539 -0.000141146 0.00319113 0.0016252 -0.00155341 -0.000394511
internal_weight=0 648 615 412 347 44 65 45 303 58 3054 203 46 3023 959 187 165 2064 585
internal_count=3702 648 615 412 347 44 65 45 303 58 3054 203 46 3023 959 187 165 2064 585
is_linear=0
shrinkage=0.05


Tree=6
num_leaves=20
num_cat=0
split_feature=5 0 15 2 15 15 3 14 3 3 0 3 5 5 13 19 16 4 15
split_gain=4.0273 1.91269 1.36204 1.61471 4.91505 1.52462 2.69738 2.68944 1.5269 3.701 0.674422 0.553076 0.471442 0.931177 1.24153 0.540862 0.433981 0.706727 0.423723
threshold=7.5850000000000009 0.001445144365974069 3.2450000000000006 0.00010940016466848825 1.5650000000000002 2.8750000000000004 1.9650000000000001 1.9450000000000001 3.0750000000000006 5.3000000000000007 0.00060005868465218281 0.56500000000000006 5.3150000000000004 5.6850000000000014 2.5000000000000249 0.0031426070992987003 2.0000000000000013 -1.0000000180025095e-35 0.40500000000000008
decision_type=2 2 2 2 2 2 2 2 2 2 2 2 2 2 2 2 2 2 2
left_child=11 2 3 4 -2 8 7 -7 -5 -10 -11 -1 18 14 15 16 -14 -18 -13
right_child=1 -3 -4 5 -6 6 -8 -9 9 10 -12 12 13 -15 -16 -17 17 -19 -20
leaf_value=0.0056625736456724909 0.029802249558269978 0.015084820252024768 -0.0024572343556653886 0.00010335586619929384 -0.0029164458547408386 0.0035824443772435191 -0.0015715360585035699 0.028181703202426436 0.02473300854958918 0.0065421581733971839 -0.0050811174182364581 3.2380183570479094e-05 -0.0019833289986026701 -0.00090090067251320013 0.014188851306045597 0.0069628836431850985 -0.0025968773197382689 0.010389681338247928 -0.0018160498777355762
leaf_weight=31 22 33 105 313 24 20 33 25 23 24 26 380 87 772 22 36 20 22 1684
leaf_count=31 22 33 105 313 24 20 33 25 23 24 26 380 87 772 22 36 20 22 1684
internal_value=0 0.00335785 0.0027286 0.00379627 0.0127316 0.00291044 0.00928629 0.0172487 0.00162205 0.00813373 0.000498055 -0.000981983 -0.00105012 -0.000134089 0.00303157 0.00154394 3.1673e-05 0.00420561 -0.00147574
internal_weight=0 648 615 510 46 464 78 45 386 73 50 3054 3023 959 187 165 129 42 2064
internal_count=3702 648 615 510 46 464 78 45 386 73 50 3054 3023 959 187 165 129 42 2064
is_linear=0
shrinkage=0.05


Tree=7
num_leaves=20
num_cat=0
split_feature=5 0 15 2 15 15 3 14 3 3 0 3 5 5 13 9 3 3 15
split_gain=3.63464 1.73924 1.27068 1.42397 4.43583 1.72917 1.92451 2.94903 1.32259 3.88916 0.688711 0.499151 0.425476 0.840387 1.12048 0.503718 0.410301 3.73223 0.38241
threshold=7.5850000000000009 0.0018581489659376591 3.2450000000000006 0.00010940016466848825 1.5650000000000002 2.8750000000000004 1.925 1.9450000000000001 3.0750000000000006 5.3000000000000007 0.00060005868465218281 0.56500000000000006 5.3150000000000004 5.6850000000000014 2.5000000000000249 6.0000000000000009 2.2850000000000006 2.1150000000000007 0.40500000000000008
decision_type=2 2 2 2 2 2 2 2 2 2 2 2 2 2 2 2 2 2 2
left_child=11 2 3 4 -2 8 7 -7 16 -10 -11 -1 18 14 15 -14 17 -5 -13
right_child=1 -3 -4 5 -6 6 -8 -9 9 10 -12 12 13 -15 -16 -17 -18 -19 -20
leaf_value=0.0053794449976375027 0.02831213672391393 0.016398318437859417 -0.0023343726353985922 -0.00082152454903529543 -0.002770623580242197 0.0034033223614096646 0.0016291835225927525 0.03023062790078776 0.024092266894876958 0.0062150504750510061 -0.0051486320110658811 3.0761203777633215e-05 0.00044072732714743455 -0.00085585559139250169 0.013479409045116467 0.0089053347241133448 -0.0024080527279901945 0.021909364517778158 -0.0017252474150569524
leaf_weight=31 22 24 105 186 24 20 39 21 24 24 30 380 145 772 22 20 109 20 1684
leaf_count=31 22 24 105 186 24 20 39 21 24 24 30 380 145 772 22 20 109 20 1684
internal_value=0 0.00318996 0.00268194 0.00369681 0.012095 0.00288006 0.0095806 0.0171441 0.00151609 0.00734509 -9.81065e-05 -0.000932883 -0.000997615 -0.000127384 0.00288 0.00146674 7.27174e-05 0.00138536 -0.00140195
internal_weight=0 648 624 519 46 473 80 41 393 78 54 3054 3023 959 187 165 315 206 2064
internal_count=3702 648 624 519 46 473 80 41 393 78 54 3054 3023 959 187 165 315 206 2064
is_linear=0
shrinkage=0.05


Tree=8
num_leaves=20
num_cat=0
split_feature=5 0 15 2 15 15 3 14 3 3 0 3 3 5 5 7 0 14 3
split_gain=3.28351 1.58439 1.09682 1.19214 4.10312 1.19743 2.24572 2.20161 1.21817 3.00398 0.547638 0.449555 0.401122 0.472155 0.887634 1.32635 0.506226 0.381901 0.623879
threshold=7.6050000000000013 0.001445144365974069 3.2450000000000006 0.00010940016466848825 1.5650000000000002 2.8750000000000004 1.9650000000000001 1.9450000000000001 3.0750000000000006 5.3000000000000007 0.00060005868465218281 0.56500000000000006 1.5450000000000002 5.6850000000000014 5.3150000000000004 0.005679897246876898 6.5777942253484185e-05 0.22500000000000003 0.8650000000000001
decision_type=2 2 2 2 2 2 2 2 2 2 2 2 2 2 2 2 2 2 2
left_child=11 2 3 4 -2 8 7 -7 -5 -10 -11 -1 17 14 -14 16 -16 18 -13
right_child=1 -3 -4 5 -6 6 -8 -9 9 10 -12 12 13 -15 15 -17 -18 -19 -20
leaf_value=0.0051104722844977531 0.02803219731897116 0.013731337428996057 -0.0022192465702017532 0.00015105240301802416 -0.0026320923585444692 0.0032331562787294393 -0.0015744184567169708 0.025489898264408114 0.022291744678564693 0.0059042978721360363 -0.0045696298735072981 0.0025567670921551305 -0.0016411943285650498 -0.00059402183772107645 -0.0030961997865233573 0.013532971618149212 0.0066286848696029705 -0.0017280650376623999 -0.0011201899896016794
leaf_weight=31 20 33 103 307 24 20 33 25 23 24 26 149 74 673 32 34 23 1537 511
leaf_count=31 20 33 103 307 24 20 33 25 23 24 26 149 74 673 32 34 23 1537 511
internal_value=0 0.00306263 0.0024807 0.00344503 0.0113062 0.00268981 0.00833275 0.015598 0.00153152 0.00733703 0.000457855 -0.000880154 -0.000941384 -9.23766e-06 0.00240524 0.00576969 0.00097057 -0.00129608 -0.000290089
internal_weight=0 638 605 502 44 458 78 45 380 73 50 3064 3033 836 163 89 55 2197 660
internal_count=3702 638 605 502 44 458 78 45 380 73 50 3064 3033 836 163 89 55 2197 660
is_linear=0
shrinkage=0.05


Tree=9
num_leaves=20
num_cat=0
split_feature=5 0 15 2 15 15 6 3 3 20 4 3 3 3 3 15 14 3 5
split_gain=2.96337 1.43221 1.0246 1.04968 3.70307 1.3974 1.73057 1.04505 3.20393 0.902523 0.621294 0.405723 0.373634 3.35379 0.362013 0.448609 2.45218 0.624549 0.948052
threshold=7.6050000000000013 0.0018581489659376591 3.2450000000000006 0.00010940016466848825 1.5650000000000002 2.8750000000000004 7.9999999999999858 3.0750000000000006 5.3000000000000007 0.0020195417043918922 -1.0000000180025095e-35 0.56500000000000006 2.2850000000000006 2.1150000000000007 1.5450000000000002 2.0250000000000004 1.3650000000000004 1.6850000000000003 5.3150000000000004
decision_type=2 2 2 2 2 2 2 2 2 2 2 2 2 2 2 2 2 2 2
left_child=11 2 3 4 -2 7 9 12 -9 -7 -10 -1 13 -5 -13 -16 -17 18 -18
right_child=1 -3 -4 5 -6 6 -8 8 10 -11 -12 14 -14 -15 15 16 17 -19 -20
leaf_value=0.0048549490590249341 0.026630587987601758 0.014891835255548359 -0.0021082842975710201 -0.00075268872264448727 -0.0025004877631242079 0.009059340526928774 0.021004575127292247 0.021790900841976206 0.0054003735860952973 -0.0037289615297182045 -0.0053333388042769263 -0.0012312790035563922 -0.002309875681641556 0.020806342829018831 -0.001334141694956063 0.017706483673481717 -0.0022423162089230922 -0.00098691961848491384 0.006348101595150573
leaf_weight=31 20 24 103 184 24 37 21 24 26 22 28 2197 105 20 362 21 52 317 84
leaf_count=31 20 24 103 184 24 37 21 24 26 22 28 2197 105 20 362 21 52 317 84
internal_value=0 0.0029095 0.00244113 0.00335814 0.0107409 0.00266254 0.00867818 0.001419 0.00659049 0.00429082 -0.000165255 -0.000836147 0.000113577 0.00136094 -0.000894315 -8.77579e-06 0.00100342 0.000229109 0.00306353
internal_weight=0 638 614 511 44 467 80 387 78 59 54 3064 309 204 3033 836 474 453 136
internal_count=3702 638 614 511 44 467 80 387 78 59 54 3064 309 204 3033 836 474 453 136
is_linear=0
shrinkage=0.05


Tree=10
num_leaves=20
num_cat=0
split_feature=3 14 3 16 16 20 3 3 1 2 1 3 3 3 19 15 3 1 15
split_gain=3.82953 2.32486 2.10122 0.953355 0.688668 0.700828 0.632599 0.974717 2.87326 0.736426 0.788798 0.811178 1.00795 1.61432 0.994768 1.16948 0.880075 0.89042 0.872368
threshold=3.3700000000000006 1.7750000000000001 1.5150000000000003 7.2500000000000133 2.0000000000000013 -0.0019940969063592102 2.2850000000000006 2.1950000000000007 0.0002391761061390949 0.00028937306815570064 3.7576019723361413e-05 1.8950000000000002 1.7250000000000003 1.7850000000000004 -0.0031233288021720869 2.7750000000000004 1.6850000000000003 4.593931727492793e-05 2.6125000000000003
decision_type=2 2 2 2 2 2 2 2 2 2 2 2 2 2 2 2 2 2 2
left_child=2 -2 -1 4 5 -3 7 9 -9 10 -4 12 16 14 -14 -16 17 -12 -19
right_child=1 3 6 -5 -6 -7 -8 8 -10 -11 11 -13 13 -15 15 -17 -18 18 -20
leaf_value=-0.0011189756793308153 0.01963061003812722 -0.00095395566523075116 -0.0017019203954165983 0.01392274603602432 -0.0055603809739378368 0.010770811466500163 -0.00079147553765575827 -0.0029833950317249853 0.020756890699267391 -0.0023358545748999827 0.011541509820983328 -0.00026096257563565194 0.018120165516932806 0.0024261028665166938 0.0025526997044074294 0.014621618466780468 -0.0021474022677956291 -2.5547811992807331e-05 0.0061782273360424574
leaf_weight=2151 35 25 124 21 22 26 271 26 25 108 29 194 30 152 49 34 104 153 90
leaf_count=2151 35 25 124 21 22 26 271 26 25 108 29 194 30 152 49 34 104 153 90
internal_value=0 0.00863033 -0.000140083 0.00453448 0.00183375 0.00502338 0.00137583 0.00190117 0.008654 0.00157841 0.00201922 0.00257182 0.00342917 0.00579091 0.010317 0.00749659 0.00176464 0.00326042 0.00227215
internal_weight=0 129 3540 94 73 51 1389 1118 51 1067 959 835 641 265 113 83 376 272 243
internal_count=3669 129 3540 94 73 51 1389 1118 51 1067 959 835 641 265 113 83 376 272 243
is_linear=0
shrinkage=0.05


Tree=11
num_leaves=20
num_cat=0
split_feature=3 5 14 3 1 3 5 3 5 15 2 15 2 15 5 2 15 1 18
split_gain=3.45615 2.93439 4.0772 1.89635 1.73683 0.57092 1.49518 1.37725 1.49384 1.4568 2.57357 1.87021 2.26783 1.17267 0.744767 0.702921 0.56421 0.720488 0.337622
threshold=3.3700000000000006 16.830000000000002 1.9350000000000003 1.5150000000000003 0.00092014798587458418 2.2850000000000006 6.9350000000000014 2.1950000000000007 8.2350000000000012 3.1550000000000007 0.00022262610528635103 2.0050000000000003 0.0001103941614008641 3.0250000000000004 6.7250000000000005 0.00017178761226191851 3.5850000000000004 4.7954927035639654e-05 -0.00910457139257209
decision_type=2 2 2 2 2 2 2 2 2 2 2 2 2 2 2 2 2 2 2
left_child=3 2 -2 -1 18 6 16 8 9 10 11 12 -8 -10 -7 -11 -5 -18 -4
right_child=1 -3 4 5 -6 14 7 -9 13 15 -12 -13 -14 -15 -16 -17 17 -19 -20
leaf_value=-0.0010523965791506872 0.029717677744821862 -0.0026281132998743229 -0.0039092421728585446 -6.3664166494065028e-05 0.018267091929540038 0.0082090792054576537 0.017158573960297203 0.013734642930328847 -0.0021988137746634692 -0.0019162684807796843 -9.2529014427343321e-05 0.022873127619735898 5.7079250091000609e-05 0.010356929334279683 -0.0014964734688475729 0.008426709010132722 -0.00031925915647298096 0.01266200435170904 0.0050772056744433939
leaf_weight=2151 26 42 21 628 20 21 38 33 138 69 58 32 38 21 250 21 22 20 20
leaf_count=2151 26 42 21 628 20 21 38 33 138 69 58 32 38 21 250 21 22 20 20
internal_value=0 0.00811683 0.013304 -0.000131748 0.00630806 0.00129396 0.00178805 0.00400181 0.00322787 0.00556839 0.00831788 0.0128346 0.00860783 -0.000540508 -0.000744383 0.000497093 0.000307814 0.00586229 0.000474391
internal_weight=0 129 87 3540 61 1389 1118 448 415 256 166 108 76 159 271 90 670 42 41
internal_count=3669 129 87 3540 61 1389 1118 448 415 256 166 108 76 159 271 90 670 42 41
is_linear=0
shrinkage=0.0495


Tree=12
num_leaves=20
num_cat=0
split_feature=3 14 3 17 0 14 15 1 14 15 10 2 15 17 2 3 3 2 3
split_gain=3.12246 1.94569 1.71326 0.949301 1.57358 0.528637 2.36339 1.24112 1.62624 2.32593 1.31578 1.41153 0.829701 0.737821 0.642247 1.09806 3.61077 1.5451 1.52161
threshold=3.3700000000000006 1.7750000000000001 1.5150000000000003 1.0000000000000007 0.0007214066849551274 1.2950000000000002 1.9550000000000003 0.00016696980449816448 -0.12499999999999999 1.5650000000000002 -4.2499999999999973 0.00010512145314944514 2.0050000000000003 4.0000000000000027 0.00013125213201836312 2.2850000000000006 2.1850000000000005 0.00021454633883369949 1.885
decision_type=2 2 2 2 2 2 2 2 2 2 2 2 2 2 2 2 2 2 2
left_child=2 -2 -1 -3 -5 6 7 8 -4 10 -10 -12 -7 14 -14 16 17 18 -16
right_child=1 3 5 4 -6 12 -8 -9 9 -11 11 -13 13 -15 15 -17 -18 -19 -20
leaf_value=-0.00099029999547805571 0.01750097872512894 -0.0011734331967942417 -0.0013170814558333703 0.00075772421099245548 0.018413636093605308 -0.0021552673006338527 0.018070039534525864 -0.0017747590289123134 0.023212655002695641 -0.0031414649118807524 0.018239442647843742 0.0025206416592122439 0.00057823266149017083 -0.001664906028413372 0.011035682510677726 -0.00059592343678964031 0.025348350366499278 -0.0016017124949448875 2.4773442687001078e-05
leaf_weight=2151 35 45 71 27 22 201 23 134 21 31 23 34 354 159 81 105 20 84 48
leaf_count=2151 35 45 71 27 22 201 23 134 21 31 23 34 354 159 81 105 20 84 48
internal_value=0 0.00763789 -0.000123974 0.00396547 0.00868487 0.00121761 0.00290674 0.00179605 0.00445431 0.00821366 0.0127266 0.00886332 0.000676517 0.00134536 0.00203703 0.00356488 0.00543993 0.00357059 0.0069386
internal_weight=0 129 3540 94 49 1389 337 314 180 109 78 57 1052 851 692 338 233 213 129
internal_count=3669 129 3540 94 49 1389 337 314 180 109 78 57 1052 851 692 338 233 213 129
is_linear=0
shrinkage=0.049005


Tree=13
num_leaves=20
num_cat=0
split_feature=3 5 14 5 1 3 5 15 4 14 15 1 3 14 2 3 3 15 3
split_gain=2.82393 2.67152 3.47562 1.5609 1.47267 0.451032 0.929878 1.53008 1.11594 0.545606 2.13055 0.96157 1.50392 1.64446 0.702671 1.20294 1.57755 1.36829 2.13695
threshold=3.3700000000000006 16.830000000000002 1.9350000000000003 5.285000000000001 0.00092014798587458418 1.5050000000000001 5.5650000000000004 2.0750000000000006 0.99999999999999545 1.2950000000000002 1.9550000000000003 0.00016696980449816448 1.7350000000000001 1.0650000000000002 0.00013125213201836312 2.2850000000000006 2.1950000000000007 2.6350000000000002 1.925
decision_type=2 2 2 2 2 2 2 2 2 2 2 2 2 2 2 2 2 2 2
left_child=3 2 -2 -1 -4 -5 7 -7 -9 10 11 12 -8 -14 -11 16 17 -16 -19
right_child=1 -3 4 5 -6 6 9 8 -10 14 -12 -13 13 -15 15 -17 -18 18 -20
leaf_value=-0.00097921145696065314 0.026894761472622018 -0.00285739355540704 0.00044630674496989056 -0.0011334592480479245 0.016504119244934431 -0.0027266122892282904 0.00087237041932824836 0.017523396379940138 0.0027287001706931928 -0.0010321099840551987 0.017012672035021319 -0.0016114612869609058 0.016328057484293376 -0.00058847190465347043 -0.0024629703780629834 -0.0012532331972089216 0.014427199509510264 0.0089610586130662809 -0.0023851897623001972
leaf_weight=2062 26 42 41 188 20 27 122 30 20 405 23 123 38 21 87 193 29 112 60
leaf_count=2062 26 42 41 188 20 27 122 30 20 405 23 123 38 21 87 193 29 112 60
internal_value=0 0.00719096 0.0120419 -0.00011672 0.00571116 0.00108657 0.00141011 0.00657997 0.0116055 0.00108193 0.00277559 0.00169845 0.00394772 0.0103069 0.000456839 0.00171053 0.00369666 0.00249517 0.00500306
internal_weight=0 129 87 3540 61 1478 1290 77 50 1213 327 304 181 59 886 481 288 259 172
internal_count=3669 129 87 3540 61 1478 1290 77 50 1213 327 304 181 59 886 481 288 259 172
is_linear=0
shrinkage=0.048515


Tree=14
num_leaves=20
num_cat=0
split_feature=3 5 14 5 5 15 14 5 15 2 3 3 15 3 5 15 14 14 2
split_gain=2.55657 2.41859 3.14656 1.41312 1.35473 0.423252 2.09174 1.21829 1.14382 0.819823 0.820983 2.4307 1.09346 1.74168 0.97661 1.02624 0.721096 0.911006 2.47838
threshold=3.3700000000000006 16.830000000000002 1.9350000000000003 5.285000000000001 15.805000000000001 2.0050000000000003 1.3250000000000004 5.5850000000000009 2.9850000000000008 0.00013125213201836312 2.2850000000000006 2.1950000000000007 2.6350000000000002 1.925 7.8450000000000006 2.8550000000000004 1.2150000000000001 0.29500000000000004 0.0001115577591577161
decision_type=2 2 2 2 2 2 2 2 2 2 2 2 2 2 2 2 2 2 2
left_child=3 2 -2 -1 -4 16 -7 8 -8 -9 11 12 -11 14 -14 -16 17 -5 -19
right_child=1 -3 4 5 -6 6 7 9 -10 10 -12 -13 13 -15 15 -17 -18 18 -20
leaf_value=-0.00092238802127341435 0.025334063365751589 -0.0026915795866587471 -0.00018884293167144924 -0.00067913854685611587 0.014580022178270154 0.017063613774211846 0.014073038903465715 -0.00095269751649360945 0.0020197575357086234 -0.0023139336219148536 -0.00084736060704998658 0.018648130054199619 0.0040503403794713228 -0.002246777652649138 0.00499298795932314 0.01874955733976898 -0.0019733867757464702 0.014650004979305215 0.00075473339581098278
leaf_weight=2062 26 42 38 213 23 20 32 346 42 80 137 23 69 60 22 29 243 39 123
leaf_count=2062 26 42 38 213 23 20 32 346 42 80 137 23 69 60 22 29 243 39 123
internal_value=0 0.00677367 0.0113431 -0.000109947 0.00537975 0.00102351 0.00171251 0.00134701 0.00723199 0.000778486 0.00220465 0.00368213 0.00235821 0.00443472 0.00777547 0.0128154 6.47134e-05 0.0013854 0.00409989
internal_weight=0 129 87 3540 61 1478 860 840 74 766 420 283 260 180 120 51 618 375 162
internal_count=3669 129 87 3540 61 1478 860 840 74 766 420 283 260 180 120 51 618 375 162
is_linear=0
shrinkage=0.0480298


Tree=15
num_leaves=20
num_cat=0
split_feature=5 8 3 22 3 3 5 3 3 20 21 14 3 22 0 5 3 15 22
split_gain=1.55155 0.973984 1.44767 0.733286 0.867428 1.04319 0.904662 1.17656 1.60581 0.518202 0.469863 0.447604 0.385032 0.279344 0.5582 0.236186 2.89707 2.10035 0.251702
threshold=7.6050000000000013 3.9999999999999871 3.1750000000000003 -0.0009347913253904826 2.2850000000000006 2.1950000000000007 8.0350000000000019 1.675 1.8250000000000004 -0.0055517294520100449 -0.0095307783993694977 1.7250000000000003 0.56500000000000006 -1.0000000180025095e-35 0.00021237589876454074 3.1850000000000005 0.8650000000000001 0.40500000000000008 -1.2081745087710869e-05
decision_type=2 2 2 2 2 2 2 2 2 2 2 2 2 2 2 2 2 2 2
left_child=12 3 -3 -2 5 6 7 -5 -9 -8 -6 -12 -1 14 -11 -14 17 -17 -18
right_child=1 2 -4 4 10 -7 9 8 -10 13 11 -13 15 -15 -16 16 18 -19 -20
leaf_value=0.0046269136762671663 0.0086383491008027516 0.0015859514724681609 0.018214904541604855 -0.00048306912484238706 -0.0063908961174610783 0.013170068583194399 0.0066580688492265403 0.01937147953589903 0.0012949881388259665 -0.0015414765880282723 0.0046218886392933901 -0.0012630258724575291 -0.001410020033910846 -0.0021928681399623557 0.0062361313925996011 0.017629787536164714 -8.5673186193412011e-05 -0.0014961977130360164 -0.001129555514237068
leaf_weight=31 30 29 20 33 33 20 26 25 20 54 35 177 784 102 34 34 857 21 1337
leaf_count=31 30 29 20 33 33 20 26 25 20 54 35 177 784 102 34 34 857 21 1337
internal_value=0 0.00193201 0.00837328 0.00139615 0.00100748 0.00266202 0.00194718 0.00633648 0.0113375 0.000362157 -0.00111302 -0.00029146 -0.000645452 -0.000499389 0.00146351 -0.000699341 -0.000451598 0.0103271 -0.000721804
internal_weight=0 638 49 589 559 314 294 78 45 216 245 212 3064 190 88 3033 2249 55 2194
internal_count=3702 638 49 589 559 314 294 78 45 216 245 212 3064 190 88 3033 2249 55 2194
is_linear=0
shrinkage=0.0475495


Tree=16
num_leaves=20
num_cat=0
split_feature=5 8 3 22 3 3 5 3 11 20 21 14 3 22 0 0 15 15 3
split_gain=1.40751 0.883561 1.31327 0.665209 0.797224 0.687007 0.83181 1.16511 1.18379 0.492427 0.432711 0.398026 0.349287 0.252527 0.52661 0.217385 0.765456 0.424646 1.04732
threshold=7.6050000000000013 3.9999999999999871 3.1750000000000003 -0.0009347913253904826 2.2550000000000003 2.0250000000000004 8.0350000000000019 1.675 -1.0000000180025095e-35 -0.0055517294520100449 -0.0095307783993694977 1.7250000000000003 0.56500000000000006 -1.0000000180025095e-35 0.00021237589876454074 9.6610019426992728e-05 3.5025000000000004 0.40500000000000008 0.88500000000000012
decision_type=2 2 2 2 2 2 2 2 2 2 2 2 2 2 2 2 2 2 2
left_child=12 3 -3 -2 5 6 7 -5 -9 -8 -6 -12 -1 14 -11 -14 17 18 -17
right_child=1 2 -4 4 10 -7 9 8 -10 13 11 -13 15 -15 -16 16 -18 -19 -20
leaf_value=0.0043628372958984659 0.0081453239370988858 0.0014954348094057006 0.01717530636619001 -0.0004554983705877394 -0.0060261420580531803 0.011006008254925309 0.0066458228532753991 0.018587187712879649 0.0029278491258327237 -0.0014404278399871853 0.0043580988647098735 -0.0011138597988561401 -0.00093021707645750905 -0.0020290373025909003 0.0061345304622439246 0.01072444242965088 0.0082280203974601888 -0.00076817204781486732 0.00031745611303331104
leaf_weight=31 30 29 20 33 33 20 25 23 20 53 35 186 2075 98 33 25 24 759 150
leaf_count=31 30 29 20 33 33 20 25 23 20 53 35 186 2075 98 33 25 24 759 150
internal_value=0 0.00182175 0.00789538 0.00131647 0.000949983 0.00257229 0.00198045 0.00619777 0.0113038 0.000446874 -0.00099806 -0.00024726 -0.000608614 -0.000395374 0.00146624 -0.000659427 -7.29025e-05 -0.000286202 0.00180417
internal_weight=0 638 49 589 559 305 285 76 43 209 254 221 3064 184 86 3033 958 934 175
internal_count=3702 638 49 589 559 305 285 76 43 209 254 221 3064 184 86 3033 958 934 175
is_linear=0
shrinkage=0.047074


Tree=17
num_leaves=20
num_cat=0
split_feature=3 22 8 19 19 6 0 15 0 3 7 15 15 3 0 15 3 6 7
split_gain=1.0574 1.66752 0.983374 0.931142 0.628553 0.586563 0.476189 0.399811 1.38715 1.86077 0.689241 0.475151 1.42281 0.449836 1.41473 0.334935 0.359748 0.332088 0.29453
threshold=3.0750000000000006 -0.00063453601432672524 1.4999999999999996 -0.0058537493413663979 0.0028311642852474343 -1.9999999999999793 6.4846440499762448e-05 2.8150000000000004 0.00020607991660978844 1.8650000000000004 0.0016497114252381764 0.40500000000000008 0.33500000000000008 1.7550000000000001 0.00016491323852946965 2.9850000000000008 1.6450000000000002 7.9999999999999858 -0.038719328213035191
decision_type=2 2 2 2 2 2 2 2 2 2 2 2 2 2 2 2 2 2 2
left_child=6 -2 3 -3 5 -5 -1 11 15 -10 -11 12 13 -8 -15 16 -9 -17 -13
right_child=1 2 -4 4 -6 -7 7 8 9 10 -12 18 -14 14 -16 17 -18 -19 -20
leaf_value=-0.00088321992005682194 0.016181164373665874 -0.0081149573584659747 0.00896977843256078 0.00012646773233546208 -0.0033265802749516465 0.010770459679785193 -0.00074918194210080386 -0.0016928431712931315 0.014772625981472257 0.0071210133800119167 -0.0031376086668843837 0.0029114081475708118 0.0099336957583134738 0.013860153855483249 -0.0018477740325354439 -0.0017476105067136458 0.0060651261930308922 0.0034747542642510963 -0.00074696722100341009
leaf_weight=1767 20 26 31 22 28 23 200 21 36 25 33 50 38 20 33 180 34 31 1084
leaf_count=1767 20 26 31 22 28 23 200 21 36 25 33 50 38 20 33 180 34 31 1084
internal_value=0 0.00365371 0.00172641 -0.00054172 0.0021556 0.00556673 -0.000340881 0.000195988 0.00158364 0.00644999 0.00128421 -0.000154576 0.00152533 0.000262412 0.00407975 -0.000136045 0.00310299 -0.000980344 -0.000585663
internal_weight=0 150 130 99 73 45 3552 1785 360 94 58 1425 291 253 53 266 55 211 1134
internal_count=3702 150 130 99 73 45 3552 1785 360 94 58 1425 291 253 53 266 55 211 1134
is_linear=0
shrinkage=0.0466033


Tree=18
num_leaves=20
num_cat=0
split_feature=5 0 14 14 18 2 11 1 18 4 6 16 22 7 19 8 2 15 15
split_gain=1.18263 0.801839 0.643647 0.88377 1.03377 0.859429 0.568624 0.502656 0.44338 0.420132 0.466756 0.445246 0.387948 0.227679 0.323257 0.495645 0.219869 0.32601 1.29684
threshold=7.6050000000000013 0.0018581489659376591 2.0350000000000006 1.9650000000000001 -0.0030557695450194595 9.9901251877144106e-05 1.0000000180025095e-35 0.00013695589900622205 0.031305942893916645 3.9999999999999871 4.0000000000001821 -1.2499999999999953 -0.00023026784717983248 -0.035551404531673207 -1.0000000180025095e-35 -1.0000000180025095e-35 5.2127812089371346e-05 0.40500000000000008 0.31500000000000006
decision_type=2 2 2 2 2 2 2 2 2 2 2 2 2 2 2 2 2 2 2
left_child=13 2 3 5 -5 -2 7 -7 -8 10 11 -9 -4 14 -1 -16 -15 18 -18
right_child=1 -3 12 4 -6 6 8 9 -10 -11 -12 -13 -14 16 15 -17 17 -19 -20
leaf_value=-0.0011794350392276634 0.0087889534956194382 0.0099111713165067027 0.005318373071887871 0.00093419588954697609 0.014244922393790365 0.0078594707093580952 -0.0023861478149937963 0.0066253676262420496 0.0043536629371699271 0.0076867977262049785 -0.0024564994662799383 -0.00098510741619751529 -0.0014440214975135843 -0.0011090321372726317 0.0085376388147867383 0.00043213660983096417 -0.00036872587469111541 -0.00058385161661184549 0.0074194137334864553
leaf_weight=57 32 24 20 23 27 32 123 36 25 20 60 30 186 1196 26 42 243 1444 56
leaf_count=57 32 24 20 23 27 32 123 36 25 20 60 30 186 1196 26 42 243 1444 56
internal_value=0 0.00163816 0.00131479 0.00237623 0.00812199 0.00157375 0.000865504 0.00262252 -0.00124767 0.0014747 0.000488651 0.00316606 -0.000787478 -0.000545267 0.0013832 0.0035313 -0.000627287 -0.000296727 0.00108992
internal_weight=0 638 614 408 50 358 326 178 148 146 126 66 206 3064 125 68 2939 1743 299
internal_count=3702 638 614 408 50 358 326 178 148 146 126 66 206 3064 125 68 2939 1743 299
is_linear=0
shrinkage=0.0461372


Tree=19
num_leaves=20
num_cat=0
split_feature=5 8 3 22 5 15 15 0 2 5 1 21 6 3 2 18 5 3 3
split_gain=1.07602 0.74593 1.08526 0.530483 0.693472 0.698804 0.537158 1.33636 1.26338 0.983041 0.468092 0.414712 0.397211 0.314981 0.280501 0.435381 0.202782 2.39173 2.0849
threshold=7.6050000000000013 3.9999999999999871 3.1750000000000003 -0.0009347913253904826 9.6950000000000021 3.2450000000000006 2.8250000000000006 0.00021541393590918397 0.00010940016466848825 9.2950000000000017 0.00012757366128593919 -0.0095307783993694977 3.0000000000000031 0.56500000000000006 0.00047795047566142907 -0.010502315908327396 3.1850000000000005 0.8650000000000001 0.77500000000000013
decision_type=2 2 2 2 2 2 2 2 2 2 2 2 2 2 2 2 2 2 2
left_child=13 3 -3 -2 5 6 8 12 -5 10 -10 -6 -8 -1 -13 -16 -15 18 -18
right_child=1 2 -4 4 11 -7 7 -9 9 -11 -12 14 -14 16 15 -17 17 -19 -20
leaf_value=0.0040658802976902293 0.0070136042163887122 0.0013166809762925171 0.015147193354437156 0.010292302771010219 -0.0070802635833538598 -0.0022489490032728868 -0.0031753713097820253 0.013223687835820957 0.0038281836224414137 0.0083697087155896778 -0.0019949395758659793 -0.002608810704391356 0.005313470364369772 -0.0011942889151961911 -0.0019728652029235056 0.0053027579809653671 -0.002697812292878559 -0.00057705472384174319 0.015789004349218583
leaf_weight=31 30 29 20 31 25 71 23 32 36 28 144 77 23 784 37 32 20 2194 35
leaf_count=31 30 29 20 31 25 71 23 32 36 28 144 77 23 784 37 32 20 2194 35
internal_value=0 0.00154696 0.00696179 0.00109649 0.000778931 0.00184695 0.00276432 0.00605557 0.00169019 0.00040815 -0.000830315 -0.0016444 0.00106905 -0.000514908 -0.000713604 0.00140134 -0.000561728 -0.000341218 0.00906653
internal_weight=0 638 49 589 559 388 317 78 239 208 180 171 46 3064 146 69 3033 2249 55
internal_count=3702 638 49 589 559 388 317 78 239 208 180 171 46 3064 146 69 3033 2249 55
is_linear=0
shrinkage=0.0456759


Tree=20
num_leaves=20
num_cat=0
split_feature=3 14 3 16 16 20 16 1 3 3 7 6 1 14 3 9 3 3 19
split_gain=1.74762 1.38007 1.04387 0.738738 0.574507 0.498884 0.405814 0.416319 0.61131 1.99172 1.01243 1.05304 0.724469 0.934177 1.12508 0.567268 0.804687 0.562598 0.358167
threshold=3.3700000000000006 1.7750000000000001 1.5150000000000003 7.2500000000000133 2.0000000000000013 -0.0019940969063592102 9.9999999999999769 3.7576019723361413e-05 1.7850000000000004 1.7250000000000003 -0.017554057628388072 -1.0000000180025095e-35 4.593931727492793e-05 2.3850000000000002 1.635 6.2500000000000453 2.2950000000000004 1.5350000000000004 -0.00099750744475285403
decision_type=2 2 2 2 2 2 2 2 2 2 2 2 2 2 2 2 2 2 2
left_child=2 -2 -1 4 5 -3 7 -4 9 12 -11 -12 -9 17 -15 -10 -17 -14 -13
right_child=1 3 6 -5 -6 -7 -8 8 15 10 11 18 13 14 -16 16 -18 -19 -20
leaf_value=-0.00072253193863875808 0.014367496435131348 -0.0017707719169557095 -0.0013794538702561776 0.01100072026075352 -0.006394424221732399 0.008121553471741769 -0.001952720790480574 0.0077083750532414676 0.00013204630142529543 -0.00029156095469775407 0.0061316152601394551 0.01267141372896731 0.0063898393669380594 0.00051274471210710926 0.014918438134633977 0.010646688629640267 -0.00095991573429533416 -0.0013201424905130846 0.022134064082056287
leaf_weight=2151 35 25 132 21 22 26 105 39 602 23 43 20 26 33 23 32 28 263 20
leaf_count=2151 35 25 132 21 22 26 105 39 602 23 43 20 26 33 23 32 28 263 20
internal_value=0 0.00589218 -3.25731e-05 0.00273648 0.000359093 0.00327237 0.00103589 0.00128029 0.00158505 0.00292382 0.00899116 0.0115635 0.00124898 0.000518791 0.00642937 0.000594121 0.00523027 -0.000626511 0.0174027
internal_weight=0 129 3540 94 73 51 1389 1284 1152 490 106 83 384 345 56 662 60 289 40
internal_count=3669 129 3540 94 73 51 1389 1284 1152 490 106 83 384 345 56 662 60 289 40
is_linear=0
shrinkage=0.05


Tree=21
num_leaves=20
num_cat=0
split_feature=3 5 14 5 3 16 5 5 16 16 18 6 3 5 3 3 5 14 14
split_gain=1.57722 2.03181 2.44216 1.14582 0.942096 0.366247 0.47194 0.791753 0.770234 0.833237 0.57327 0.463732 0.455003 1.03811 1.25275 2.18272 1.27168 1.1853 0.722175
threshold=3.3700000000000006 16.830000000000002 1.9350000000000003 15.805000000000001 1.5150000000000003 9.9999999999999769 5.285000000000001 5.6850000000000014 4.0000000000000027 -2.249999999999996 0.091452110950539192 7.9999999999999858 1.8950000000000002 6.9350000000000014 1.7250000000000003 1.7650000000000003 7.7550000000000008 1.885 2.2625000000000002
decision_type=2 2 2 2 2 2 2 2 2 2 2 2 2 2 2 2 2 2 2
left_child=4 2 -2 -4 -1 6 -6 8 9 11 12 -8 13 18 -15 -16 -17 -18 -9
right_child=1 -3 3 -5 5 -7 7 10 -10 -11 -12 -13 -14 14 15 16 17 -19 -20
leaf_value=-0.0006864053568261993 0.022788956704048013 -0.003433748711610124 -0.00084293762123898461 0.013296647224089374 -0.00204689167713856 -0.001855084763706795 0.013488905419680206 -0.0015654040948563331 0.013417473365552724 -0.0011638581073687723 -0.0033672354143003333 0.002969244094565511 0.0002377421101575171 0.00094525051571315894 0.018354261376791532 0.011910660714945859 -0.0033121793852611023 0.010901863388717174 0.0044283328199948091
leaf_weight=2151 26 42 38 23 102 105 22 185 24 48 68 20 467 132 36 36 55 20 69
leaf_count=2151 26 42 38 23 102 105 22 185 24 48 68 20 467 132 36 36 55 20 69
internal_value=0 0.00559757 0.00995752 0.00448838 -3.09445e-05 0.0009841 0.00121628 0.00149787 0.00545873 0.0033364 0.00107508 0.00847954 0.00137716 0.00237548 0.00448092 0.00765581 0.00418605 0.000478232 6.28158e-05
internal_weight=0 129 87 61 3540 1389 1284 1182 114 90 1068 42 1000 533 279 147 111 75 254
internal_count=3669 129 87 61 3540 1389 1284 1182 114 90 1068 42 1000 533 279 147 111 75 254
is_linear=0
shrinkage=0.05


end of trees

feature_importances:
f_3=127
f_15=53
f_5=51
f_14=43
f_2=27
f_1=25
f_0=19
f_16=10
f_22=8
f_6=7
f_19=7
f_7=6
f_18=6
f_8=5
f_20=5
f_4=4
f_9=3
f_13=3
f_17=3
f_21=3
f_11=2
f_10=1

parameters:
[boosting: gbdt]
[objective: regression]
[metric: binary_logloss]
[tree_learner: serial]
[device_type: cpu]
[data: ]
[valid: ]
[num_iterations: 10]
[learning_rate: 0.05]
[num_leaves: 20]
[num_threads: 0]
[deterministic: 0]
[force_col_wise: 0]
[force_row_wise: 0]
[histogram_pool_size: -1]
[max_depth: -1]
[min_data_in_leaf: 20]
[min_sum_hessian_in_leaf: 0.001]
[bagging_fraction: 0.7]
[pos_bagging_fraction: 1]
[neg_bagging_fraction: 1]
[bagging_freq: 5]
[bagging_seed: 3]
[feature_fraction: 0.9]
[feature_fraction_bynode: 1]
[feature_fraction_seed: 2]
[extra_trees: 0]
[extra_seed: 6]
[early_stopping_round: 0]
[first_metric_only: 0]
[max_delta_step: 0]
[lambda_l1: 0]
[lambda_l2: 0]
[linear_lambda: 0]
[min_gain_to_split: 0]
[drop_rate: 0.1]
[max_drop: 50]
[skip_drop: 0.5]
[xgboost_dart_mode: 0]
[uniform_drop: 0]
[drop_seed: 4]
[top_rate: 0.2]
[other_rate: 0.1]
[min_data_per_group: 100]
[max_cat_threshold: 32]
[cat_l2: 10]
[cat_smooth: 10]
[max_cat_to_onehot: 4]
[top_k: 20]
[monotone_constraints: ]
[monotone_constraints_method: basic]
[monotone_penalty: 0]
[feature_contri: ]
[forcedsplits_filename: ]
[refit_decay_rate: 0.9]
[cegb_tradeoff: 1]
[cegb_penalty_split: 0]
[cegb_penalty_feature_lazy: ]
[cegb_penalty_feature_coupled: ]
[path_smooth: 0]
[interaction_constraints: ]
[verbosity: 0]
[saved_feature_importance_type: 0]
[linear_tree: 0]
[max_bin: 255]
[max_bin_by_feature: ]
[min_data_in_bin: 3]
[bin_construct_sample_cnt: 200000]
[data_random_seed: 1]
[is_enable_sparse: 1]
[enable_bundle: 1]
[use_missing: 1]
[zero_as_missing: 0]
[feature_pre_filter: 1]
[pre_partition: 0]
[two_round: 0]
[header: 0]
[label_column: ]
[weight_column: ]
[group_column: ]
[ignore_column: ]
[categorical_feature: ]
[forcedbins_filename: ]
[precise_float_parser: 0]
[objective_seed: 5]
[num_class: 1]
[is_unbalance: 0]
[scale_pos_weight: 1]
[sigmoid: 1]
[boost_from_average: 1]
[reg_sqrt: 0]
[alpha: 0.9]
[fair_c: 1]
[poisson_max_delta_step: 0.7]
[tweedie_variance_power: 1.5]
[lambdarank_truncation_level: 30]
[lambdarank_norm: 1]
[label_gain: ]
[eval_at: ]
[multi_error_top_k: 1]
[auc_mu_weights: ]
[num_machines: 1]
[local_listen_port: 12400]
[time_out: 120]
[machine_list_filename: ]
[machines: ]
[gpu_platform_id: -1]
[gpu_device_id: -1]
[gpu_use_dp: 0]
[num_gpu: 1]

end of parameters

pandas_categorical:[]
