tree
version=v3
num_class=1
num_tree_per_iteration=1
label_index=0
max_feature_idx=22
objective=regression
feature_names=f_0 f_1 f_2 f_3 f_4 f_5 f_6 f_7 f_8 f_9 f_10 f_11 f_12 f_13 f_14 f_15 f_16 f_17 f_18 f_19 f_20 f_21 f_22
feature_infos=[3.5138360446667107e-07:0.0066553821535006137] [2.5600331918768856e-06:0.0039732576088439284] [9.2225614268401974e-06:0.0029579505118275174] [0.53000000000000003:6.5599999999999996] [-33.000000000000007:46] [2.4100000000000001:21.82] [-101.00000000000016:144.99999999999994] [-0.15710919088766695:0.17837578087457961] [-81:74] [-46:33.999999999999986] [-51.000000000000021:33.999999999999986] [-33.000000000000007:27.999999999999979] [-41:96.000000000000014] [-36.000000000000007:32.999999999999986] [-0.52000000000000002:2.9100000000000001] [-0.94999999999999996:3.8500000000000001] [-52:73.999999999999972] [-28.000000000000004:24.000000000000004] [-0.29572649572649579:0.64215246636771273] [-0.02958455728073861:0.047292143401983289] [-0.054746473503621829:0.033993115318416534] [-0.039377561323276189:0.045346674363414774] [-0.019984292877423981:0.018327052533256172]
tree_sizes=1793 1854 1865 1872 1849 1902 1881 1864 1866 1884

Tree=0
num_leaves=20
num_cat=0
split_feature=3 3 14 1 15 3 14 14 2 14 1 3 0 1 14 3 2 1 3
split_gain=22.7399 11.1 11.0392 13.5169 6.1768 7.63488 9.55546 6.89201 5.52948 5.05068 3.79919 4.60477 5.97062 4.10843 4.46501 3.1224 3.16593 5.8967 2.72706
threshold=1.4750000000000003 0.56500000000000006 1.3050000000000004 0.00022008769603966993 2.8150000000000004 3.0050000000000003 1.7250000000000003 2.1750000000000003 7.5733404095640103e-05 -0.14499999999999999 0.000431001232881904 1.8950000000000002 4.2661729212831595e-05 6.8700249714004685e-05 2.5750000000000006 2.5350000000000006 0.0003959031665177832 0.0005691685285342925 2.4750000000000005
decision_type=2 2 2 2 2 2 2 2 2 2 2 2 2 2 2 2 2 2 2
left_child=1 -1 3 8 5 15 -7 -6 -2 -10 11 12 -9 -14 -15 16 18 -18 -4
right_child=2 -3 4 -5 7 6 -8 10 9 -11 -12 -13 13 14 -16 -17 17 -19 -20
leaf_value=0.2907550112788147 0.29931155889786232 0.26107220112373714 0.26187215199737757 0.26140124914289237 0.28117012321911317 0.29656430615060958 0.26395666222221092 0.26118618216489065 0.26694674856695028 0.28381541630674767 0.28502584461214803 0.26007960805300823 0.2961369557232591 0.28878928547236304 0.26490005844862602 0.25345721716116765 0.29207712666343005 0.25645441604071945 0.28026393985024323
leaf_weight=32 42 1999 501 103 134 39 53 79 59 179 30 155 27 31 53 85 26 21 21
leaf_count=32 42 1999 501 103 134 39 53 79 59 179 30 155 27 31 53 85 26 21 21
internal_value=0.264939 0.26154 0.269458 0.276888 0.267191 0.264293 0.277779 0.271437 0.282585 0.279634 0.267959 0.266475 0.271693 0.27917 0.273716 0.262396 0.263731 0.276161 0.262612
internal_weight=0 2031 1638 383 1255 746 92 509 280 238 375 345 190 111 84 654 569 47 522
internal_count=3669 2031 1638 383 1255 746 92 509 280 238 375 345 190 111 84 654 569 47 522
is_linear=0
shrinkage=1


Tree=1
num_leaves=20
num_cat=0
split_feature=3 3 14 1 3 14 3 2 5 5 1 3 2 1 3 2 14 2 17
split_gain=20.5228 10.0177 9.96285 12.199 4.99721 8.43778 6.91761 4.99036 6.30754 4.42362 5.3183 3.89232 3.05099 3.04899 3.83405 3.422 5.12655 4.79514 3.29034
threshold=1.4750000000000003 0.56500000000000006 1.3050000000000004 0.00022008769603966993 3.0050000000000003 1.7250000000000003 2.5350000000000006 7.5733404095640103e-05 6.4650000000000007 16.830000000000002 0.00059420226055148094 2.0250000000000004 0.00013639639565115336 3.5595404957097695e-05 1.5350000000000004 4.6564423054855548e-05 2.5750000000000006 3.838616688261017e-05 3.0000000000000142
decision_type=2 2 2 2 2 2 2 2 2 2 2 2 2 2 2 2 2 2 2
left_child=1 -1 3 7 6 -6 13 -2 11 10 -7 -9 -10 14 -4 16 17 -15 -17
right_child=2 -3 4 -5 5 9 -8 8 12 -11 -12 -13 -14 15 -16 18 -18 -19 -20
leaf_value=0.024524748651310803 0.03265346877631687 -0.003673919865404027 0.0090934100250403098 -0.0033613239387864052 0.030191028490662575 0.0012862193765062276 -0.011307359962236314 -0.00086203553737738189 0.026652604341506958 -0.011882774757616447 0.026392900174663916 0.021809228241443636 0.010949800846477349 -0.008405035454779863 -0.010013365868440609 0.0039228372498604147 0.031824478745460509 0.019666195275454684 -0.004164132316532375
leaf_weight=32 42 1999 36 103 40 66 105 78 87 33 31 25 48 32 97 602 25 29 159
leaf_count=32 42 1999 36 103 40 66 105 78 87 33 31 25 48 32 97 602 25 29 159
internal_value=0 -0.00322963 0.00429266 0.0113514 0.00213848 0.0101093 0.000889599 0.0167636 0.0139595 0.0039303 0.00931 0.0046407 0.0210694 0.00219642 -0.00484161 0.00330156 0.0127555 0.0049403 0.00223318
internal_weight=0 2031 1638 383 1255 170 1085 280 238 130 97 103 135 980 133 847 86 61 761
internal_count=3669 2031 1638 383 1255 170 1085 280 238 130 97 103 135 980 133 847 86 61 761
is_linear=0
shrinkage=0.05


Tree=2
num_leaves=20
num_cat=0
split_feature=3 3 14 1 15 3 14 14 1 5 2 15 1 15 3 1 3 5 3
split_gain=18.5218 9.04102 8.99147 11.0096 5.41043 6.32813 7.76717 6.18479 4.61202 5.00231 3.75083 3.32003 3.65104 3.2495 4.35242 3.05687 3.00812 2.81336 2.64558
threshold=1.4750000000000003 0.56500000000000006 1.3050000000000004 0.00022008769603966993 2.8150000000000004 3.0050000000000003 1.7250000000000003 2.1750000000000003 5.7264713201406e-05 6.4650000000000007 0.00015492350470356478 3.6150000000000007 0.000431001232881904 3.0050000000000003 1.5450000000000002 4.751405454458351e-05 2.0250000000000004 16.830000000000002 0.70500000000000007
decision_type=2 2 2 2 2 2 2 2 2 2 2 2 2 2 2 2 2 2 2
left_child=1 -1 3 8 5 -4 -7 -6 -2 16 -11 12 13 -9 -15 -13 -10 -8 -3
right_child=2 18 4 -5 7 6 17 11 9 10 -12 15 -14 14 -16 -17 -18 -19 -20
leaf_value=0.023298511235043409 0.032631714931792684 -0.0067801704678015834 -0.0024074176764998598 -0.0031932585013722914 0.015226110382311382 0.028534027628409561 0.010439979588543927 0.0082424536546071379 0.00096177481824443454 0.023963870750654731 0.0028289496325529539 0.00051500522954897458 0.018448419758567102 0.011369932882296735 -0.007027374256829747 0.025231297339858683 0.020718767225742341 -0.012603694200515748 -0.002484545145721548
leaf_weight=32 36 468 654 103 134 39 27 75 84 109 26 22 27 39 183 29 25 26 1531
leaf_count=32 36 468 654 103 134 39 27 75 84 109 26 22 27 39 183 29 25 26 1531
internal_value=0 -0.00306815 0.00407803 0.0107838 0.00203156 -0.000680215 0.0115979 0.00600598 0.0159254 0.0134605 0.0198934 0.00271133 0.000844782 -0.000755549 -0.00379541 0.0145694 0.0054932 -0.000864464 -0.00349022
internal_weight=0 2031 1638 383 1255 746 92 509 280 244 135 375 324 297 222 51 109 53 1999
internal_count=3669 2031 1638 383 1255 746 92 509 280 244 135 375 324 297 222 51 109 53 1999
is_linear=0
shrinkage=0.05


Tree=3
num_leaves=20
num_cat=0
split_feature=3 3 14 2 15 3 14 14 3 15 5 2 3 2 2 15 1 2 2
split_gain=16.7159 8.15952 8.1218 9.71401 5.03305 5.84389 7.00987 5.59296 3.65544 3.67855 3.62673 4.5349 3.59825 7.27984 3.59435 3.59941 3.30018 7.55367 2.65526
threshold=1.4750000000000003 0.56500000000000006 1.3250000000000004 0.00013639639565115336 2.8150000000000004 3.0050000000000003 1.7250000000000003 1.7850000000000004 2.0250000000000004 0.31500000000000006 6.4050000000000011 7.7122306834112722e-05 1.8950000000000002 0.0001700048985150641 0.00017991077531237903 3.4650000000000003 4.0174732622381284e-05 6.7875986553359618e-05 0.0003959031665177832
decision_type=2 2 2 2 2 2 2 2 2 2 2 2 2 2 2 2 2 2 2
left_child=1 -1 3 10 5 18 -7 -6 9 -5 11 -2 13 16 -14 -16 -9 -18 -4
right_child=2 -3 4 8 7 6 -8 12 -10 -11 -12 -13 14 -15 15 -17 17 -19 -20
leaf_value=0.022133585810661317 0.030077410191297532 -0.0033157133069140962 -0.0034532803602707694 0.0072498803822005674 0.028767029643058779 0.027107327718001145 -0.00082124142714266521 -0.0057376673844243796 0.021262346411293206 -0.0074293900741620013 0.02313491063631647 0.0025852836668491365 -0.0073541992541515475 0.027688435955745418 0.00069565009780046426 0.022045937065894791 0.023602109619162301 0.0013665057301521302 0.0079434602388313829
leaf_weight=32 20 1999 585 82 25 39 53 56 22 89 123 60 99 41 82 26 55 125 56
leaf_count=32 20 1999 585 82 25 39 53 56 22 89 123 60 99 41 82 26 55 125 56
internal_value=0 -0.00291474 0.00387413 0.0101094 0.00188609 -0.000766269 0.011018 0.00570568 0.00207796 -0.000390208 0.0177451 0.00945832 0.0045145 0.00824132 -0.000472599 0.00583553 0.0048628 0.00816072 -0.00245762
internal_weight=0 2031 1638 396 1242 733 92 509 193 171 203 80 484 277 207 108 236 180 641
internal_count=3669 2031 1638 396 1242 733 92 509 193 171 203 80 484 277 207 108 236 180 641
is_linear=0
shrinkage=0.05


Tree=4
num_leaves=20
num_cat=0
split_feature=3 14 1 3 15 1 14 3 2 15 14 2 3 1 1 3 15 8 8
split_gain=15.0861 7.3751 9.24209 7.36396 4.675 3.93126 3.8415 4.83181 6.00158 3.48505 3.2961 3.15741 5.47457 4.70872 5.43853 4.20276 3.21788 2.62696 3.562
threshold=1.4750000000000003 1.3050000000000004 0.00022008769603966993 0.56500000000000006 1.9750000000000003 5.7264713201406e-05 1.7450000000000003 3.0450000000000004 9.9901251877144106e-05 2.8150000000000004 -0.22499999999999998 0.00017991077531237903 1.7950000000000002 4.0174732622381284e-05 7.4531381391876816e-05 1.925 3.4650000000000003 1.0000000000000122 -0.50000000000005584
decision_type=2 2 2 2 2 2 2 2 2 2 2 2 2 2 2 2 2 2 2
left_child=3 2 5 -1 -3 -2 7 8 -6 -8 -7 12 13 -11 -15 -13 -17 18 -12
right_child=1 4 -4 -5 6 10 9 -9 -10 11 17 15 -14 14 -16 16 -18 -19 -20
leaf_value=0.021026906697079541 0.029888591004742518 -0.0048847596174062691 -0.0030524295944612005 -0.003149927416448298 0.017495188849871276 0.00029117350882672249 -0.0018237850495747159 0.025983163633862057 -0.0033258531987667081 -0.0053204856677488846 0.018076117757488699 0.024812108469315065 -0.0056327788106032787 0.023606358998912877 0.004116446926043584 0.00072658343447579285 0.020943640344418014 0.024544425168127385 0.0020855892512757902
leaf_weight=32 36 215 103 1999 61 47 371 37 80 55 85 39 140 59 91 81 26 53 59
leaf_count=32 36 215 103 1999 61 47 371 37 80 55 85 39 140 59 91 81 26 53 59
internal_value=0 0.00368042 0.00975365 -0.002769 0.001827 0.0144645 0.00321453 0.00990177 0.00568183 0.00183363 0.0121888 0.00459718 0.00198886 0.00719388 0.0117825 0.0107607 0.00563914 0.0150273 0.0115244
internal_weight=0 1638 383 2031 1255 280 1040 178 141 862 244 491 345 205 150 146 107 197 144
internal_count=3669 1638 383 2031 1255 280 1040 178 141 862 244 491 345 205 150 146 107 197 144
is_linear=0
shrinkage=0.05


Tree=5
num_leaves=20
num_cat=0
split_feature=3 3 3 3 14 14 2 1 5 2 3 14 5 2 5 22 22 14 16
split_gain=16.9654 5.85677 4.89247 6.32312 5.54029 4.702 6.65167 3.86854 4.76197 4.74965 3.51985 2.53708 4.34046 2.99244 2.89217 2.50841 2.56846 3.27652 2.87805
threshold=1.4750000000000003 0.56500000000000006 0.7350000000000001 0.87500000000000011 0.085000000000000006 1.2850000000000004 7.5733404095640103e-05 0.0001909814549781555 6.4650000000000007 0.00018189004180957935 2.0050000000000003 0.055000000000000007 3.2450000000000006 4.0760870764320013e-05 3.5250000000000004 1.2082328990192794e-05 -1.208218300924324e-05 2.1750000000000003 -8.4999999999999947
decision_type=2 2 2 2 2 2 2 2 2 2 2 2 2 2 2 2 2 2 2
left_child=1 -1 -3 4 -4 6 -2 8 9 -8 -9 14 -13 -14 -5 16 18 -18 -7
right_child=5 2 3 11 -6 15 7 10 -10 -11 -12 12 13 -15 -16 -17 17 -19 -20
leaf_value=0.018009835481643678 0.028426489153423825 -0.0079311303180325168 0.019720453183565821 -0.010672404412180186 7.7595748007297519e-05 0.013919636471705002 -0.0047752601630759971 -0.0044805753160090675 0.017869885236609217 0.021609900826993197 0.018405813686549664 0.012067391845036527 0.0013138595026927992 -0.0048020834690906157 0.00348668670789762 -0.00097213906739823165 0.010651417150355802 -0.0030169448150055753 0.00059376682329457262
leaf_weight=31 37 546 56 200 100 44 66 105 102 23 20 49 273 748 44 488 202 56 512
leaf_count=31 37 546 56 200 100 44 66 105 102 23 20 49 273 748 44 488 202 56 512
internal_value=0 -0.0035579 -0.00388955 -0.00238839 0.00712888 0.00324999 0.00836834 0.00601976 0.0104952 0.00204338 -0.000818753 -0.00351829 -0.00246913 -0.00316677 -0.00811913 0.00186229 0.00356156 0.00768464 0.00164833
internal_weight=0 2047 2016 1470 156 1655 353 316 191 89 125 1314 1070 1021 244 1302 814 258 556
internal_count=3702 2047 2016 1470 156 1655 353 316 191 89 125 1314 1070 1021 244 1302 814 258 556
is_linear=0
shrinkage=0.05


Tree=6
num_leaves=20
num_cat=0
split_feature=3 3 3 3 14 14 2 15 14 15 15 15 5 3 3 3 1 1 3
split_gain=15.3113 5.28574 4.41546 5.70661 5.00011 4.24355 6.00314 4.85715 10.6039 3.72992 3.30023 3.05271 3.45656 2.66212 6.83409 2.61843 3.42406 2.43093 3.55875
threshold=1.4750000000000003 0.56500000000000006 0.7350000000000001 0.87500000000000011 0.085000000000000006 1.2850000000000004 7.5733404095640103e-05 2.8750000000000004 2.1750000000000003 1.4750000000000003 1.655 -0.13499999999999998 3.2450000000000006 3.0450000000000004 5.4050000000000011 2.0250000000000004 8.9163341108411753e-05 0.00010315785327216186 2.3850000000000002
decision_type=2 2 2 2 2 2 2 2 2 2 2 2 2 2 2 2 2 2 2
left_child=1 -1 10 4 -4 6 -2 13 -9 15 -3 -5 -13 17 -15 16 -8 18 -7
right_child=5 2 3 11 -6 7 9 8 -10 -11 -12 12 -14 14 -16 -17 -18 -19 -20
leaf_value=0.01710934340953827 0.027005165251525673 -0.0084552347083617467 0.018734429244484221 -0.010435189706656862 7.3715485632419594e-05 -0.00013990591590603194 0.016246479948361713 0.016724165208292324 0.00077974308580602315 0.015127633087619953 0.0088785886250693224 0.0083347584026447243 -0.0031990987435990999 0.026033713249489665 -0.0031263021269330275 0.016657496988773345 -0.0020135528418455235 -0.0041512670445031132 0.016964622345917366
leaf_weight=31 37 517 56 136 100 288 30 151 337 79 29 69 1109 32 54 29 178 406 34
leaf_count=31 37 517 56 136 100 288 30 151 337 79 29 69 1109 32 54 29 178 406 34
internal_value=0 -0.00338001 -0.00369507 -0.00226897 0.00677243 0.00308749 0.00794993 0.00176918 0.00571337 0.00571877 -0.00753457 -0.00334238 -0.00252352 -0.000595395 0.00772394 0.00258249 0.000620106 -0.00157817 0.00166616
internal_weight=0 2047 2016 1470 156 1655 353 1302 488 316 546 1314 1178 814 86 237 208 728 322
internal_count=3702 2047 2016 1470 156 1655 353 1302 488 316 546 1314 1178 814 86 237 208 728 322
is_linear=0
shrinkage=0.05


Tree=7
num_leaves=20
num_cat=0
split_feature=3 3 3 3 14 14 2 15 14 3 3 15 15 5 5 5 2 3 3
split_gain=13.8184 4.77038 3.9972 5.78124 4.25794 3.82981 5.41783 4.38358 9.57 3.56185 4.37796 2.95633 2.75507 3.11955 2.48393 2.44761 6.05949 2.40257 6.16777
threshold=1.4750000000000003 0.56500000000000006 0.74500000000000011 0.87500000000000011 0.085000000000000006 1.2850000000000004 7.5733404095640103e-05 2.8750000000000004 2.1750000000000003 1.5350000000000004 2.0250000000000004 1.655 -0.13499999999999998 3.2450000000000006 2.9150000000000005 6.8450000000000006 0.00027897637608550536 3.0450000000000004 5.4050000000000011
decision_type=2 2 2 2 2 2 2 2 2 2 2 2 2 2 2 2 2 2 2
left_child=1 -1 11 4 -4 6 -2 17 -9 -8 15 -3 -5 -14 -6 -11 -17 -7 -19
right_child=5 2 3 12 14 7 9 8 -10 10 -12 -13 13 -15 -16 16 -18 18 -20
leaf_value=0.016253876686096191 0.025654906316383466 -0.0079612933141522697 0.018988185127576194 -0.0099134300178026456 0.016141458068575181 -0.0014992644713557029 0.017824281052667267 0.015887956755445493 0.00074075597285870641 -0.0052901673465967185 0.019121699719815644 0.008434659191246691 0.0079180206077686249 -0.0030391436987249995 -0.0034021927250756159 0.011666836879755322 -0.012669989466667177 0.024732027715072036 -0.0029699869729854444
leaf_weight=31 37 529 51 136 21 728 49 151 337 100 37 29 69 1109 72 95 35 32 54
leaf_count=31 37 529 51 136 21 728 49 151 337 100 37 29 69 1109 72 95 35 32 54
internal_value=0 -0.00321101 -0.00351032 -0.00213298 0.00737785 0.00293311 0.00755243 0.00168072 0.0054277 0.00543283 0.00315875 -0.00710917 -0.00317526 -0.00239734 0.00101089 0.000590796 0.00511461 -0.000565625 0.00733774
internal_weight=0 2047 2016 1458 144 1655 353 1302 488 316 267 558 1314 1178 93 230 130 814 86
internal_count=3702 2047 2016 1458 144 1655 353 1302 488 316 267 558 1314 1178 93 230 130 814 86
is_linear=0
shrinkage=0.05


Tree=8
num_leaves=20
num_cat=0
split_feature=3 3 3 3 5 5 14 1 15 14 5 3 15 2 15 5 5 5 1
split_gain=12.4711 4.30526 3.60747 5.21757 4.00422 5.80773 3.4564 4.89805 3.95618 8.63692 3.13831 2.87185 2.66809 2.53516 2.48645 2.81539 2.33188 4.46497 5.70342
threshold=1.4750000000000003 0.56500000000000006 0.74500000000000011 0.87500000000000011 2.8550000000000004 3.2950000000000004 1.2850000000000004 0.0001909814549781555 2.8750000000000004 2.1750000000000003 6.4050000000000011 2.0050000000000003 1.655 0.00018189004180957935 -0.13499999999999998 3.2450000000000006 7.9650000000000007 8.5950000000000006 7.7390377053907766e-05
decision_type=2 2 2 2 2 2 2 2 2 2 2 2 2 2 2 2 2 2 2
left_child=1 -1 12 4 -4 -6 7 10 -8 16 13 -9 -3 -2 -5 -16 -10 18 -18
right_child=6 2 3 14 5 -7 8 11 9 -11 -12 -13 -14 -15 15 -17 17 -19 -20
leaf_value=0.015441182255744935 0.00054799182848496873 -0.0075632283192951875 0.026643290032039992 -0.0094177585643003964 -0.0023475130294498647 0.023931519631986267 -0.00053734405730514623 -0.0040872007679371609 0.022337994724512103 0.00070371811750734596 0.016720725747290999 0.016585455164313319 0.0080129252939388686 0.019465462863445283 0.0075221196896788009 -0.0028871866740870842 0.021417149826884269 0.023570934534072878 -0.012619686359539629
leaf_weight=31 77 529 22 136 95 27 814 105 64 337 128 20 29 23 69 1109 20 35 32
leaf_count=31 77 529 22 136 95 27 814 105 64 337 128 20 29 23 69 1109 20 35 32
internal_value=0 -0.00305046 -0.0033348 -0.00202633 0.00700896 0.00346834 0.00278646 0.00717481 0.00159668 0.00515631 0.0115358 -0.000779576 -0.00675371 0.00489901 -0.0030165 -0.00227747 0.0150936 0.00976432 0.000471404
internal_weight=0 2047 2016 1458 144 122 1655 353 1302 488 228 125 558 100 1314 1178 151 87 52
internal_count=3702 2047 2016 1458 144 122 1655 353 1302 488 228 125 558 100 1314 1178 151 87 52
is_linear=0
shrinkage=0.05


Tree=9
num_leaves=20
num_cat=0
split_feature=3 3 3 3 14 14 2 15 14 3 3 15 15 5 2 5 14 14 2
split_gain=11.2552 3.8855 3.25874 4.21716 3.80277 3.1194 4.78036 3.57045 7.79482 3.06878 3.72211 2.42824 2.25181 2.45969 2.32541 2.36572 3.30412 3.38678 2.72088
threshold=1.4750000000000003 0.56500000000000006 0.7350000000000001 0.87500000000000011 0.085000000000000006 1.2850000000000004 7.5733404095640103e-05 2.8750000000000004 2.1750000000000003 1.5350000000000004 2.0250000000000004 1.655 -0.16499999999999998 6.0550000000000006 0.00025615468592144375 3.2450000000000006 0.17500000000000002 0.31500000000000006 0.00017178761226191851
decision_type=2 2 2 2 2 2 2 2 2 2 2 2 2 2 2 2 2 2 2
left_child=1 -1 11 4 -4 6 -2 -7 -9 -8 -11 -3 -5 14 15 -14 -17 18 -18
right_child=5 2 3 12 -6 7 9 8 -10 10 -12 -13 13 -15 -16 16 17 -19 -20
leaf_value=0.0146691232919693 0.023820240352604841 -0.0072562471464478074 0.01626141659383263 -0.0092213428978409097 -1.2349791824817659e-05 -0.00051047675018667889 0.016326896481368005 0.014338881172091755 0.00066853230846741795 0.0003464438571878102 0.017433046609968753 0.0076122798796357779 0.0068953503774745132 -0.011726029217243195 0.013130511687352107 -0.008557437258331399 0.00708179385313448 -0.002922920993836866 -0.011679117957299407
leaf_weight=31 37 517 56 126 100 814 49 151 337 230 37 29 70 64 26 190 159 657 22
leaf_count=31 37 517 56 126 100 814 49 151 337 230 37 29 70 64 26 190 159 657 22
internal_value=0 -0.00289793 -0.00316806 -0.00194292 0.00582952 0.00264714 0.00681607 0.00151685 0.0048985 0.00482507 0.00271425 -0.00646653 -0.00286567 -0.00219159 -0.0016487 -0.00199866 -0.00260429 -0.00125453 0.00480146
internal_weight=0 2047 2016 1470 156 1655 353 1302 488 316 267 546 1314 1188 1124 1098 1028 838 181
internal_count=3702 2047 2016 1470 156 1655 353 1302 488 316 267 546 1314 1188 1124 1098 1028 838 181
is_linear=0
shrinkage=0.05


end of trees

feature_importances:
f_3=60
f_14=34
f_2=25
f_15=23
f_1=21
f_5=20
f_8=2
f_22=2
f_0=1
f_16=1
f_17=1

parameters:
[boosting: gbdt]
[objective: regression]
[metric: binary_logloss]
[tree_learner: serial]
[device_type: cpu]
[data: ]
[valid: ]
[num_iterations: 10]
[learning_rate: 0.05]
[num_leaves: 20]
[num_threads: 0]
[deterministic: 0]
[force_col_wise: 0]
[force_row_wise: 0]
[histogram_pool_size: -1]
[max_depth: -1]
[min_data_in_leaf: 20]
[min_sum_hessian_in_leaf: 0.001]
[bagging_fraction: 0.7]
[pos_bagging_fraction: 1]
[neg_bagging_fraction: 1]
[bagging_freq: 5]
[bagging_seed: 3]
[feature_fraction: 0.9]
[feature_fraction_bynode: 1]
[feature_fraction_seed: 2]
[extra_trees: 0]
[extra_seed: 6]
[early_stopping_round: 0]
[first_metric_only: 0]
[max_delta_step: 0]
[lambda_l1: 0]
[lambda_l2: 0]
[linear_lambda: 0]
[min_gain_to_split: 0]
[drop_rate: 0.1]
[max_drop: 50]
[skip_drop: 0.5]
[xgboost_dart_mode: 0]
[uniform_drop: 0]
[drop_seed: 4]
[top_rate: 0.2]
[other_rate: 0.1]
[min_data_per_group: 100]
[max_cat_threshold: 32]
[cat_l2: 10]
[cat_smooth: 10]
[max_cat_to_onehot: 4]
[top_k: 20]
[monotone_constraints: ]
[monotone_constraints_method: basic]
[monotone_penalty: 0]
[feature_contri: ]
[forcedsplits_filename: ]
[refit_decay_rate: 0.9]
[cegb_tradeoff: 1]
[cegb_penalty_split: 0]
[cegb_penalty_feature_lazy: ]
[cegb_penalty_feature_coupled: ]
[path_smooth: 0]
[interaction_constraints: ]
[verbosity: 0]
[saved_feature_importance_type: 0]
[linear_tree: 0]
[max_bin: 255]
[max_bin_by_feature: ]
[min_data_in_bin: 3]
[bin_construct_sample_cnt: 200000]
[data_random_seed: 1]
[is_enable_sparse: 1]
[enable_bundle: 1]
[use_missing: 1]
[zero_as_missing: 0]
[feature_pre_filter: 1]
[pre_partition: 0]
[two_round: 0]
[header: 0]
[label_column: ]
[weight_column: ]
[group_column: ]
[ignore_column: ]
[categorical_feature: ]
[forcedbins_filename: ]
[precise_float_parser: 0]
[objective_seed: 5]
[num_class: 1]
[is_unbalance: 0]
[scale_pos_weight: 1]
[sigmoid: 1]
[boost_from_average: 1]
[reg_sqrt: 0]
[alpha: 0.9]
[fair_c: 1]
[poisson_max_delta_step: 0.7]
[tweedie_variance_power: 1.5]
[lambdarank_truncation_level: 30]
[lambdarank_norm: 1]
[label_gain: ]
[eval_at: ]
[multi_error_top_k: 1]
[auc_mu_weights: ]
[num_machines: 1]
[local_listen_port: 12400]
[time_out: 120]
[machine_list_filename: ]
[machines: ]
[gpu_platform_id: -1]
[gpu_device_id: -1]
[gpu_use_dp: 0]
[num_gpu: 1]

end of parameters

pandas_categorical:[]
