tree
version=v3
num_class=1
num_tree_per_iteration=1
label_index=0
max_feature_idx=22
objective=regression
feature_names=f_0 f_1 f_2 f_3 f_4 f_5 f_6 f_7 f_8 f_9 f_10 f_11 f_12 f_13 f_14 f_15 f_16 f_17 f_18 f_19 f_20 f_21 f_22
feature_infos=[3.5138360446667107e-07:0.0066553821535006137] [2.5600331918768856e-06:0.0039732576088439284] [9.2225614268401974e-06:0.0029579505118275174] [0.53000000000000003:6.5599999999999996] [-33.000000000000007:46] [2.4100000000000001:21.82] [-101.00000000000016:144.99999999999994] [-0.15710919088766695:0.17837578087457961] [-81:74] [-46:33.999999999999986] [-51.000000000000021:33.999999999999986] [-33.000000000000007:27.999999999999979] [-41:96.000000000000014] [-36.000000000000007:32.999999999999986] [-0.52000000000000002:2.9100000000000001] [-0.94999999999999996:3.8500000000000001] [-52:73.999999999999972] [-28.000000000000004:24.000000000000004] [-0.29572649572649579:0.64215246636771273] [-0.02958455728073861:0.047292143401983289] [-0.054746473503621829:0.033993115318416534] [-0.039377561323276189:0.045346674363414774] [-0.019984292877423981:0.018327052533256172]
tree_sizes=1808 1891 1855 1900 1865 1863 1851 1857 1848 1858 1905 1895 1865 1904 1886 1864 1879 1834 1903 1878 1903

Tree=0
num_leaves=20
num_cat=0
split_feature=3 14 1 3 3 3 14 3 3 1 15 3 15 3 3 15 0 1 1
split_gain=16.3485 6.83019 15.7484 4.39806 3.79546 3.75614 5.19605 3.45252 3.18406 3.48903 3.16834 3.14325 2.40971 2.18955 3.53426 5.38957 2.17494 2.12762 3.70485
threshold=1.4750000000000003 1.2350000000000001 0.00017790295829568948 1.7150000000000001 0.56500000000000006 3.0750000000000006 1.8425000000000002 5.5500000000000007 2.5250000000000004 3.3375676931697394e-05 1.6250000000000002 1.5750000000000004 3.4250000000000003 0.77500000000000013 0.87500000000000011 0.40500000000000008 6.7883636548269811e-05 0.0001718158101154786 0.00053623892310966626
decision_type=2 2 2 2 2 2 2 2 2 2 2 2 2 2 2 2 2 2 2
left_child=4 2 3 11 -1 8 7 -7 9 -3 -11 -2 -8 -6 15 -15 -16 -12 -19
right_child=1 5 -4 -5 13 6 12 -9 -10 10 17 -13 -14 14 16 -17 -18 18 -20
leaf_value=0.17204497162445262 0.17963425722564916 0.15215409890497669 0.15440074111814137 0.18579497141956164 0.1520830154001698 0.19276256390832902 0.1572287953746426 0.16607906262244249 0.15139948012881574 0.15191415797093674 0.16036160942921029 0.16374140031961404 0.1751699715778865 0.17989970123713775 0.1534712924294333 0.15641997185728326 0.15768025990434711 0.16846265460466256 0.15016997195041551
leaf_weight=32 56 126 130 80 575 27 85 22 122 86 574 70 24 37 833 72 486 205 32
leaf_count=32 56 126 130 80 575 27 85 22 122 86 574 70 24 37 833 72 486 205 32
internal_value=0.158074 0.161671 0.168027 0.176626 0.154961 0.160032 0.167259 0.180782 0.159035 0.159945 0.16104 0.170805 0.161179 0.154688 0.155737 0.16439 0.155022 0.162007 0.165993
internal_weight=0 1639 336 206 2035 1303 158 49 1145 1023 897 126 109 2003 1428 109 1319 811 237
internal_count=3674 1639 336 206 2035 1303 158 49 1145 1023 897 126 109 2003 1428 109 1319 811 237
is_linear=0
shrinkage=1


Tree=1
num_leaves=20
num_cat=0
split_feature=3 14 1 3 3 3 5 3 0 14 3 16 2 3 3 14 1 3 1
split_gain=14.7545 6.16425 14.2129 3.96925 3.4254 3.38992 5.81181 2.87362 3.15191 2.89675 2.86488 2.48557 1.99435 1.97607 3.18967 4.28766 2.00522 3.1667 1.96521
threshold=1.4750000000000003 1.2350000000000001 0.00017790295829568948 1.7150000000000001 0.56500000000000006 3.0750000000000006 10.255000000000001 2.5250000000000004 4.3047777060788656e-05 1.3950000000000002 1.5550000000000004 1.0000000180025095e-35 0.00011322572871777011 0.77500000000000013 0.87500000000000011 0.22500000000000003 0.00025528724294924388 1.3150000000000002 0.00053623892310966626
decision_type=2 2 2 2 2 2 2 2 2 2 2 2 2 2 2 2 2 2 2
left_child=4 2 3 10 -1 7 -7 8 -3 -10 -2 18 -12 -6 15 -15 -16 -18 -11
right_child=1 5 -4 -5 13 6 -8 -9 9 11 12 -13 -14 14 16 -17 17 -19 -20
leaf_value=0.013272750796750188 0.021869350462517839 -0.0028452908915787166 -0.0034892676999935738 0.02633525230921805 -0.0056911070528237722 0.033219015066112793 0.0049712259077677769 -0.0063404657374151428 -0.0046680983621627094 0.0082417883064555032 0.011370646767318249 0.0011413020721088303 -0.0061168058410934782 0.018525727678622522 -0.0032899250244069547 -0.0018508497125177244 0.019039063614148363 -0.0058840129375457772 -0.0075084984302520759
leaf_weight=32 47 271 130 80 575 21 137 122 96 348 56 287 23 42 1268 67 26 25 21
leaf_count=32 47 271 130 80 575 21 137 122 96 348 56 287 23 42 1268 67 26 25 21
internal_value=0 0.00341737 0.00945579 0.017625 -0.0029569 0.00186027 0.00872568 0.000912899 0.00177791 0.00344399 0.0120947 0.00463112 0.00627936 -0.00321619 -0.00221963 0.00600068 -0.00289895 0.00682187 0.00734543
internal_weight=0 1639 336 206 2035 1303 158 1145 1023 752 126 656 79 2003 1428 109 1319 51 369
internal_count=3674 1639 336 206 2035 1303 158 1145 1023 752 126 656 79 2003 1428 109 1319 51 369
is_linear=0
shrinkage=0.05


Tree=2
num_leaves=20
num_cat=0
split_feature=3 14 1 3 3 3 5 3 2 15 3 0 1 3 3 15 20 21 1
split_gain=13.316 5.56323 12.8272 3.58225 3.09143 3.0594 5.24516 2.68249 4.63226 2.59392 2.6458 3.46212 2.09171 2.90978 2.99646 3.25154 2.96053 3.21613 2.72164
threshold=1.4750000000000003 1.2350000000000001 0.00017790295829568948 1.7150000000000001 0.56500000000000006 3.0750000000000006 10.255000000000001 1.675 0.00012256738673578206 2.0050000000000003 2.5250000000000004 4.3047777060788656e-05 0.00053623892310966626 2.1950000000000007 1.7950000000000002 3.3950000000000005 -0.0027327614593623535 -0.00080616172124525754 0.0001718158101154786
decision_type=2 2 2 2 2 2 2 2 2 2 2 2 2 2 2 2 2 2 2
left_child=4 2 3 7 -1 9 -7 8 -2 -3 11 -11 13 14 15 18 -15 -18 -13
right_child=1 5 -4 -5 -6 6 -8 -9 -10 10 -12 12 -14 16 -16 -17 17 -19 -20
leaf_value=0.012609114404767752 0.025841452754460849 -0.003375811853112966 -0.0033148046525625086 0.025018488001078365 -0.003055377773237538 0.031558063306978773 0.0047226641843788816 0.0020315245269460882 0.00031464665576263714 -0.0024824235050832453 -0.0056740035508808344 0.0025889384863247355 -0.0072817419888451702 0.0011459873272822454 1.5383941326902506e-05 0.020953249422515311 0.010039456685384114 0.03519503166899085 0.016333168469693349
leaf_weight=32 52 274 130 80 2003 21 137 47 27 201 95 166 32 26 213 41 27 24 46
leaf_count=32 52 274 130 80 2003 21 137 47 27 201 95 166 32 26 213 41 27 24 46
internal_value=0 0.0032465 0.008983 0.0167437 -0.00280906 0.00176725 0.00828939 0.0114899 0.0171171 0.000867254 0.00220204 0.00316625 0.00514083 0.00587291 0.00438508 0.00806392 0.0148772 0.0218774 0.00557118
internal_weight=0 1639 336 206 2035 1303 158 126 79 1145 871 776 575 543 466 253 77 51 212
internal_count=3674 1639 336 206 2035 1303 158 126 79 1145 871 776 575 543 466 253 77 51 212
is_linear=0
shrinkage=0.05


Tree=3
num_leaves=20
num_cat=0
split_feature=3 14 2 14 2 5 3 1 15 9 0 21 15 3 3 15 0 3 1
split_gain=12.0177 5.02082 11.7508 3.58904 3.04279 2.99736 2.79001 2.77284 2.87499 2.30779 2.11154 2.03608 1.91629 1.78341 2.87868 4.45939 1.91114 1.7994 3.14455
threshold=1.4750000000000003 1.2350000000000001 0.00015136415005260825 0.28500000000000009 7.7690597854830742e-05 8.0950000000000006 0.56500000000000006 3.3375676931697394e-05 3.5750000000000006 -14.000000000000034 9.289772172340523e-05 0.00025550674108243415 1.6250000000000002 0.77500000000000013 0.87500000000000011 0.40500000000000008 6.7883636548269811e-05 1.3050000000000004 0.00025528724294924388
decision_type=2 2 2 2 2 2 2 2 2 2 2 2 2 2 2 2 2 2 2
left_child=6 2 3 4 -2 -5 -1 -3 9 -9 -4 -10 -11 -8 15 -15 -16 18 -18
right_child=1 7 10 5 -6 -7 13 8 11 12 -12 -13 -14 14 16 -17 17 -19 -20
leaf_value=0.011978658614680171 0.021824629813432694 -0.0053706921873584628 0.011156287212525645 0.027970097178077125 -0.00088185597625043658 0.006825100524084908 -0.0052537832467452342 0.017600001589111663 0.0057149460007037437 -0.0055695736390906714 -0.0032656149193644526 0.026602826900780203 0.0022023616643512952 0.019961226429488207 -0.0040549790301099694 -0.001396439110653268 0.00023269519873980361 -0.0060494942977876954 0.018239878920408396
leaf_weight=32 25 126 31 83 36 21 575 23 28 86 140 20 1020 37 833 72 359 101 26
leaf_count=32 25 126 31 83 36 21 575 23 28 86 140 20 1020 37 833 72 359 101 26
internal_value=0 0.00308418 0.00853385 0.0180528 0.00842408 0.0237004 -0.0026686 0.00167889 0.00243356 0.00192403 -0.000651118 0.0144182 0.00159803 -0.00290261 -0.00195588 0.00585341 -0.00260123 -0.000109515 0.00144876
internal_weight=0 1639 336 165 61 104 2035 1303 1177 1129 171 48 1106 2003 1428 109 1319 486 385
internal_count=3674 1639 336 165 61 104 2035 1303 1177 1129 171 48 1106 2003 1428 109 1319 486 385
is_linear=0
shrinkage=0.05


Tree=4
num_leaves=20
num_cat=0
split_feature=3 14 1 3 3 14 3 3 3 1 3 15 14 2 3 15 15 18 1
split_gain=10.8459 4.53129 10.7212 3.05003 2.66855 4.20425 3.5882 2.51799 2.41461 2.65517 3.42079 4.42759 2.9775 2.40584 2.54347 2.39182 2.3223 1.68125 1.61091
threshold=1.4750000000000003 1.2350000000000001 0.00017790295829568948 1.7150000000000001 3.0750000000000006 1.8750000000000002 5.5500000000000007 0.56500000000000006 2.5250000000000004 0.0001718158101154786 1.8250000000000004 2.8550000000000004 2.0850000000000004 7.6824929219369752e-05 1.5750000000000004 1.9550000000000003 3.4250000000000003 -0.0059957448369464808 3.3375676931697394e-05
decision_type=2 2 2 2 2 2 2 2 2 2 2 2 2 2 2 2 2 2 2
left_child=7 2 3 13 8 6 -6 -1 9 18 11 -11 15 -2 -15 -12 -7 -5 -3
right_child=1 4 -4 17 5 16 -8 -9 -10 10 12 -13 -14 14 -16 -17 -18 -19 -20
leaf_value=0.011379725160077216 0.025376291166652333 -0.0051021576164260746 -0.0031358751138815515 0.032195248703161879 0.030972098507757846 -0.0022832406125962734 0.0051235408484935768 -0.0027574782565243532 -0.005894481293002113 0.0053063815165507169 -0.0056003590700802984 0.032399689674377445 -0.0051631418565909071 0.015302764117717743 -0.00034737299989770964 0.011283876794449827 0.015450278855860235 0.017223039910197257 0.0010845011351250558
leaf_weight=32 22 126 130 30 29 80 25 2003 122 38 27 25 75 50 54 94 24 50 638
leaf_count=32 22 126 130 30 29 80 25 2003 122 38 27 25 75 50 54 94 24 50 638
internal_value=0 0.00292997 0.00810716 0.0152023 0.00159495 0.00768625 0.0190052 -0.00253517 0.000754399 0.00154733 0.00592229 0.0160577 0.00266449 0.0103544 0.00717673 0.00751632 0.00180911 0.0228376 6.41883e-05
internal_weight=0 1639 336 206 1303 158 54 2035 1145 1023 259 63 196 126 104 121 104 80 764
internal_count=3674 1639 336 206 1303 158 54 2035 1145 1023 259 63 196 126 104 121 104 80 764
is_linear=0
shrinkage=0.05


Tree=5
num_leaves=20
num_cat=0
split_feature=5 14 3 5 1 18 1 3 5 14 14 0 1 14 2 3 3 3 14
split_gain=11.1663 3.58826 3.04267 2.63328 2.18403 2.17765 2.96112 1.70288 1.93513 2.17977 2.04407 1.97596 1.82642 1.73702 2.26261 1.57875 3.31326 3.64778 3.59944
threshold=5.455000000000001 2.0850000000000004 0.56500000000000006 6.9350000000000014 0.0001197733394854334 0.043986568986569059 7.2899965690264795e-05 2.4750000000000005 6.0550000000000006 1.4425000000000001 0.18250000000000002 2.2402904061691655e-05 6.9170341287056575e-05 1.2350000000000001 7.7690597854830742e-05 5.9650000000000007 3.1250000000000004 2.3750000000000004 1.8650000000000004
decision_type=2 2 2 2 2 2 2 2 2 2 2 2 2 2 2 2 2 2 2
left_child=2 3 -1 7 5 6 -5 8 9 10 -2 -11 -13 14 -10 16 17 -6 -18
right_child=1 -3 -4 4 15 -7 -8 -9 13 11 -12 12 -14 -15 -16 -17 18 -19 -20
leaf_value=0.014935738801956179 0.0068982959277444078 -0.00055869968878802755 -0.0026085791893750224 0.0055463616337094995 0.0070893463257112009 -0.0028579135239124301 0.021572333893605643 0.013634265316971417 0.017859097346663477 -0.00049645074389197607 -0.0045494807200341285 0.02646064887253138 0.0063628932088613506 -0.0061152490877336074 -0.0013047036728752195 -0.0069506465196609501 0.02835159874521196 -0.0040512899557749431 0.0044458816368733679
leaf_weight=25 77 454 2151 49 285 20 70 29 20 22 79 26 20 124 67 25 32 99 31
leaf_count=25 77 454 2151 49 285 20 70 29 20 22 79 26 20 124 67 25 32 99 31
internal_value=0 0.00316852 -0.00240701 0.00474262 0.00689913 0.0124077 0.0149734 0.00190289 0.0011208 0.00435747 0.00110102 0.0118281 0.0177225 -0.00231528 0.00310077 0.00527689 0.00596076 0.00421715 0.0165885
internal_weight=0 1529 2176 1075 611 139 119 464 435 224 156 68 46 211 87 472 447 384 63
internal_count=3705 1529 2176 1075 611 139 119 464 435 224 156 68 46 211 87 472 447 384 63
is_linear=0
shrinkage=0.05


Tree=6
num_leaves=20
num_cat=0
split_feature=5 14 3 5 3 3 3 1 17 6 5 3 15 14 2 0 4 0 15
split_gain=10.0776 3.23841 2.74601 2.37654 2.02131 5.89903 3.57059 2.5678 2.27248 1.99482 2.37688 6.4475 1.9487 2.0198 1.91193 1.87229 1.61907 1.61695 1.5457
threshold=5.455000000000001 2.0850000000000004 0.56500000000000006 6.9350000000000014 5.5500000000000007 3.1250000000000004 2.4450000000000007 0.00048392163639903368 2.9999999999999951 9.0000000000000551 7.9350000000000014 2.0350000000000006 3.5750000000000006 2.8050000000000002 8.9809896665054984e-05 0.00021166313524638674 0.50000000000000611 0.00012967137246912977 -0.31499999999999995
decision_type=2 2 2 2 2 2 2 2 2 2 2 2 2 2 2 2 2 2 2
left_child=2 3 -1 18 5 6 7 8 9 10 17 14 -3 -14 -12 -16 -7 -5 -2
right_child=1 12 -4 4 -6 16 -8 -9 -10 -11 11 -13 13 -15 15 -17 -18 -19 -20
leaf_value=0.01418895220756531 0.014444308112496916 -0.0016960901524825369 -0.0024781502073224562 0.023323768285604625 -0.0035246794800395556 0.015155216274054154 -0.0025831689560177305 -0.0050713379893984117 0.0022759245528328801 0.00024293456226587296 0.016870210319757464 0.034636096991598607 0.018058877493496297 -0.0018763553040723009 -0.0039649593371611381 0.011135887429118157 0.033916150098261627 0.011430386263950199 0.0011486984688003049
leaf_weight=25 23 403 2151 65 46 23 101 35 93 36 23 20 27 24 65 30 23 51 441
leaf_count=25 23 403 2151 65 46 23 101 35 93 36 23 20 27 24 65 30 23 51 441
internal_value=0 0.00301009 -0.00228666 0.00450549 0.00655418 0.00737476 0.00585375 0.00789233 0.009077 0.011258 0.0128192 0.00838472 -0.000530765 0.00867759 0.00393533 0.000803729 0.0245357 0.0180948 0.00180775
internal_weight=0 1529 2176 1075 611 565 519 418 383 290 254 138 454 51 118 95 46 116 464
internal_count=3705 1529 2176 1075 611 565 519 418 383 290 254 138 454 51 118 95 46 116 464
is_linear=0
shrinkage=0.05


Tree=7
num_leaves=20
num_cat=0
split_feature=5 14 3 5 3 3 3 1 17 18 5 3 8 15 14 14 3 5 15
split_gain=9.09505 2.92266 2.47827 2.14482 1.82423 5.32387 3.22246 2.31744 2.05091 1.88749 2.1696 5.34537 2.12532 1.7587 1.82287 1.71549 1.54595 1.78661 2.66435
threshold=5.455000000000001 2.0850000000000004 0.56500000000000006 6.9350000000000014 5.5500000000000007 3.1250000000000004 2.4450000000000007 0.00048392163639903368 2.9999999999999951 0.04220696947757497 7.9650000000000007 2.0350000000000006 1.9999999999999936 3.5750000000000006 2.8050000000000002 1.9650000000000001 2.4750000000000005 6.0550000000000006 -0.29499999999999993
decision_type=2 2 2 2 2 2 2 2 2 2 2 2 2 2 2 2 2 2 2
left_child=2 3 -1 16 5 6 7 8 9 10 12 15 -5 -3 -15 -12 17 -2 -19
right_child=1 13 -4 4 -6 -7 -8 -9 -10 -11 11 -13 -14 14 -16 -17 -18 18 -20
leaf_value=0.013479504942893983 0.0040821588564930221 -0.0016112856123198943 -0.0023542425279587387 0.021408150890885397 -0.0033484456979710124 0.023308898881077768 -0.0024540106480074402 -0.0048177710388387952 0.0021621283984953358 0.0025395818316099935 0.00044295576711495714 0.031272202375389281 0.0036656329674380167 0.017155934207969244 -0.0017825375311076642 0.016420464572452366 0.012895117057808514 0.012657895283057139 -0.0044357399884107952
leaf_weight=25 224 403 2151 86 46 46 101 35 93 57 84 21 21 27 24 21 29 26 185
leaf_count=25 224 403 2151 86 46 46 101 35 93 57 84 21 21 27 24 21 29 26 185
internal_value=0 0.00285959 -0.00217233 0.00428021 0.00622647 0.00700602 0.00556106 0.00749772 0.00862315 0.0106951 0.0126903 0.00824408 0.017926 -0.000504226 0.00824371 0.00363846 0.00171736 0.000972177 -0.00232942
internal_weight=0 1529 2176 1075 611 565 519 418 383 290 233 126 107 454 51 105 464 435 211
internal_count=3705 1529 2176 1075 611 565 519 418 383 290 233 126 107 454 51 105 464 435 211
is_linear=0
shrinkage=0.05


Tree=8
num_leaves=20
num_cat=0
split_feature=5 14 3 5 1 15 2 15 19 19 3 15 14 3 15 5 15 15 14
split_gain=8.20828 2.6377 2.23664 1.9357 1.69616 2.23808 3.85468 2.13495 2.0407 1.78188 1.80797 1.58723 1.64514 1.39522 1.66085 1.77471 3.62514 1.88437 1.29874
threshold=5.455000000000001 2.0850000000000004 0.56500000000000006 6.9350000000000014 0.00012749949172216247 2.9150000000000005 0.00017290198797944545 2.3625000000000003 0.00069296924510353641 0.0019152505352200146 1.7050000000000003 3.5750000000000006 2.8050000000000002 2.4750000000000005 0.095000000000000015 6.0550000000000006 1.655 2.0750000000000006 0.14500000000000005
decision_type=2 2 2 2 2 2 2 2 2 2 2 2 2 2 2 2 2 2 2
left_child=2 3 -1 13 7 -6 -7 8 -5 10 -9 -3 -13 14 -2 16 18 -18 -16
right_child=1 11 -4 4 5 6 -8 9 -10 -11 -12 12 -14 -15 15 -17 17 -19 -20
leaf_value=0.012805529117584228 0.0082947032038982096 -0.0015307213916967881 -0.0022365307725484515 0.0089479363678644109 0.0029259586773621731 0.0023213337361812593 0.025811291870570952 0.020212216355970928 0.024573925842304487 -0.0074748452914797751 -0.00053550799687703454 0.016298137191269133 -0.0016934107057750226 0.012250361591577531 0.0036589818921956146 -0.0042311887894615988 0.021293783361713094 0.0049663004313790522 -0.0064008549726628644
leaf_weight=25 65 403 2151 48 390 40 31 21 37 23 21 27 24 29 55 165 30 43 77
leaf_count=25 65 403 2151 48 390 40 31 21 37 23 21 27 24 29 55 165 30 43 77
internal_value=0 0.00271661 -0.00206371 0.0040662 0.00591514 0.00441242 0.0125775 0.0105335 0.0157498 0.00371215 0.00983835 -0.000479015 0.00783153 0.00163149 0.000923568 -0.000371361 0.00273533 0.0116762 -0.00220926
internal_weight=0 1529 2176 1075 611 461 71 150 85 65 42 454 51 464 435 370 205 73 132
internal_count=3705 1529 2176 1075 611 461 71 150 85 65 42 454 51 464 435 370 205 73 132
is_linear=0
shrinkage=0.05


Tree=9
num_leaves=20
num_cat=0
split_feature=5 14 3 5 3 3 3 16 1 3 5 5 4 20 14 3 16 15 21
split_gain=7.40797 2.38053 2.01857 1.74697 1.61939 4.78195 2.82552 2.07125 1.77561 1.52117 3.67564 3.34821 1.70427 1.65858 1.59206 2.13613 1.76631 1.43795 1.60995
threshold=5.455000000000001 2.0850000000000004 0.56500000000000006 6.9350000000000014 5.5500000000000007 3.1250000000000004 2.4450000000000007 10.000000000000004 0.00048392163639903368 2.0150000000000001 7.8750000000000009 9.0750000000000011 0.50000000000000611 0.00061154207298763652 1.9750000000000003 1.6250000000000002 1.0000000000000007 3.5550000000000002 0.0039466822660424459
decision_type=2 2 2 2 2 2 2 2 2 2 2 2 2 2 2 2 2 2 2
left_child=2 3 -1 -2 5 6 7 8 9 10 12 13 -5 -11 15 16 -12 -3 -19
right_child=1 17 -4 4 -6 -7 -8 -9 -10 11 14 -13 -14 -15 -16 -17 -18 18 -20
leaf_value=0.012165252327919006 0.0015499180375502027 -0.001553163554538325 -0.0021247042543053461 0.018538090156417497 -0.0034019469890905468 0.02180473681377328 -0.0025207831385997263 -0.0068685261675944702 -0.0042013751021746934 0.015139906464711481 -0.00018954545907352282 0.026932713863524523 0.0066239921662669919 -0.0042953706213406159 0.01394418633232514 -0.0041495697728047764 0.020127437971532346 0.00074574334117082455 0.017917297141892569
leaf_weight=25 464 394 2151 71 46 46 101 26 29 23 23 33 52 21 24 96 20 39 21
leaf_count=25 464 394 2151 71 46 46 101 26 29 23 23 33 52 21 24 96 20 39 21
internal_value=0 0.00258078 -0.00196053 0.00386289 0.00561939 0.00635387 0.00498443 0.00679789 0.00770433 0.00865548 0.00697602 0.0148934 0.0135012 0.00586398 0.00205209 -1.21931e-06 0.00926021 -0.000455064 0.00675579
internal_weight=0 1529 2176 1075 611 565 519 418 392 363 286 77 123 44 163 139 43 454 60
internal_count=3705 1529 2176 1075 611 565 519 418 392 363 286 77 123 44 163 139 43 454 60
is_linear=0
shrinkage=0.05


Tree=10
num_leaves=20
num_cat=0
split_feature=3 14 2 22 20 15 0 2 9 0 14 1 1 18 14 3 3 1 3
split_gain=6.31451 2.97401 8.60803 3.18543 2.45923 2.22745 2.019 1.94674 1.74973 1.60463 1.52049 1.61419 1.40105 1.35151 1.29951 1.72531 1.45186 2.69396 1.25353
threshold=1.4750000000000003 1.2350000000000001 0.00015136415005260825 -4.8324061155846636e-05 -0.0041264996216160968 2.0050000000000003 4.3047777060788656e-05 4.5721687752241264e-05 -5.9999999999999707 9.289772172340523e-05 -0.18499999999999997 0.00013411323505698518 3.6713697701774839e-05 0.12959118941316297 2.2450000000000006 0.77500000000000013 1.3050000000000004 0.00025528724294924388 0.56500000000000006
decision_type=2 2 2 2 2 2 2 2 2 2 2 2 2 2 2 2 2 2 2
left_child=12 2 3 -2 -5 8 -7 -8 -3 -4 -6 -12 -1 -9 15 18 17 -17 -14
right_child=1 5 9 4 10 6 7 13 -10 -11 11 -13 14 -15 -16 16 -18 -19 -20
leaf_value=-0.0036699233757075318 0.026478910570343336 0.0093033766442978828 0.0088745492119942943 -0.0042114602158898895 0.0058759717119706645 -0.0020989549188119064 0.015275387782039067 0.0024182467900647773 -0.0040895360876761731 -0.0036976483889988492 0.024104289467944656 0.0069106034934520721 0.0065247318437022545 0.012338025495409966 -0.004945680030754635 0.0014187097057907119 -0.0033265518974389461 0.017300287580915862 -0.003976739691761582
leaf_weight=733 42 27 31 23 37 212 33 743 252 140 43 20 31 36 175 576 151 28 341
leaf_count=733 42 27 31 23 37 212 33 743 252 140 43 20 31 36 175 576 151 28 341
internal_value=0 0.0022486 0.00644285 0.01459 0.0105304 0.00116705 0.00224613 0.00338056 -0.00279345 -0.00141848 0.0139211 0.018646 -0.00192141 0.00287667 -0.000937035 -0.000314575 0.00105864 0.00215494 -0.00310162
internal_weight=0 1639 336 165 123 1303 1024 812 279 171 100 63 2035 779 1302 1127 755 604 372
internal_count=3674 1639 336 165 123 1303 1024 812 279 171 100 63 2035 779 1302 1127 755 604 372
is_linear=0
shrinkage=0.05


Tree=11
num_leaves=20
num_cat=0
split_feature=3 14 2 22 20 15 15 0 3 15 18 9 5 6 1 0 21 20 1
split_gain=5.69885 2.68404 7.76874 2.87485 2.22436 2.01027 1.98301 2.02664 2.1749 2.24075 1.90175 1.57913 1.556 1.50585 2.08375 1.44818 1.35434 1.2859 1.26445
threshold=1.4750000000000003 1.2350000000000001 0.00015136415005260825 -4.8324061155846636e-05 -0.0037124347352631699 2.0050000000000003 2.1050000000000004 4.3047777060788656e-05 1.7950000000000002 3.3950000000000005 -0.016547054188420781 -5.9999999999999707 6.4650000000000007 -1.0000000180025095e-35 0.00016636317015559412 9.289772172340523e-05 0.012194516221375908 0.0012186563164848787 3.6713697701774839e-05
decision_type=2 2 2 2 2 2 2 2 2 2 2 2 2 2 2 2 2 2 2
left_child=18 2 3 -2 -5 11 -7 -8 9 10 -9 -3 -6 -12 -15 -4 -10 -11 -1
right_child=1 5 15 4 12 6 7 8 16 17 13 -13 -14 14 -16 -17 -18 -19 -20
leaf_value=-0.0034515628628280287 0.024903415506439552 0.0087498258029421183 0.0083465133054602542 -0.0029535623083894072 0.0053665968606600896 0.010093075938417878 -0.0028834865147266352 -0.0015900963651282445 0.00033337564275759027 0.025733337090483734 0.0016483545975482209 -0.0038462086393098748 0.01827342351526022 0.0075774307069368663 0.026594655216112737 -0.0034776383446263417 0.011925525719156633 0.0081954904261976481 -0.00088128178369271048
leaf_weight=733 42 27 31 26 37 71 202 77 492 21 47 252 60 48 20 140 26 20 1302
leaf_count=733 42 27 31 26 37 71 202 77 492 21 47 252 60 48 20 140 26 20 1302
internal_value=0 0.00211481 0.0060595 0.0137219 0.00990388 0.00109761 0.00211248 0.00151792 0.00270178 0.00667363 0.00443044 -0.00262724 0.0133502 0.00846159 0.0131707 -0.00133408 0.000915221 0.0171783 -0.00180709
internal_weight=0 1639 336 165 123 1303 1024 953 751 233 192 279 97 115 68 171 518 41 2035
internal_count=3674 1639 336 165 123 1303 1024 953 751 233 192 279 97 115 68 171 518 41 2035
is_linear=0
shrinkage=0.0495


Tree=12
num_leaves=20
num_cat=0
split_feature=3 14 1 3 2 15 15 13 3 0 16 20 3 22 4 15 3 9 18
split_gain=5.14862 2.4249 7.19422 2.3893 1.95844 1.81618 1.79155 1.9107 1.69376 1.65564 1.96084 2.01729 1.80116 1.47621 1.5445 1.44782 2.02786 1.42666 1.38783
threshold=1.4750000000000003 1.2350000000000001 0.00017790295829568948 1.7150000000000001 7.6824929219369752e-05 2.0050000000000003 2.1050000000000004 -8.9999999999999947 1.5750000000000004 4.3047777060788656e-05 -1.2499999999999953 -0.0013551395511181561 1.885 1.4646542544571874e-05 0.99999999999999545 3.3950000000000005 1.8750000000000002 -5.9999999999999707 -0.0059957448369464808
decision_type=2 2 2 2 2 2 2 2 2 2 2 2 2 2 2 2 2 2 2
left_child=-1 2 3 4 -2 17 -7 -8 -6 -9 11 12 -11 14 -13 -12 -17 -3 -5
right_child=1 5 -4 18 8 6 7 9 -10 10 15 13 -14 -15 -16 16 -18 -19 -20
leaf_value=-0.0017004609664201334 0.020476600336991248 0.0082335419929772617 -0.0033246451205192849 0.026354516782164574 0.010882252209100126 0.0094975341170679926 0.014278682997152209 -0.0028942782318815588 -0.0016347642847895621 0.0072946078882156875 -0.0013667195863464061 0.016980454691536726 -0.0035899401593453744 0.0025543415549397468 0.0041239523243926032 0.014119864756223795 -0.0017868591701525908 -0.003619263071041288 0.013022138615038991
leaf_weight=2035 22 27 130 30 50 71 27 200 54 64 346 66 85 54 34 38 39 252 50
leaf_count=2035 22 27 130 30 50 71 27 200 54 64 346 66 85 54 34 38 39 252 50
internal_value=0 0.00199003 0.00570196 0.0113984 0.00719302 0.00103284 0.00198784 0.00142835 0.00438303 0.00105367 0.00214126 0.00515039 0.0010853 0.0090835 0.0126092 -1.42261e-05 0.00606321 -0.00247222 0.0180218
internal_weight=0 1639 336 206 126 1303 1024 953 104 926 726 303 149 154 100 423 77 279 80
internal_count=3674 1639 336 206 126 1303 1024 953 104 926 726 303 149 154 100 423 77 279 80
is_linear=0
shrinkage=0.049005


Tree=13
num_leaves=20
num_cat=0
split_feature=3 4 14 1 14 2 22 0 15 2 20 2 9 1 5 14 3 3 15
split_gain=4.65637 2.28129 2.04511 5.22162 2.5607 1.94864 1.69064 1.37523 1.4404 1.56723 1.23678 1.22308 1.17142 1.14237 1.29525 1.17281 1.55709 1.31603 1.19141
threshold=1.4750000000000003 -0.99999999999998412 1.2350000000000001 0.00017790295829568948 -0.12499999999999999 0.00014958479746790502 -0.0017364959743333406 4.3047777060788656e-05 2.0050000000000003 4.5721687752241264e-05 -0.0012051776790160671 7.847258669757746e-05 -5.9999999999999707 3.6713697701774839e-05 2.6450000000000005 2.2450000000000006 0.77500000000000013 0.83500000000000008 2.3950000000000005
decision_type=2 2 2 2 2 2 2 2 2 2 2 2 2 2 2 2 2 2 2
left_child=13 -2 3 4 11 10 -4 -8 12 -10 -6 -3 -9 14 -1 16 -15 -18 -19
right_child=1 2 6 -5 5 -7 7 8 9 -11 -12 -13 -14 15 -16 -17 17 18 -20
leaf_value=0.0090437908140566774 -0.0007264811962657471 0.014881419487770574 0.012934696227516595 -0.0018022073531792327 0.014596344031147705 0.0050707372517298909 -0.0023312204499458993 0.0085339748617572642 0.016502631308994816 0.0032579350564563305 0.027541382218859854 0.00035952664123660953 -0.0033509047373369073 -0.0027337678828219976 -0.003474489549567264 -0.0044335959187217335 0.010889739555300917 -4.0597093238058534e-05 0.0060423774908526604
leaf_weight=20 535 20 32 98 32 22 169 23 22 476 38 43 129 372 713 175 31 638 86
leaf_count=20 535 20 32 98 32 22 169 23 22 476 38 43 129 372 713 175 31 638 86
internal_value=0 0.00187358 0.00313358 0.00696318 0.0125052 0.0176653 0.00199505 0.00156761 0.00258131 0.00384304 0.0216237 0.00496965 -0.00155253 -0.00160096 -0.00313293 -0.000738491 -0.000164717 0.00110109 0.000681966
internal_weight=0 1639 1104 253 155 92 851 819 650 498 70 63 152 2035 733 1302 1127 755 724
internal_count=3674 1639 1104 253 155 92 851 819 650 498 70 63 152 2035 733 1302 1127 755 724
is_linear=0
shrinkage=0.048515


Tree=14
num_leaves=20
num_cat=0
split_feature=3 4 2 2 22 14 2 14 5 18 0 15 7 12 14 15 5 0 6
split_gain=4.21552 2.0653 1.89152 3.55349 1.86691 1.51348 4.53251 3.99142 1.81871 1.70257 1.50207 1.37565 1.30784 1.27968 1.07458 4.7587 1.8486 1.92957 1.1519
threshold=1.4750000000000003 -0.99999999999998412 3.9901665013997445e-05 4.6431426368403653e-05 -0.0024641875462623748 1.2350000000000001 0.00015136415005260825 -0.16499999999999995 8.0350000000000019 0.053736631406048348 0.0002795645944916234 0.40500000000000008 -0.0061575963053199225 -1.0000000180025095e-35 0.28500000000000009 0.97500000000000009 4.7650000000000006 0.00014620396835810236 8.2500000000000036
decision_type=2 2 2 2 2 2 2 2 2 2 2 2 2 2 2 2 2 2 2
left_child=14 -2 -3 13 -5 6 7 -6 9 -9 -7 12 -8 -4 15 18 -17 -18 -1
right_child=1 2 3 4 5 10 11 8 -10 -11 -12 -13 -14 -15 -16 16 17 -19 -20
leaf_value=-0.0019961722924273033 -0.00068432364055305008 -0.0045196318846785384 0.024662395165410012 0.015843208430967474 -0.0034454850227577834 0.0002135948651277518 0.013168427751132842 0.02648980894710953 0.0049332765980473247 0.010040044133862031 0.0052612402890954285 -0.0065241026446688707 -0.00096458772283040733 0.0082635200164641199 -0.0023557044756279842 0.0013427044624221101 0.02397360692423961 0.0060968915316237755 0.0060452655882601023
leaf_weight=622 535 73 23 25 27 547 23 47 20 21 181 52 44 21 1280 33 30 26 44
leaf_count=622 535 73 23 25 27 547 23 47 20 21 181 52 44 21 1280 33 30 26 44
internal_value=0 0.00176486 0.00295173 0.00348075 0.00288539 0.00254865 0.00590888 0.0127087 0.0176651 0.0214097 0.00146857 -0.000662364 0.00388704 0.0168357 -0.00150806 -7.09813e-05 0.01036 0.0156737 -0.00146491
internal_weight=0 1639 1104 1031 987 962 234 115 88 68 728 119 67 44 2035 755 89 56 666
internal_count=3674 1639 1104 1031 987 962 234 115 88 68 728 119 67 44 2035 755 89 56 666
is_linear=0
shrinkage=0.0480298


Tree=15
num_leaves=20
num_cat=0
split_feature=5 14 3 4 1 3 2 3 5 5 14 1 0 14 15 5 14 15 5
split_gain=4.4685 1.89937 1.73253 1.50729 1.29242 2.32096 1.90163 1.4493 1.75577 1.69265 1.87859 2.81032 1.81481 1.31005 1.26051 3.0674 3.26947 1.80727 1.43401
threshold=5.455000000000001 2.0850000000000004 0.56500000000000006 5.9999999999999725 0.00048392163639903368 3.1250000000000004 0.00044812312785765044 2.7750000000000004 7.0850000000000009 7.8750000000000009 1.7650000000000003 0.00012985482492129351 0.00043359314916635751 1.0650000000000002 1.655 5.7950000000000008 1.3250000000000004 0.7350000000000001 6.0550000000000006
decision_type=2 2 2 2 2 2 2 2 2 2 2 2 2 2 2 2 2 2 2
left_child=2 3 -1 4 5 6 7 8 14 10 11 -10 -11 -13 17 -16 -17 -2 -18
right_child=1 -3 -4 -5 -6 -7 -8 -9 9 12 -12 13 -14 -15 15 16 18 -19 -20
leaf_value=0.01100787470833655 0.0020886260721596711 -0.00066211666344834588 -0.0015821208008750713 0.013514233671820707 -0.0021960638476813867 0.016516575661237529 0.016349354293315913 -0.0067114911894411936 0.01340927246375264 0.0010148858427798087 0.015532561779487732 0.0076851488083173151 0.015432951434950996 -0.0074195571510760339 0.018943290867607175 0.018731108608823981 0.0066834758677839032 -0.0060566671506825714 -0.0034148445506447076
leaf_weight=25 147 454 2151 30 109 29 23 37 49 192 61 20 22 37 26 22 43 106 122
leaf_count=25 147 454 2151 30 109 29 23 37 49 192 61 20 22 37 26 22 43 106 122
internal_value=0 0.00191672 -0.00143747 0.00300582 0.00270415 0.00327479 0.0028514 0.00250021 0.00290261 0.00529686 0.00888455 0.00505881 0.00249712 -0.00211966 0.000945085 0.00364032 0.00151264 -0.00132403 -0.000783161
internal_weight=0 1529 2176 1075 1045 936 907 884 847 381 167 106 214 57 466 213 187 253 165
internal_count=3705 1529 2176 1075 1045 936 907 884 847 381 167 106 214 57 466 213 187 253 165
is_linear=0
shrinkage=0.0475495


Tree=16
num_leaves=20
num_cat=0
split_feature=5 13 12 3 1 15 14 15 2 1 2 9 10 0 3 3 5 15 5
split_gain=4.05365 1.7771 1.69368 1.57168 1.30385 1.30383 1.83241 1.14269 1.97835 1.39667 1.74073 1.2483 1.53991 1.14484 1.13455 2.39055 1.44597 1.92734 2.68678
threshold=5.455000000000001 -8.4999999999999947 -1.2499999999999953 0.56500000000000006 3.4883267652799058e-05 3.5750000000000006 2.5250000000000004 3.3250000000000006 0.00015295098111545836 0.00048392163639903368 0.00044812312785765044 -1.0000000000000451 2.9999999999999587 0.00045115425046341699 1.4450000000000001 1.5350000000000004 6.4650000000000007 0.27500000000000008 8.0350000000000019
decision_type=2 2 2 2 2 2 2 2 2 2 2 2 2 2 2 2 2 2 2
left_child=3 -2 -3 -1 -4 6 7 9 11 10 14 -9 -13 -11 -6 -16 -17 18 -18
right_child=1 2 4 -5 5 -7 -8 8 -10 13 -12 12 -14 -15 15 16 17 -19 -20
leaf_value=0.010379610432150977 0.013777122042436103 -0.001451950955581355 -0.0051051380204303835 -0.0014918227896476685 -0.0025977793109021956 0.012104887109976922 -0.0058302192944071516 -0.0045085515055886816 0.020650815669058846 0.0061907006903009565 0.013374164370327951 0.017595922478523235 -0.00022546149366617469 -0.0050669254204969531 0.013176200125612969 -0.00085047666475140135 0.018195965312976636 0.0026887932712470961 -0.0011293158436711938
leaf_weight=25 27 319 49 2151 82 32 56 24 21 26 35 22 21 87 50 200 44 409 25
leaf_count=25 27 319 49 2151 82 32 56 24 21 26 35 22 21 87 50 200 44 409 25
internal_value=0 0.00180732 0.00159215 -0.00135543 0.002413 0.00273786 0.00246586 0.00291001 0.00804361 0.00243845 0.00309574 0.0040921 0.00889246 -0.00247668 0.00265161 0.00324289 0.00251034 0.00391654 0.0111941
internal_weight=0 1529 1502 2176 1183 1134 1102 1046 88 958 845 67 43 113 810 728 678 478 69
internal_count=3705 1529 1502 2176 1183 1134 1102 1046 88 958 845 67 43 113 810 728 678 478 69
is_linear=0
shrinkage=0.047074


Tree=17
num_leaves=20
num_cat=0
split_feature=3 3 15 2 14 15 14 15 2 15 14 15 3 3 14 14 3 3 3
split_gain=3.08933 1.42071 1.4074 2.31823 4.81277 1.68055 1.43494 1.59909 1.38078 1.99628 2.18044 2.13974 1.9624 4.23484 2.19267 1.41905 1.84777 3.35258 3.33584
threshold=1.4750000000000003 0.56500000000000006 0.7350000000000001 0.0001389390760071311 0.29500000000000004 1.6450000000000002 2.0850000000000004 3.6350000000000002 0.0001255251333693366 2.9150000000000005 1.9350000000000003 3.3050000000000002 2.1950000000000007 2.2950000000000004 1.425 1.885 3.1250000000000004 2.5050000000000003 5.5500000000000007
decision_type=2 2 2 2 2 2 2 2 2 2 2 2 2 2 2 2 2 2 2
left_child=1 -1 3 4 -2 -4 8 -8 -7 12 11 -11 -10 -14 -15 16 17 -16 -18
right_child=2 -3 5 -5 -6 6 7 -9 9 10 -12 -13 13 14 15 -17 18 -19 -20
leaf_value=0.0097920904735562947 0.0026555159750020919 -0.0013855696169523986 -0.0032912383811732034 0.0011834983607072619 0.026875954795188693 0.0006170892687389364 -0.00096839271880803793 0.009201081592143669 -0.0029798253247239679 -0.0035044271440140347 0.022858330830995553 0.016423586541741912 0.021084817550757525 0.017635532500094711 0.016775658911753082 -0.0043991192791422726 0.024274601864160077 -0.0049670172776321497 -9.0408252743371837e-05
leaf_weight=25 49 2035 178 125 28 323 500 36 84 25 25 22 32 20 20 62 23 67 26
leaf_count=25 49 2035 178 125 28 323 500 36 84 25 25 22 32 20 20 62 23 67 26
internal_value=0 -0.00124992 0.00145856 0.0051019 0.0114629 0.000948545 0.00154513 -0.000285368 0.00289101 0.00470007 0.0117384 0.00582358 0.00318282 0.00525347 0.0029296 0.00144416 0.004108 3.12991e-05 0.0113462
internal_weight=0 2060 1645 202 77 1443 1265 536 729 406 72 47 334 250 218 198 136 87 49
internal_count=3705 2060 1645 202 77 1443 1265 536 729 406 72 47 334 250 218 198 136 87 49
is_linear=0
shrinkage=0.0466033


Tree=18
num_leaves=20
num_cat=0
split_feature=5 13 12 1 15 14 11 22 5 2 15 14 15 5 5 14 1 2 5
split_gain=3.40726 1.55267 1.45231 1.26236 1.72434 1.6906 1.13894 1.31246 1.04822 1.84052 1.0965 1.34212 3.389 1.16748 2.47456 2.19568 1.03242 1.42751 1.30112
threshold=5.4075000000000006 -8.4999999999999947 -1.2499999999999953 3.4883267652799058e-05 3.5750000000000006 2.5250000000000004 -5.0000000000000036 0.00021854455677339238 2.5950000000000002 8.5743248175739462e-05 0.095000000000000015 0.27250000000000008 1.1050000000000002 4.8750000000000009 3.7550000000000003 0.14500000000000005 0.00048392163639903368 0.00044812312785765044 6.4650000000000007
decision_type=2 2 2 2 2 2 2 2 2 2 2 2 2 2 2 2 2 2 2
left_child=8 -2 6 -4 5 16 7 -3 9 -1 -10 12 13 14 -12 -16 17 18 -5
right_child=1 2 3 4 -6 -7 -8 -9 10 -11 11 -13 -14 -15 15 -17 -18 -19 -20
leaf_value=0.010086914929075709 0.012566241368103536 -0.0013436709528573555 -0.0048187402510506856 0.00015455655234527065 0.01269934617089297 -0.0054486925971171385 -0.0032188558212736355 0.0093317596407985273 -0.0047190893853967459 -0.0063202421864052049 -0.0003874680138940539 -0.0017774745544382033 0.014475223530507149 -0.0043864984237538705 0.022648511151055404 0.002479354112465726 -0.0014729460430206649 0.012230916837536732 0.003920874485317939
leaf_weight=43 27 66 53 285 34 59 220 39 194 22 277 1426 37 102 20 27 119 35 620
leaf_count=43 27 66 53 285 34 59 220 39 194 22 277 1426 37 102 20 27 119 35 620
internal_value=0 0.00159865 0.00140511 0.00214332 0.00246363 0.00215234 -0.00133198 0.00262149 -0.00123592 0.00453372 -0.00141596 -0.00107673 0.00108152 -8.1781e-05 0.00127341 0.011062 0.00257582 0.00308838 0.0027348
internal_weight=0 1557 1530 1205 1152 1118 325 105 2148 65 2083 1889 463 426 324 47 1059 940 905
internal_count=3705 1557 1530 1205 1152 1118 325 105 2148 65 2083 1889 463 426 324 47 1059 940 905
is_linear=0
shrinkage=0.0461372


Tree=19
num_leaves=20
num_cat=0
split_feature=5 14 15 3 4 1 3 5 1 3 10 3 1 6 4 1 10 7 7
split_gain=3.10011 1.42042 1.47591 1.27373 1.25241 1.07919 1.88787 1.62371 3.59088 1.44984 1.42819 1.12014 1.10688 1.15928 1.17893 1.32505 1.08207 1.20958 1.19146
threshold=5.4075000000000006 2.0850000000000004 3.6350000000000002 0.56500000000000006 5.9999999999999725 0.00048392163639903368 3.1250000000000004 8.9500000000000011 0.00022039827143255345 2.0350000000000006 10.000000000000034 2.7750000000000004 3.4883267652799058e-05 17.000000000000039 -0.99999999999998412 4.5536352187842162e-05 5.7500000000000115 0.02411043540736502 0.015884229112696716
decision_type=2 2 2 2 2 2 2 2 2 2 2 2 2 2 2 2 2 2 2
left_child=3 4 -3 -1 5 6 7 10 -9 -10 11 12 -2 14 -14 -16 17 18 -17
right_child=1 2 -4 -5 -6 -7 -8 8 9 -11 -12 -13 13 -15 15 16 -18 -19 -20
leaf_value=0.0090826398382128793 -0.0045400819740635812 -0.0013499449570274769 0.008278669267214973 -0.0012878032071451111 0.011613342331278408 -0.0020906722066841906 0.014124582337232438 -0.0031567174692134943 0.0082979018940833038 0.024531256467684139 -0.0082552874908907291 -0.0060555312150330706 0.00031379056861170816 -0.0064495382441186423 0.013706363724778441 0.0031221106650610839 0.010378816918924167 -0.004005461060217921 0.012207875935592534
leaf_weight=25 45 429 36 2123 30 112 29 32 22 24 29 34 209 27 30 344 47 45 33
leaf_count=25 45 429 36 2123 30 112 29 32 22 24 29 34 209 27 30 344 47 45 33
internal_value=0 0.00150965 -0.000604504 -0.0011671 0.0024099 0.00214992 0.00264986 0.00228855 0.00859345 0.0167675 0.00170518 0.00206003 0.00241379 0.00283954 0.00319378 0.00440003 0.00380474 0.00307256 0.00391742
internal_weight=0 1557 465 2148 1092 1062 950 921 78 46 843 814 780 735 708 499 469 422 377
internal_count=3705 1557 465 2148 1092 1062 950 921 78 46 843 814 780 735 708 499 469 422 377
is_linear=0
shrinkage=0.0456759


Tree=20
num_leaves=20
num_cat=0
split_feature=1 22 3 4 15 11 2 3 2 3 8 8 15 2 3 18 14 1 14
split_gain=3.02244 2.5218 1.57889 1.28371 1.19753 1.17033 1.52286 1.17146 1.1102 2.79565 1.06928 1.13668 0.918462 2.1138 0.819402 1.02164 0.975492 3.17488 2.3047
threshold=3.5899106027361786e-05 -0.0030957660825594031 0.77500000000000013 -0.99999999999998412 -0.42499999999999993 -10.00000000000003 0.00031965087587533205 0.82500000000000007 8.8868818301607725e-05 0.57500000000000007 -2.7499999999999853 -3.0000000000000133 3.3250000000000006 0.00019915572429956232 1.4750000000000003 0.057228246489034025 1.2350000000000001 0.00017790295829568948 -0.22499999999999998
decision_type=2 2 2 2 2 2 2 2 2 2 2 2 2 2 2 2 2 2 2
left_child=4 -2 8 12 -1 6 -5 -7 9 -3 11 -9 -4 -14 -12 16 17 18 -16
right_child=1 2 3 5 -6 7 -8 10 -10 -11 14 -13 13 -15 15 -17 -18 -19 -20
leaf_value=0.00889064148068428 0.018450561277568341 0.01331467524622426 -0.0014176403580628005 0.014624031556722445 -0.0029265710117206689 0.012548188865184785 -0.0013837894114355246 0.0033648309456008789 -0.0056158646630744139 -0.0025028221964181127 -0.00054042011037751031 0.014845637076844774 -0.00015310276005613176 0.017446244067766452 0.0017432684770652227 -0.0017447105959638373 0.0017671823530577503 -0.0038509603057588849 0.017990183624727974
leaf_weight=22 20 33 609 39 840 24 24 212 156 182 581 24 76 22 35 154 514 49 58
leaf_count=22 20 33 609 39 840 24 24 212 156 182 581 24 76 22 35 154 514 49 58
internal_value=0 0.000759238 0.00063251 0.00109796 -0.00262497 0.00183742 0.00852581 0.0015822 -0.00240486 -7.50203e-05 0.00142044 0.00453237 -0.000694712 0.00379777 0.000892459 0.00192024 0.00278061 0.00644893 0.0118758
internal_weight=0 2812 2792 2421 862 1714 63 1651 371 215 1627 236 707 98 1391 810 656 142 93
internal_count=3674 2812 2792 2421 862 1714 63 1651 371 215 1627 236 707 98 1391 810 656 142 93
is_linear=0
shrinkage=0.05


end of trees

feature_importances:
f_3=100
f_14=53
f_15=49
f_1=42
f_5=39
f_2=28
f_0=18
f_4=9
f_18=8
f_20=7
f_22=7
f_9=6
f_6=4
f_16=4
f_21=4
f_7=3
f_8=3
f_10=3
f_12=3
f_13=3
f_11=2
f_17=2
f_19=2

parameters:
[boosting: gbdt]
[objective: regression]
[metric: binary_logloss]
[tree_learner: serial]
[device_type: cpu]
[data: ]
[valid: ]
[num_iterations: 10]
[learning_rate: 0.05]
[num_leaves: 20]
[num_threads: 0]
[deterministic: 0]
[force_col_wise: 0]
[force_row_wise: 0]
[histogram_pool_size: -1]
[max_depth: -1]
[min_data_in_leaf: 20]
[min_sum_hessian_in_leaf: 0.001]
[bagging_fraction: 0.7]
[pos_bagging_fraction: 1]
[neg_bagging_fraction: 1]
[bagging_freq: 5]
[bagging_seed: 3]
[feature_fraction: 0.9]
[feature_fraction_bynode: 1]
[feature_fraction_seed: 2]
[extra_trees: 0]
[extra_seed: 6]
[early_stopping_round: 0]
[first_metric_only: 0]
[max_delta_step: 0]
[lambda_l1: 0]
[lambda_l2: 0]
[linear_lambda: 0]
[min_gain_to_split: 0]
[drop_rate: 0.1]
[max_drop: 50]
[skip_drop: 0.5]
[xgboost_dart_mode: 0]
[uniform_drop: 0]
[drop_seed: 4]
[top_rate: 0.2]
[other_rate: 0.1]
[min_data_per_group: 100]
[max_cat_threshold: 32]
[cat_l2: 10]
[cat_smooth: 10]
[max_cat_to_onehot: 4]
[top_k: 20]
[monotone_constraints: ]
[monotone_constraints_method: basic]
[monotone_penalty: 0]
[feature_contri: ]
[forcedsplits_filename: ]
[refit_decay_rate: 0.9]
[cegb_tradeoff: 1]
[cegb_penalty_split: 0]
[cegb_penalty_feature_lazy: ]
[cegb_penalty_feature_coupled: ]
[path_smooth: 0]
[interaction_constraints: ]
[verbosity: 0]
[saved_feature_importance_type: 0]
[linear_tree: 0]
[max_bin: 255]
[max_bin_by_feature: ]
[min_data_in_bin: 3]
[bin_construct_sample_cnt: 200000]
[data_random_seed: 1]
[is_enable_sparse: 1]
[enable_bundle: 1]
[use_missing: 1]
[zero_as_missing: 0]
[feature_pre_filter: 1]
[pre_partition: 0]
[two_round: 0]
[header: 0]
[label_column: ]
[weight_column: ]
[group_column: ]
[ignore_column: ]
[categorical_feature: ]
[forcedbins_filename: ]
[precise_float_parser: 0]
[objective_seed: 5]
[num_class: 1]
[is_unbalance: 0]
[scale_pos_weight: 1]
[sigmoid: 1]
[boost_from_average: 1]
[reg_sqrt: 0]
[alpha: 0.9]
[fair_c: 1]
[poisson_max_delta_step: 0.7]
[tweedie_variance_power: 1.5]
[lambdarank_truncation_level: 30]
[lambdarank_norm: 1]
[label_gain: ]
[eval_at: ]
[multi_error_top_k: 1]
[auc_mu_weights: ]
[num_machines: 1]
[local_listen_port: 12400]
[time_out: 120]
[machine_list_filename: ]
[machines: ]
[gpu_platform_id: -1]
[gpu_device_id: -1]
[gpu_use_dp: 0]
[num_gpu: 1]

end of parameters

pandas_categorical:[]
