tree
version=v3
num_class=1
num_tree_per_iteration=1
label_index=0
max_feature_idx=22
objective=regression
feature_names=f_0 f_1 f_2 f_3 f_4 f_5 f_6 f_7 f_8 f_9 f_10 f_11 f_12 f_13 f_14 f_15 f_16 f_17 f_18 f_19 f_20 f_21 f_22
feature_infos=[2.811842593898112e-07:0.0089292451603560918] [2.1333248529010825e-06:0.0055990001705921817] [4.7857545124566229e-06:0.003721014941950642] [0.53000000000000003:6.5599999999999996] [-33.000000000000007:48] [2.4100000000000001:21.82] [-101.00000000000016:144.99999999999994] [-3.0196613872200984:0.53086419753086433] [-81:74] [-46:33.999999999999986] [-51.000000000000021:33.999999999999986] [-33.000000000000007:29.000000000000004] [-41:96.000000000000014] [-36.000000000000007:32.999999999999986] [-0.83999999999999997:2.9100000000000001] [-1.3200000000000001:3.8500000000000001] [-52:73.999999999999972] [-28.000000000000004:24.000000000000004] [-0.29572649572649579:1.1559792027729636] [-0.02958455728073861:0.047292143401983289] [-0.054746473503621829:0.033993115318416534] [-0.078445945945946005:0.045346674363414774] [-0.019984292877423981:0.018327052533256172]
tree_sizes=1302 1382 1369 1369 1382 1357 1367 1363 1350 1357 1379 1389 1381 1368 1360 1355 1378 1367 1371 1372 1387 1372 1383 1343 1385 1362 1360 1347 1350 1367

Tree=0
num_leaves=14
num_cat=0
split_feature=1 1 15 15 8 3 1 1 15 3 14 6 3
split_gain=9.31065 2.04977 1.76506 1.6232 1.79022 2.21324 1.96602 1.68247 1.83363 1.61898 2.49289 1.46992 1.427
threshold=6.5506325935967119e-05 1.1175203479297162e-05 3.5550000000000002 0.25500000000000006 -0.49999999999999417 1.6450000000000002 0.00012697033774968742 0.00033002821698263244 0.13500000000000004 1.3450000000000004 2.4350000000000005 2.7499999999999862 1.7650000000000003
decision_type=2 2 2 2 2 2 2 2 2 2 2 2 2
left_child=1 -1 3 4 5 6 -2 8 -6 11 12 -3 -11
right_child=2 9 -4 -5 7 -7 -8 -9 -10 10 -12 -13 -14
leaf_value=0.23979703710494857 0.24573518161181596 0.24512648594150152 0.26573518220786241 0.25163307481838104 0.2508930765023753 0.27344946815205173 0.26420577039757653 0.24000790871385722 0.26500790945891528 0.25432504361896585 0.24261323029926238 0.2500428740478875 0.24487803872912825
leaf_weight=97 25 690 25 1234 76 28 34 22 33 217 82 195 49
leaf_count=97 25 690 25 1234 76 28 34 22 33 217 82 195 49
internal_value=0.250248 0.246795 0.252563 0.252336 0.256313 0.261873 0.256379 0.252621 0.255166 0.247346 0.250235 0.24621 0.252585
internal_weight=0 1330 1477 1452 218 87 59 131 109 1233 348 885 266
internal_count=2807 1330 1477 1452 218 87 59 131 109 1233 348 885 266
is_linear=0
shrinkage=1


Tree=1
num_leaves=14
num_cat=0
split_feature=1 5 1 22 5 2 14 3 1 2 14 2 21
split_gain=8.40286 3.27083 1.65253 1.52339 1.41409 2.12508 2.49887 2.00213 1.35971 1.33778 3.78058 1.92072 2.68614
threshold=6.5506325935967119e-05 7.1550000000000011 1.1175203479297162e-05 0.0037706777294832521 4.5050000000000008 6.2485636567448136e-05 2.6050000000000004 1.7650000000000003 2.6655695849908671e-05 0.00022032373731710792 2.3950000000000005 0.00033799561729511385 0.0036985617298103128
decision_type=2 2 2 2 2 2 2 2 2 2 2 2 2
left_child=1 2 -1 9 -4 6 7 8 -6 -2 11 -11 -13
right_child=3 -3 4 -5 5 -7 -8 -9 -10 10 -12 12 -14
leaf_value=-0.0099279964016270386 0.0010026975243482845 0.013328220746640501 -0.004174977760104572 0.012358572851452563 0.014692586021763938 -0.0071256300523167559 -0.0074254314010997989 -0.0082439019978046424 0.0041930844943071236 0.0071422894508010011 0.022472956886997932 -0.0033325296013977882 0.0098752843690853506
leaf_weight=97 1042 29 884 36 42 84 53 25 116 164 27 157 51
leaf_count=97 1042 29 884 36 42 84 53 25 116 164 27 157 51
internal_value=0 -0.00327962 -0.00364981 0.00219923 -0.00314401 -0.000295975 0.00213492 0.00490376 0.00698409 0.00194542 0.00440736 0.00309615 -9.40752e-05
internal_weight=0 1330 1301 1477 1204 320 236 183 158 1441 399 372 208
internal_count=2807 1330 1301 1477 1204 320 236 183 158 1441 399 372 208
is_linear=0
shrinkage=0.05


Tree=2
num_leaves=14
num_cat=0
split_feature=1 5 15 1 3 5 8 8 21 8 0 18 21
split_gain=7.58358 2.95193 1.55378 1.49141 1.47919 3.97904 2.092 3.51723 1.91791 1.76861 1.74505 1.61977 2.61465
threshold=6.5506325935967119e-05 7.1550000000000011 3.5550000000000002 1.1175203479297162e-05 1.0350000000000004 3.6250000000000004 -0.49999999999999417 -0.99999999999999656 -0.00053100667187366824 -1.0000000000000451 0.00027622288770201775 0.019885205502594764 0.001712229978965363
decision_type=2 2 2 2 2 2 2 2 2 2 2 2 2
left_child=1 3 4 -1 -2 -6 7 8 10 11 -7 12 -10
right_child=2 -3 -4 -5 5 6 -8 -9 9 -11 -12 -13 -14
leaf_value=-0.0094315962846746159 -0.0016313017222536618 0.01266180903747164 0.014448403596878052 -0.0029868127703914214 0.023671321706338365 0.010366975685412234 0.00047174080611973412 0.018400662271089333 -0.002444478640189538 -0.0057198322649243509 0.00035861035952201257 -0.0027377920225262645 0.014356804207751626
leaf_weight=97 249 29 25 1204 22 132 702 43 39 79 65 64 57
leaf_count=97 249 29 25 1204 22 132 702 43 39 79 65 64 57
internal_value=0 -0.00311564 0.00208926 -0.00346732 0.00187647 0.00260252 0.00221004 0.00475761 0.00341208 0.000401329 0.00706472 0.00342365 0.00753128
internal_weight=0 1330 1477 1301 1452 1203 1181 479 436 239 197 160 96
internal_count=2807 1330 1477 1301 1452 1203 1181 479 436 239 197 160 96
is_linear=0
shrinkage=0.05


Tree=3
num_leaves=14
num_cat=0
split_feature=1 5 2 3 15 15 5 11 20 18 21 15 9
split_gain=6.84418 2.66411 1.4177 1.55772 1.40229 1.41476 1.76639 1.75506 1.31152 1.99626 2.87176 2.19177 1.88392
threshold=6.5506325935967119e-05 7.1550000000000011 1.914409017084614e-05 1.3650000000000004 3.5550000000000002 0.25500000000000006 6.6950000000000012 3.4999999999999925 0.00026927566803058861 -0.08782699856366015 0.0030067277732152013 1.9750000000000003 7.0000000000000187
decision_type=2 2 2 2 2 2 2 2 2 2 2 2 2
left_child=1 2 3 -1 5 6 7 -2 -7 10 -10 12 -11
right_child=4 -3 -4 -5 -6 8 -8 -9 9 11 -12 -13 -14
leaf_value=-0.0087973791446004593 0.0063082345537025563 0.012028718302989828 -0.0025946490122098226 0.0050435357119726102 0.013725983381271362 0.0027252999523770072 0.015615656226873399 -0.0050729010171360438 0.015169213764196219 -0.0055615069411641405 -0.0077640186250209813 0.0021195446081618045 0.0078306059385168155
leaf_weight=175 137 29 1103 23 25 629 36 45 43 278 20 235 29
leaf_count=175 137 29 1103 23 25 629 36 45 43 278 20 235 29
internal_value=0 -0.00295985 -0.00329396 -0.0071896 0.0019848 0.00178265 0.00549592 0.00349422 0.00112665 -0.000535409 0.00788882 -0.00151461 -0.00429645
internal_weight=0 1330 1301 198 1477 1452 218 182 1234 605 63 542 307
internal_count=2807 1330 1301 198 1477 1452 218 182 1234 605 63 542 307
is_linear=0
shrinkage=0.05


Tree=4
num_leaves=14
num_cat=0
split_feature=1 2 22 20 14 1 8 22 15 22 3 0 17
split_gain=6.17688 1.67577 1.60128 1.68216 1.75619 1.93032 1.44975 1.36214 1.32118 1.2882 1.44048 1.35376 1.54653
threshold=6.5506325935967119e-05 2.9494198820993756e-05 -0.00012018798239415983 -0.0022940366834462984 1.2550000000000001 3.3206932390831061e-05 3.5000000000000093 0.0037706777294832521 3.5550000000000002 0.00086535907378171306 0.70500000000000007 4.9374420194535015e-05 -0.99999999999998412
decision_type=2 2 2 2 2 2 2 2 2 2 2 2 2
left_child=1 -1 -3 9 5 -5 -7 8 -2 10 -4 12 -12
right_child=7 2 3 4 -6 6 -8 -9 -10 -11 11 -13 -14
leaf_value=-0.0051058853995129766 0.0014443949522650512 -0.0053638845493998192 -0.0067930839955806736 0.0077513252826113448 -0.0050285240592749698 -0.0037017850783364527 0.009810326701920967 0.01149218993054496 0.013039683580398559 -0.0072689684615893802 0.017978978105062663 0.00050915142690593552 0.0044893544167280202
leaf_weight=498 1416 198 20 76 219 145 23 36 25 22 43 44 42
leaf_count=498 1416 198 20 76 219 145 23 36 25 22 43 44 42
internal_value=0 -0.00281186 -0.00143875 -0.000212925 -0.00177812 0.00113926 -0.00185191 0.00188556 0.00164556 0.00402499 0.00569255 0.00762831 0.0113135
internal_weight=0 1330 832 634 463 244 168 1477 1441 171 149 129 85
internal_count=2807 1330 832 634 463 244 168 1477 1441 171 149 129 85
is_linear=0
shrinkage=0.05


Tree=5
num_leaves=14
num_cat=0
split_feature=5 2 2 14 19 19 6 0 3 3 22 5 5
split_gain=7.72288 4.21378 3.53734 2.06667 3.05491 1.89362 2.26207 2.11025 3.43772 1.50304 1.42151 2.62772 1.43671
threshold=4.4350000000000014 0.00016456192588475482 0.00020467053333761656 -0.30499999999999994 -0.0023529560526434064 0.0015113390080905289 3.0000000000000031 7.4467991278329173e-05 1.0950000000000004 1.175 0.00043084498470269411 4.6050000000000013 6.5950000000000006
decision_type=2 2 2 2 2 2 2 2 2 2 2 2 2
left_child=1 5 -3 4 -2 6 7 -1 -9 -8 12 -12 -5
right_child=3 2 -4 10 -6 -7 9 8 -10 -11 11 -13 -14
leaf_value=-0.0050450355431530631 0.023790644495575518 0.022433622074978694 0.00060193297537890352 0.00096034588833740671 0.003060665339804613 -0.0072189319221412432 0.00041726016615693633 -0.0025050237946785416 0.014954655534691282 0.01269093190630277 0.014494539966637437 -0.003734373285984382 0.0044724078610339996
leaf_weight=640 27 28 55 657 52 289 148 130 36 30 22 195 523
leaf_count=640 27 28 55 657 52 289 148 130 36 30 22 195 523
internal_value=0 -0.00294886 0.00796684 0.00227791 0.0101456 -0.00366056 -0.00261547 -0.00374207 0.00128141 0.00248586 0.00183299 -0.00188628 0.00251696
internal_weight=0 1356 83 1476 79 1273 984 806 166 178 1397 217 1180
internal_count=2832 1356 83 1476 79 1273 984 806 166 178 1397 217 1180
is_linear=0
shrinkage=0.05


Tree=6
num_leaves=14
num_cat=0
split_feature=5 2 2 14 19 15 19 6 0 3 15 14 15
split_gain=6.9699 3.80294 3.19245 1.86517 2.75705 2.36464 1.70899 2.04152 1.9045 3.10254 1.8841 1.67641 2.61448
threshold=4.4350000000000014 0.00016456192588475482 0.00020467053333761656 -0.30499999999999994 -0.0023529560526434064 1.9950000000000003 0.0015113390080905289 3.0000000000000031 7.4467991278329173e-05 1.0950000000000004 0.46500000000000002 2.1350000000000002 2.9150000000000005
decision_type=2 2 2 2 2 2 2 2 2 2 2 2 2
left_child=1 6 -3 4 -2 -5 7 8 -1 -10 -9 12 -7
right_child=3 2 -4 5 -6 11 -8 10 9 -11 -12 -13 -14
leaf_value=-0.0047927838366013022 0.022601112171455665 0.021311940784965244 0.00057183655825528232 -0.00045757024246125141 0.0029076321050524713 0.0037559304359956838 -0.0068579854230979738 0.010261600816024924 -0.0023797729955269743 0.014206922633780372 -0.00098805198073387149 0.0013287092761072533 0.013759650833466475
leaf_weight=640 27 28 55 652 52 282 289 53 130 36 125 378 85
leaf_count=640 27 28 55 652 52 282 289 53 130 36 125 378 85
internal_value=0 -0.00280141 0.0075685 0.00216401 0.00963832 0.00174135 -0.00347754 -0.0024847 -0.00355497 0.00121734 0.00236156 0.00366576 0.00607287
internal_weight=0 1356 83 1476 79 1397 1273 984 806 166 178 745 367
internal_count=2832 1356 83 1476 79 1397 1273 984 806 166 178 745 367
is_linear=0
shrinkage=0.05


Tree=7
num_leaves=14
num_cat=0
split_feature=5 2 2 14 19 15 8 2 14 5 3 17 19
split_gain=6.29033 3.43215 2.88119 1.68331 2.48824 2.13409 1.61097 1.87812 2.90567 2.6836 3.09165 2.35891 1.56008
threshold=4.4350000000000014 0.00016456192588475482 0.00020467053333761656 -0.30499999999999994 -0.0023529560526434064 1.9950000000000003 7.9999999999999529 0.00014939687740607818 1.2150000000000001 7.6050000000000013 1.3650000000000004 -0.99999999999999656 0.00037913294529201563
decision_type=2 2 2 2 2 2 2 2 2 2 2 2 2
left_child=1 12 -3 4 -2 6 7 8 9 10 11 -5 -1
right_child=3 2 -4 5 -6 -7 -8 -9 -10 -11 -12 -13 -14
leaf_value=-0.0021403879484125877 0.02147105661807237 0.020246343846832004 0.00054324484684250575 0.020902866413516383 0.0027622504303088553 0.0034824765818631089 0.013188985557783217 -0.0042334084650353784 -0.0036496126516298816 0.020575577795505524 -0.003150126710534096 0.0040105028859069268 -0.0059374218816176444
leaf_weight=883 27 28 55 31 52 745 21 252 165 25 96 62 390
leaf_count=883 27 28 55 31 52 745 21 252 165 25 96 62 390
internal_value=0 -0.00266134 0.00719007 0.00205581 0.0091564 0.00165428 -0.000434692 -0.000888095 0.00133623 0.00518045 0.00314406 0.00964129 -0.00330366
internal_weight=0 1356 83 1476 79 1397 652 631 379 214 189 93 1273
internal_count=2832 1356 83 1476 79 1397 652 631 379 214 189 93 1273
is_linear=0
shrinkage=0.05


Tree=8
num_leaves=14
num_cat=0
split_feature=5 2 2 15 2 3 3 2 19 14 9 19 15
split_gain=5.67702 3.09752 2.60027 1.56365 4.9558 3.43205 3.08141 2.48132 2.13364 1.9779 3.81093 2.70231 1.95746
threshold=4.4350000000000014 0.00016456192588475482 0.00020467053333761656 2.8850000000000002 0.00018640486039321643 3.0950000000000002 2.0050000000000003 2.803282050222113e-05 0.0027977477849486791 0.14250000000000004 -2.9999999999999578 -0.001475576393950184 3.2450000000000006
decision_type=2 2 2 2 2 2 2 2 2 2 2 2 2
left_child=1 -1 -3 9 6 -6 7 -5 12 10 -2 -12 -9
right_child=3 2 -4 4 5 -7 -8 8 -10 -11 11 -13 -14
leaf_value=-0.003138475499912593 -0.005295769067911002 0.019234026755605427 0.00051608253609050408 -0.011607368432340169 0.027572192086113823 0.0052486597137017688 -0.0083327045343045535 -0.0074181725510529114 0.013672451752780089 0.00019160601010253608 0.020950112093326659 0.0053024824466798215 0.0066075651624868089
leaf_weight=1273 52 28 55 21 36 33 58 35 67 968 43 77 86
leaf_count=1273 52 28 55 21 36 33 58 35 67 968 43 77 86
internal_value=0 -0.00252828 0.00683057 0.00195302 0.00495066 0.0168957 0.00186373 0.00469337 0.0065142 0.00106951 0.00601027 0.0109095 0.00255053
internal_weight=0 1356 83 1476 336 69 267 209 188 1140 172 120 121
internal_count=2832 1356 83 1476 336 69 267 209 188 1140 172 120 121
is_linear=0
shrinkage=0.05


Tree=9
num_leaves=14
num_cat=0
split_feature=5 2 2 22 5 22 15 15 14 5 2 14 6
split_gain=5.12351 2.79551 2.34675 1.43869 2.18585 1.95625 1.55464 5.80177 3.2874 2.84396 2.6195 2.02007 1.80411
threshold=4.4350000000000014 0.00016456192588475482 0.00020467053333761656 0.00043084498470269411 4.9350000000000014 0.0010842852198835742 2.8850000000000002 3.0450000000000004 2.0350000000000006 4.745000000000001 0.00023094253407232539 -0.30499999999999994 2.7499999999999862
decision_type=2 2 2 2 2 2 2 2 2 2 2 2 2
left_child=1 -1 -3 6 5 -5 11 -8 -9 -10 -11 12 -2
right_child=3 2 -4 4 -6 -7 7 8 9 10 -12 -13 -14
leaf_value=-0.002981551793365149 0.015991444365922796 0.018272325609411513 0.00049027835780924027 -0.00042466436113630028 -0.0045432140515453516 0.018878676103694099 0.023368685655295849 0.012653450667858125 0.014917689423870157 -0.0049920790390857797 0.012481318593025209 0.00087275645951179085 -0.0013576131799946662
leaf_weight=1273 43 28 55 35 174 21 40 66 27 151 25 871 23
leaf_count=1273 43 28 55 35 174 21 40 66 27 151 25 871 23
internal_value=0 -0.00240186 0.00648904 0.00185537 -0.00177796 0.00681409 0.00252605 0.00560156 0.00295961 -0.000192085 -0.00251006 0.00151182 0.00994556
internal_weight=0 1356 83 1476 230 56 1246 309 269 203 176 937 66
internal_count=2832 1356 83 1476 230 56 1246 309 269 203 176 937 66
is_linear=0
shrinkage=0.05


Tree=10
num_leaves=14
num_cat=0
split_feature=1 22 20 3 18 18 7 12 12 8 15 22 7
split_gain=3.51423 1.35911 1.43211 1.45917 1.32418 2.01815 1.76977 1.68163 1.18414 1.58992 1.76486 1.20099 1.18246
threshold=6.5506325935967119e-05 -6.039850936695456e-05 -0.0047215811937597598 0.7350000000000001 -0.038128872984801103 -0.065494932207466425 0.011484792211918228 0.58333333333334692 -3.0000000000000133 0.999999999999999 1.2950000000000002 0.0037706777294832521 -0.0055432402786395598
decision_type=2 2 2 2 2 2 2 2 2 2 2 2 2
left_child=1 -1 3 -3 5 -4 7 -7 9 10 -2 12 -10
right_child=8 2 4 -5 -6 6 -8 -9 11 -11 -12 -13 -14
leaf_value=-0.0044466600610929378 0.01294357948936522 -0.0066347302662001714 -0.0048018547395865122 0.0063730216054158802 -0.0028369336964408306 0.018194008312928372 -0.0035660289801084082 0.00064435147103809182 0.0028119359959344397 0.013742330315567198 -0.00043981007047902762 0.010960484835608252 -0.00041951607912778851
leaf_weight=425 32 27 57 107 628 39 26 21 427 42 107 29 840
leaf_count=425 32 27 57 107 628 39 26 21 427 42 107 29 840
internal_value=0 -0.00211427 -0.00101894 0.00375206 -0.00184814 0.00249423 0.00733001 0.0120516 0.00142889 0.0052172 0.00264126 0.000899813 0.000669537
internal_weight=0 1330 905 134 771 143 86 60 1477 181 139 1296 1267
internal_count=2807 1330 905 134 771 143 86 60 1477 181 139 1296 1267
is_linear=0
shrinkage=0.05


Tree=11
num_leaves=14
num_cat=0
split_feature=2 20 18 17 2 13 22 22 9 15 0 0 0
split_gain=3.27571 1.67411 2.81851 2.77485 2.44424 2.29668 2.21985 1.97996 1.84696 2.17107 1.80932 1.55771 1.46114
threshold=2.9494198820993756e-05 -1.0000000180025095e-35 -0.035956733620270069 -0.99999999999999656 0.00020467053333761656 0.58333333333335802 0.003136960419897528 0.00048611901441353306 2.9999999999999991 2.7950000000000004 8.9103750286527979e-05 0.00016556762418077169 0.00028313587528597288
decision_type=2 2 2 2 2 2 2 2 2 2 2 2 2
left_child=-1 6 3 -3 -4 10 7 -2 9 12 -5 -12 -6
right_child=1 2 4 5 8 -7 -8 -9 -10 -11 11 -13 -14
leaf_value=-0.0038761551984282864 0.0023459433918369228 0.0084907719069434433 -0.003678831510403365 -0.0030083078294992449 0.0017359385363243779 -0.0054250568201584101 0.014978873631886897 -0.0039963265025745268 0.011353165711177157 0.014612487662583591 0.021486135181412101 0.0047648600218601006 -0.010561635734327139
leaf_weight=498 957 136 662 44 58 113 31 138 47 20 20 43 40
leaf_count=498 957 136 662 44 58 113 31 138 47 20 20 43 40
internal_value=0 0.000550264 -0.000750092 0.00293247 -0.00233533 -0.000503569 0.00191645 0.00154664 0.00305495 -0.000250265 0.00469389 0.0100732 -0.00328348
internal_weight=0 2309 1183 356 827 220 1126 1095 165 118 107 63 98
internal_count=2807 2309 1183 356 827 220 1126 1095 165 118 107 63 98
is_linear=0
shrinkage=0.0495


Tree=12
num_leaves=14
num_cat=0
split_feature=2 9 19 2 7 1 0 8 10 2 21 21 20
split_gain=2.95944 1.62466 1.55037 1.54923 1.62937 1.47364 2.10472 2.49081 2.23835 2.22895 4.11308 1.67786 1.58454
threshold=2.9494198820993756e-05 -6.0000000000000266 0.0047979934835401536 7.9789821014275789e-05 -0.0072532842125604393 0.00027957813942096414 0.00027221972456570873 1.0000000000000007 -1.0000000000000451 0.00033799561729511385 -0.0012948475894178355 0.0036985617298103128 0.0031186000810626839
decision_type=2 2 2 2 2 2 2 2 2 2 2 2 2
left_child=-1 2 3 4 -2 12 7 -7 -8 10 -10 -11 -3
right_child=1 5 -4 -5 -6 6 8 -9 9 11 -12 -13 -14
leaf_value=-0.0036474427244121048 0.002717975674456358 0.00045504710056675402 -0.0025264594665038234 0.0033538690562504082 0.018826598886945531 0.018240439694539777 -0.0081340366590768095 -0.0015498785487189888 0.023103377587781287 -0.0056248789370162734 -0.0037338306567817931 0.0095621847418159243 -0.0027899910791870756
leaf_weight=498 25 1258 68 159 38 42 49 24 32 58 24 25 507
leaf_count=498 25 1258 68 159 38 42 49 24 32 58 24 25 507
internal_value=0 0.000517796 0.00394768 0.00593074 0.0124343 2.51437e-05 0.00351512 0.011044 0.000872021 0.00404682 0.0116017 -0.00105046 -0.000477097
internal_weight=0 2309 290 222 63 2019 254 66 188 139 56 83 1765
internal_count=2807 2309 290 222 63 2019 254 66 188 139 56 83 1765
is_linear=0
shrinkage=0.049005


Tree=13
num_leaves=14
num_cat=0
split_feature=5 8 15 0 1 15 9 2 2 14 2 5 15
split_gain=2.74597 2.47903 4.44484 2.27873 1.80252 1.70899 2.32653 2.51953 3.84267 1.76065 1.6242 1.46427 1.66547
threshold=4.6650000000000009 -0.50000000000005584 0.25500000000000006 0.00025948607967255904 0.00021981848121407235 1.9950000000000003 10.999999999999966 0.00024890558699307698 0.00032410538890872992 1.7450000000000003 1.914409017084614e-05 4.1350000000000007 2.7125000000000004
decision_type=2 2 2 2 2 2 2 2 2 2 2 2 2
left_child=3 2 -2 10 -5 -3 7 9 -9 -7 -1 12 -12
right_child=1 5 -4 4 -6 6 -8 8 -10 -11 11 -13 -14
leaf_value=-0.0064588022602443292 0.01557713315973238 -0.0023890913530337623 0.0022534814689834869 0.018290373404514917 0.0008067475131878257 0.0094192824065454303 -0.01040827897639498 0.024699917474961385 0.0030708060390037708 -0.00071871132113523789 -0.0011094393217962204 -0.0047632112316381859 0.0072374109385469551
leaf_weight=174 68 432 442 23 35 48 33 29 58 252 904 249 60
leaf_count=174 68 432 442 23 35 48 33 29 58 252 904 249 60
internal_value=0 0.00135473 0.00402997 -0.00168142 0.00773991 -0.00024665 0.001957 0.00301141 0.0102805 0.000903368 -0.00207539 -0.0014466 -0.000589926
internal_weight=0 1362 510 1445 58 852 420 387 87 300 1387 1213 964
internal_count=2807 1362 510 1445 58 852 420 387 87 300 1387 1213 964
is_linear=0
shrinkage=0.048515


Tree=14
num_leaves=14
num_cat=0
split_feature=1 8 5 14 2 15 2 17 17 6 18 0 0
split_gain=2.5413 1.56746 1.1333 1.85388 1.59853 1.97423 1.51937 1.98218 1.47803 1.3637 2.05768 1.13689 1.81174
threshold=5.5120239904892089e-05 6.0000000000000284 4.4350000000000014 2.4350000000000005 6.3295174500604487e-05 2.0550000000000002 7.2904975247780839e-05 0.50000000000000033 -1.0000000180025095e-35 8.7499999999999929 0.048473221177564814 1.9275428405878539e-05 4.2959957601579263e-05
decision_type=2 2 2 2 2 2 2 2 2 2 2 2 2
left_child=1 2 6 4 5 8 9 -8 -4 -1 -11 -7 -13
right_child=-2 -3 3 -5 -6 11 7 -9 -10 10 -12 12 -14
leaf_value=-0.0040440815626706572 0.001037289523626015 0.010526607899277968 -0.0057272062592012545 -0.0061372696816357781 -0.0048115366572675147 0.0029633984842446499 0.012673537129438394 -0.0059359719095940962 0.0054221767939640134 0.015976628135485244 -0.0055495655538393132 0.025830989411058523 0.0063185702415746092
leaf_weight=752 1624 23 48 77 54 26 31 23 64 20 21 21 23
leaf_count=752 1624 23 48 77 54 26 31 23 64 20 21 21 23
internal_value=0 -0.00188939 -0.00213557 0.000334016 0.00244541 0.00459857 -0.00304818 0.00474726 0.00064387 -0.00357901 0.00495102 0.0109261 0.0156313
internal_weight=0 1183 1160 313 236 182 847 54 112 793 41 70 44
internal_count=2807 1183 1160 313 236 182 847 54 112 793 41 70 44
is_linear=0
shrinkage=0.0480298


Tree=15
num_leaves=14
num_cat=0
split_feature=5 6 13 15 2 3 3 0 0 14 14 9 19
split_gain=3.6531 2.27575 1.63956 1.3248 3.72647 2.92175 2.73098 2.9076 1.64164 1.5487 1.47192 3.3821 2.33906
threshold=4.4350000000000014 14.999999999999904 5.0000000000000169 2.8850000000000002 0.00018640486039321643 3.0950000000000002 1.8250000000000004 0.00014378720398038096 1.7044957873521666e-05 2.4950000000000006 0.14250000000000004 -2.9999999999999578 -0.001475576393950184
decision_type=2 2 2 2 2 2 2 2 2 2 2 2 2
left_child=1 2 -1 10 6 -6 7 8 -5 -8 11 -2 -13
right_child=3 -3 -4 4 5 -7 9 -9 -10 -11 -12 12 -14
leaf_value=-0.0023517678903811718 -0.0053095515154776216 0.012632754384453566 0.01104037778943516 0.012954395509133092 0.023381943030484385 0.0037942189607867243 0.00073197128869045283 0.016821880216998441 -0.00044926080403276451 -0.012043597750106305 4.5862256144934604e-05 0.018092158195335661 0.0042476396051720228
leaf_weight=1311 52 24 21 25 36 33 45 37 119 41 968 43 77
leaf_count=1311 52 24 21 25 36 33 45 37 119 41 968 43 77
internal_value=0 -0.00187915 -0.00214063 0.00153946 0.00416345 0.0140139 0.00161782 0.00493264 0.00187776 -0.00535871 0.000766078 0.00481939 0.00920859
internal_weight=0 1356 1332 1476 336 69 267 181 144 86 1140 172 120
internal_count=2832 1356 1332 1476 336 69 267 181 144 86 1140 172 120
is_linear=0
shrinkage=0.0475495


Tree=16
num_leaves=14
num_cat=0
split_feature=5 2 2 19 6 15 0 3 1 9 0 21 9
split_gain=3.31396 2.11413 2.09027 1.42214 1.6594 1.74105 1.33957 2.80997 1.33133 1.65837 1.41589 1.27028 1.2366
threshold=4.4350000000000014 0.00016456192588475482 0.00020467053333761656 0.0015113390080905289 3.0000000000000031 0.46500000000000002 7.4467991278329173e-05 1.0950000000000004 4.3063023964592122e-05 6.0000000000000036 2.3569104578898087e-05 -0.0087593713257231292 3.0000000000000142
decision_type=2 2 2 2 2 2 2 2 2 2 2 2 2
left_child=1 3 -3 4 6 -6 8 -8 9 -1 -10 12 -2
right_child=11 2 -4 -5 5 -7 7 -9 10 -11 -12 -13 -14
leaf_value=-0.0028195354593954043 -0.0082077649436991824 0.015977407793546679 0.00017726952707146476 -0.0051497840395231262 0.0098695066459718109 -0.00031179788101801369 -0.0017570723836446418 0.013104444952010037 0.0019326538519353958 0.0068988843427975803 -0.0085626522136192235 0.0017755835263494593 0.0049975584364466454
leaf_weight=409 55 28 55 289 53 125 130 36 35 43 153 1399 22
leaf_count=409 55 28 55 289 53 125 130 36 35 43 153 1399 22
internal_value=0 -0.0017719 0.00550744 -0.00224652 -0.00139383 0.00271971 -0.00230228 0.00146591 -0.00327966 -0.001895 -0.00660874 0.0014516 -0.00443482
internal_weight=0 1356 83 1273 984 178 806 166 640 452 188 1476 77
internal_count=2832 1356 83 1273 984 178 806 166 640 452 188 1476 77
is_linear=0
shrinkage=0.047074


Tree=17
num_leaves=14
num_cat=0
split_feature=3 14 19 15 2 3 3 0 14 3 17 7 14
split_gain=2.58617 1.57416 2.22323 1.62778 3.5552 2.64124 2.25187 2.83988 1.39573 1.28246 1.35971 3.82606 1.68636
threshold=1.0950000000000004 -0.30499999999999994 -0.0023529560526434064 2.8850000000000002 0.00018640486039321643 3.0950000000000002 1.8250000000000004 0.00014378720398038096 2.4950000000000006 1.1050000000000002 5.0000000000000018 -0.0023446691075413857 0.39500000000000007
decision_type=2 2 2 2 2 2 2 2 2 2 2 2 2
left_child=-1 2 -2 9 6 -6 7 -5 -8 -3 12 -12 -11
right_child=1 3 -4 4 5 -7 8 -9 -10 10 11 -13 -14
leaf_value=-0.0019898819641937676 0.01755188701933437 0.01087158119450032 0.0020708682537035096 0.0009614794392623858 0.021735877606872334 0.0034827901514914101 0.00061454925428248779 0.015620421936096649 -0.011272330685682288 0.0021760498467391963 -0.0070787886704875803 0.010429676902633522 -0.0016844232676645151
leaf_weight=1002 29 23 66 128 36 33 45 37 41 333 41 80 938
leaf_count=1002 29 23 66 128 36 33 45 37 41 333 41 80 938
internal_value=0 0.000955435 0.00679665 0.000635599 0.00363731 0.0130061 0.00106181 0.00424864 -0.00505245 -4.32327e-05 -0.000223578 0.00449706 -0.000672985
internal_weight=0 1830 95 1735 320 69 251 165 86 1415 1392 121 1271
internal_count=2832 1830 95 1735 320 69 251 165 86 1415 1392 121 1271
is_linear=0
shrinkage=0.0466033


Tree=18
num_leaves=14
num_cat=0
split_feature=5 6 13 19 4 8 21 14 22 5 22 15 15
split_gain=2.81671 1.95958 1.42025 1.16047 1.29709 1.74046 1.99868 1.27723 1.15808 1.86409 1.5764 1.24666 4.61267
threshold=4.4350000000000014 14.999999999999904 5.0000000000000169 0.00166952258178954 0.49999999999999495 1.0000000000000122 -0.00076184099522597071 0.10500000000000002 0.00043084498470269411 4.9350000000000014 0.0010842852198835742 2.8850000000000002 3.0450000000000004
decision_type=2 2 2 2 2 2 2 2 2 2 2 2 2
left_child=1 2 3 4 -1 7 -7 -6 11 10 -10 -2 -13
right_child=8 -3 -4 -5 5 6 -8 -9 9 -11 -12 12 -14
leaf_value=-0.0020855376412455993 0.001030030221602207 0.011466367541792196 0.010068178855339907 -0.0046187985784116124 0.0075880543362002555 0.021000213094203437 0.00037382287395475205 -0.0024676127700849755 -0.00036964960660722474 -0.0040514695845444617 0.015619852446963962 0.019027621075772237 0.0022356812144231852
leaf_weight=833 937 24 21 287 35 20 20 116 35 174 21 40 269
leaf_count=833 937 24 21 287 35 20 20 116 35 174 21 40 269
internal_value=0 -0.00159986 -0.00183528 -0.00202596 -0.00129925 0.00212995 0.010687 -0.000136829 0.00131285 -0.00169512 0.00562641 0.00186809 0.0044094
internal_weight=0 1356 1332 1311 1024 191 40 151 1476 230 56 1246 309
internal_count=2832 1356 1332 1311 1024 191 40 151 1476 230 56 1246 309
is_linear=0
shrinkage=0.0461372


Tree=19
num_leaves=14
num_cat=0
split_feature=5 2 2 19 6 2 0 3 3 14 1 6 11
split_gain=2.5628 1.81157 1.87285 1.2355 1.42904 1.18746 1.71784 3.83119 2.07822 1.51345 1.41522 1.7758 1.15069
threshold=4.4350000000000014 0.00016456192588475482 0.00020467053333761656 0.00037913294529201563 9.9999999999998774 0.00013680344175358048 7.4467991278329173e-05 1.0850000000000002 0.90500000000000014 0.28500000000000009 5.8439865334754733e-05 3.0000000000000031 11.999999999999945
decision_type=2 2 2 2 2 2 2 2 2 2 2 2 2
left_child=1 3 -3 5 -5 6 10 8 9 -8 11 -1 -2
right_child=12 2 -4 4 -6 -7 7 -9 -10 -11 -12 -13 -14
leaf_value=-0.001796492220843325 0.0010499031853122779 0.014643581368274592 0.0001319441031080605 -0.0047862123267510253 0.0067190044483208819 -0.0082196182365024944 0.012732808689760138 0.016063187012247109 -0.0086198301212212659 -0.00022371990862511091 -0.0067783329143606139 0.005619527604620281 0.0098068112596788794
leaf_weight=494 1444 28 55 366 24 45 27 39 42 62 96 78 32
leaf_count=494 1444 28 55 366 24 45 27 39 42 62 96 78 32
internal_value=0 -0.00151078 0.00502744 -0.00193708 -0.0040782 -0.000991393 -0.000603243 0.00349616 -0.000245173 0.00370691 -0.0016465 -0.000785217 0.00123975
internal_weight=0 1356 83 1273 390 883 838 170 131 89 668 572 1476
internal_count=2832 1356 83 1273 390 883 838 170 131 89 668 572 1476
is_linear=0
shrinkage=0.0456759


Tree=20
num_leaves=14
num_cat=0
split_feature=2 20 18 10 3 22 22 2 9 15 13 22 2
split_gain=1.74938 1.30838 2.43772 2.52074 2.08025 1.87913 1.62042 1.55116 1.58512 1.60628 1.41642 2.27311 1.3539
threshold=2.9494198820993756e-05 -1.0000000180025095e-35 -0.035956733620270069 3.0000000000000142 1.1150000000000004 0.003136960419897528 0.00048611901441353306 0.00020467053333761656 2.9999999999999991 2.7950000000000004 0.99999999999998956 -6.0408725445215686e-06 0.00017450370845065885
decision_type=2 2 2 2 2 2 2 2 2 2 2 2 2
left_child=-1 5 3 10 -5 6 -2 12 9 -9 11 -3 -4
right_child=1 2 7 4 -6 -7 -8 8 -10 -11 -12 -13 -14
leaf_value=-0.0028415989220501431 0.0020325224243236809 0.0019406309132190313 -0.0028216061410369091 0.0093299720075822653 -0.0052118634977260554 0.013785444176004781 -0.0037630401011826335 -0.0036153445666541857 0.0098780902459266341 0.011933329552412034 -0.00073009172700486092 0.014205486178398133 -0.013869786031287294
leaf_weight=498 957 68 633 31 119 31 138 98 47 20 53 85 29
leaf_count=498 957 68 633 31 119 31 138 98 47 20 53 85 29
internal_value=0 0.000425837 -0.000735347 0.00272402 -0.00220655 0.0016458 0.00130212 -0.00222451 0.00211293 -0.000979976 0.00631424 0.00875444 -0.00330559
internal_weight=0 2309 1183 356 150 1126 1095 827 165 118 206 153 662
internal_count=2807 2309 1183 356 150 1126 1095 827 165 118 206 153 662
is_linear=0
shrinkage=0.05


Tree=21
num_leaves=14
num_cat=0
split_feature=1 8 5 14 2 8 5 14 9 16 5 18 17
split_gain=1.63186 1.28817 1.67894 2.26037 1.60719 1.43601 1.73144 1.49402 1.36666 1.6723 1.32726 1.18961 2.08487
threshold=1.5429290633155963e-05 -0.75000000000002831 4.6650000000000009 1.7250000000000003 7.7450162525864727e-05 -0.99999999999999967 3.6450000000000005 0.42500000000000004 -3.0000000000000133 8.0000000000000053 2.6250000000000004 -0.035956733620270069 -0.99999999999999878
decision_type=2 2 2 2 2 2 2 2 2 2 2 2 2
left_child=-1 2 5 4 -4 -2 7 -7 -5 -10 -3 12 -12
right_child=1 10 3 8 -6 6 -8 -9 9 -11 11 -13 -14
leaf_value=-0.0045223380090913387 -0.0020631407451053912 0.011269084461357284 0.013922496073480166 0.0040889680648551266 0.0045745637949106757 -0.0053872733776058473 0.015288519513394154 0.0095232614981276657 -0.0080351765360683197 0.0063558735781245775 0.0057535642570645147 -0.0016472166077265912 -0.0013227582307759247
leaf_weight=198 352 23 56 85 257 42 28 28 80 27 169 1191 271
leaf_count=198 352 23 56 85 257 42 28 28 80 27 169 1191 271
internal_value=0 0.000185955 0.00164808 0.00362709 0.00624704 -0.000572803 0.00478025 0.000576941 -0.000643975 -0.00440379 -0.000658259 -0.000826456 0.00139519
internal_weight=0 2609 955 505 313 450 98 70 192 107 1654 1631 440
internal_count=2807 2609 955 505 313 450 98 70 192 107 1654 1631 440
is_linear=0
shrinkage=0.05


Tree=22
num_leaves=14
num_cat=0
split_feature=1 8 20 21 18 18 0 17 0 21 5 15 21
split_gain=1.47276 1.16257 1.70336 2.62267 2.20365 1.93886 2.10454 1.81012 2.46471 1.80738 1.51525 3.64904 1.40602
threshold=1.5429290633155963e-05 -0.75000000000002831 -0.0048165893755906511 0.0019475761371747782 -0.035956733620270069 -0.054200572069343915 0.00011469257776337072 -0.99999999999999878 5.0107054378740477e-05 0.0059624595087579566 4.6650000000000009 0.25500000000000006 0.0032939877685459478
decision_type=2 2 2 2 2 2 2 2 2 2 2 2 2
left_child=-1 10 3 -3 7 -5 9 8 -4 -7 -2 -12 -9
right_child=1 2 4 5 -6 6 -8 12 -10 -11 11 -13 -14
leaf_value=-0.0042962210873762766 -0.000544162424074279 -0.0016295396229800059 0.015448652511956741 -0.00569949071854353 -0.002522628157745985 0.013992841892382681 0.02123910767691476 0.0014181607529859652 0.0016909715287464181 -0.0027000479159816622 0.014220300470204915 0.0017691419517421069 -0.007617302448080298
leaf_weight=198 450 136 49 20 1019 34 35 176 97 31 68 437 57
leaf_count=198 450 136 49 20 1019 34 35 176 97 31 68 437 57
internal_value=0 0.000176657 -0.000625347 0.00312428 -0.00131197 0.00851195 0.0113542 0.00194306 0.00630828 0.00603162 0.00156568 0.00344573 -0.000792232
internal_weight=0 2609 1654 256 1398 120 100 379 146 65 955 505 233
internal_count=2807 2609 1654 256 1398 120 100 379 146 65 955 505 233
is_linear=0
shrinkage=0.05


Tree=23
num_leaves=14
num_cat=0
split_feature=2 9 19 2 7 2 1 10 9 6 21 14 5
split_gain=1.3595 1.16117 1.36919 1.19537 1.617 1.34976 3.97531 1.0764 0.98843 1.05073 1.43963 1.82373 0.952595
threshold=2.9494198820993756e-05 -6.0000000000000266 0.0065163145618046822 7.9789821014275789e-05 -0.0076801029084038732 0.00022520425748149455 0.00027957813942096414 -8.9999999999999893 -3.749999999999964 2.0000000000000244 0.0018086826332984753 1.175 3.8450000000000002
decision_type=2 2 2 2 2 2 2 2 2 2 2 2 2
left_child=8 2 3 4 -2 7 -7 -5 -1 12 11 -11 -10
right_child=1 -3 -4 5 -6 6 -8 -9 9 10 -12 -13 -14
leaf_value=-0.0072765328910913366 0.0009000223543908861 -4.5832147643730274e-05 -0.0042816174881798886 0.0067259400644723109 0.016583535146145596 0.026903381645679476 -0.00018056058103129978 -0.0039771027666957752 -0.0041965894580605519 0.018747467671831452 -0.006583890141475768 -0.0011827658523212781 0.001733975136472333
leaf_weight=89 27 2019 49 34 42 20 42 76 249 24 21 22 93
leaf_count=89 27 2019 49 34 42 20 42 76 249 24 21 22 93
internal_value=0 0.000379117 0.00333764 0.00488679 0.0104465 0.00265643 0.00855619 -0.00066889 -0.0025013 -0.00146219 0.00426353 0.00921562 -0.00258389
internal_weight=0 2309 290 241 69 172 62 110 498 409 67 46 342
internal_count=2807 2309 290 241 69 172 62 110 498 409 67 46 342
is_linear=0
shrinkage=0.05


Tree=24
num_leaves=14
num_cat=0
split_feature=1 8 0 20 21 18 17 17 0 21 21 4 1
split_gain=1.2579 1.0599 1.5777 1.50367 2.14481 1.80935 1.76393 1.69908 1.84125 1.52552 1.29732 1.25301 1.55371
threshold=1.1175203479297162e-05 -0.75000000000002831 1.3905382051013828e-05 -0.0048165893755906511 0.0019475761371747782 -0.035956733620270069 -0.99999999999999245 -0.99999999999999878 5.0107054378740477e-05 0.0047564015430379145 0.0032939877685459478 -0.99999999999998412 0.00028823573477699882
decision_type=2 2 2 2 2 2 2 2 2 2 2 2 2
left_child=-1 2 -2 4 -3 7 -6 8 -5 -8 -9 -7 -13
right_child=1 3 -4 5 6 11 9 10 -10 -11 -12 12 -14
leaf_value=-0.0057199327908840384 -0.0053042615269437259 -0.0014424764152084078 0.0019791424249773785 0.01304773750630292 0.014159040924693859 -0.0050960708582243391 0.011126918984310967 0.0011059081016315355 0.0015957351812382334 -0.0040899043157696727 -0.007383699975907803 -0.0018946893763642351 0.007138728408836852
leaf_weight=97 81 140 906 55 56 302 28 180 97 40 60 714 51
leaf_count=97 81 140 906 55 56 302 28 180 97 40 60 714 51
internal_value=0 7.4938e-05 0.00138142 -0.000673463 0.00279893 -0.00130178 0.00758761 0.0016032 0.00573955 0.00217585 -0.00101649 -0.00236902 -0.00129246
internal_weight=0 2710 987 1723 264 1459 124 392 152 68 240 1067 765
internal_count=2807 2710 987 1723 264 1459 124 392 152 68 240 1067 765
is_linear=0
shrinkage=0.05


Tree=25
num_leaves=14
num_cat=0
split_feature=5 6 13 21 21 11 13 5 6 14 19 5 2
split_gain=1.95135 1.63488 1.27316 1.12093 1.08356 1.07611 1.12686 1.60059 1.23039 1.66821 1.90365 1.50609 1.83347
threshold=4.4350000000000014 14.999999999999904 5.0000000000000169 -0.0087593713257231292 -0.012668274545312328 11.999999999999945 2.2499999999999969 4.745000000000001 2.000000000000091 0.12500000000000003 -0.0013699975365785153 6.5250000000000012 0.00014939687740607818
decision_type=2 2 2 2 2 2 2 2 2 2 2 2 2
left_child=1 2 -1 4 -2 6 8 -8 9 10 -5 12 -11
right_child=3 -3 -4 5 -6 -7 7 -9 -10 11 -12 -13 -14
leaf_value=-0.0018227368971143944 0.0044483513287875967 0.011539854543904465 0.010586729894081753 0.019681072331243946 -0.0085109573409513205 0.011087765390502997 0.01019270614437435 -0.0038612988503540268 -0.00013047014206847888 0.0019362834514315573 0.0040272429442176454 0.0052593127459627598 -0.0071671643475098405
leaf_weight=1311 23 24 21 31 54 29 23 170 447 317 52 263 67
leaf_count=1311 23 24 21 31 54 29 23 170 447 317 52 263 67
internal_value=0 -0.00139405 -0.00162709 0.00123326 -0.00464 0.00155652 0.00135476 -0.00218647 0.00193544 0.00320045 0.00987385 0.00234436 0.000347921
internal_weight=0 1356 1332 1476 77 1399 1370 193 1177 730 83 647 384
internal_count=2832 1356 1332 1476 77 1399 1370 193 1177 730 83 647 384
is_linear=0
shrinkage=0.05


Tree=26
num_leaves=14
num_cat=0
split_feature=15 15 14 0 14 19 2 14 17 7 3 4 19
split_gain=1.86802 3.35926 3.10424 2.05254 1.8602 1.78863 1.67718 1.59796 1.5163 1.69588 1.76473 1.11689 1.08907
threshold=2.8850000000000002 3.0450000000000004 2.0350000000000006 1.7551951757395377e-05 -0.30499999999999994 -0.0023529560526434064 0.00025539049897632785 2.2450000000000006 4.9999999999999973 -0.0023446691075413857 1.3150000000000002 -1.0000000000000118 -1.0000000180025095e-35
decision_type=2 2 2 2 2 2 2 2 2 2 2 2 2
left_child=4 7 -3 -4 5 -1 -5 -2 12 -10 -11 -12 -6
right_child=1 2 3 6 8 -7 -8 -9 9 10 11 -13 -14
leaf_value=0.016659465534933682 0.02527219181259473 0.0099728547885448125 0.010379522519581246 -0.0044800599284756651 0.00015017339106636646 0.001761694071870862 0.0085547481264386851 0.0080036243675528345 -0.0029825403553540592 -0.0026978873677792089 0.0021024543630040211 0.015189187627817905 -0.0021297026290348787
leaf_weight=29 21 79 33 208 893 66 28 37 61 31 23 56 1267
leaf_count=29 21 79 33 208 893 66 28 37 61 31 23 56 1267
internal_value=0 0.00311554 0.00125879 -0.00130035 -0.000548825 0.00630943 -0.00293356 0.014256 -0.000828334 0.00370399 0.00741197 0.0113791 -0.00118714
internal_weight=0 406 348 269 2426 95 236 58 2331 171 110 79 2160
internal_count=2832 406 348 269 2426 95 236 58 2331 171 110 79 2160
is_linear=0
shrinkage=0.05


Tree=27
num_leaves=14
num_cat=0
split_feature=15 15 14 0 14 19 2 14 17 7 3 13 8
split_gain=1.68589 3.03173 2.80158 1.85241 1.67883 1.61424 1.51365 1.44216 1.36846 1.53053 1.59266 1.052 1.64155
threshold=2.8850000000000002 3.0450000000000004 2.0350000000000006 1.7551951757395377e-05 -0.30499999999999994 -0.0023529560526434064 0.00025539049897632785 2.2450000000000006 4.9999999999999973 -0.0023446691075413857 1.3150000000000002 3.999999999999996 -1.9999999999999682
decision_type=2 2 2 2 2 2 2 2 2 2 2 2 2
left_child=4 7 -3 -4 5 -1 -5 -2 -6 -10 -11 12 -12
right_child=1 2 3 6 8 -7 -8 -9 9 10 11 -13 -14
leaf_value=0.015826491908780462 0.024008582213095257 0.0094742121764376207 0.00986054614186287 -0.0042560568759934265 -0.0011277856462186687 0.0016736094247211111 0.0081270108265536177 0.0076034430917855866 -0.0028334133449147963 -0.0025629929717509979 0.0042538257072801183 0.0018070175919843758 0.021654666350646456
leaf_weight=29 21 79 33 208 2160 66 28 37 61 31 23 23 33
leaf_count=29 21 79 33 208 2160 66 28 37 61 31 23 23 33
internal_value=0 0.00295977 0.00119585 -0.00123534 -0.000521384 0.00599396 -0.00278688 0.0135432 -0.000786917 0.00351879 0.00704137 0.0108102 0.0145079
internal_weight=0 406 348 269 2426 95 236 58 2331 171 110 79 56
internal_count=2832 406 348 269 2426 95 236 58 2331 171 110 79 56
is_linear=0
shrinkage=0.05


Tree=28
num_leaves=14
num_cat=0
split_feature=15 15 14 0 14 1 1 9 2 17 7 3 5
split_gain=1.52152 2.73614 2.52842 1.6718 1.51515 1.47353 1.46636 1.38302 1.36607 1.23504 1.3813 1.43738 1.03349
threshold=2.8850000000000002 3.0450000000000004 2.0350000000000006 1.7551951757395377e-05 -0.30499999999999994 8.6527819536227896e-05 0.00019376322608307455 -1.0000000000000118 0.00025539049897632785 4.9999999999999973 -0.0023446691075413857 1.3150000000000002 7.3150000000000004
decision_type=2 2 2 2 2 2 2 2 2 2 2 2 2
left_child=4 7 12 -4 5 -1 -7 -2 -5 -6 -11 -12 -3
right_child=1 2 3 8 9 6 -8 -9 -10 10 11 -13 -14
leaf_value=0.017383704866681778 0.02205584440380335 0.014647429026663304 0.0093675190977977989 -0.0040432540735659689 -0.0010713963795246351 -0.0059125050421684026 0.0083531403264334031 0.0063791758216479241 0.0077206602586167199 -0.0026917425457571378 -0.0024348434902006582 0.010269661077970192 0.0032087811674827182
leaf_weight=21 24 40 33 208 2160 31 43 34 28 61 31 79 39
leaf_count=21 24 40 33 208 2160 31 43 34 28 61 31 79 39
internal_value=0 0.00281178 0.00113606 -0.00117357 -0.000495315 0.00569427 0.00237699 0.0128661 -0.00264754 -0.000747572 0.00334285 0.0066893 0.0090005
internal_weight=0 406 348 269 2426 95 74 58 236 2331 171 110 79
internal_count=2832 406 348 269 2426 95 74 58 236 2331 171 110 79
is_linear=0
shrinkage=0.05


Tree=29
num_leaves=14
num_cat=0
split_feature=5 2 2 2 5 22 14 15 22 6 21 15 3
split_gain=1.4104 1.4757 1.69889 1.19921 1.44217 1.69928 1.97252 1.50123 1.34918 1.33784 1.03157 1.26522 1.80598
threshold=4.4350000000000014 0.00016456192588475482 0.00020467053333761656 0.00013515059191213335 3.1250000000000004 0.00093729130693287488 0.37500000000000006 0.13500000000000004 -0.00022102722344941037 -1.0000000000000007 -0.0087593713257231292 3.4750000000000005 1.8250000000000004
decision_type=2 2 2 2 2 2 2 2 2 2 2 2 2
left_child=1 3 -3 4 7 -6 9 -1 -9 -7 -2 -12 -13
right_child=10 2 -4 -5 5 6 -8 8 -10 -11 11 12 -14
leaf_value=-0.0052155960064667927 -0.0045849338560909423 0.015301164825047767 0.000171444754708897 -0.0088272765143351129 -0.0029011910223767264 0.0014172261208295822 -0.0016528448482093058 0.013565620689681084 0.0023783323057249292 0.018348859037671771 0.00097226249167650213 0.012161342723894929 -0.0032585191407373975
leaf_weight=52 77 28 55 55 862 20 76 33 147 28 1312 59 28
leaf_count=52 77 28 55 55 862 20 76 33 147 28 1312 59 28
internal_value=0 -0.00118429 0.00527545 -0.00160547 -0.00127936 -0.00211393 0.00335884 0.00226754 0.00442934 0.011294 0.00104936 0.00135946 0.00719863
internal_weight=0 1356 83 1273 1218 986 124 232 180 48 1476 1399 87
internal_count=2832 1356 83 1273 1218 986 124 232 180 48 1476 1399 87
is_linear=0
shrinkage=0.05


end of trees

feature_importances:
f_2=50
f_15=37
f_5=35
f_14=34
f_3=28
f_1=25
f_0=24
f_19=19
f_21=18
f_22=18
f_8=16
f_6=14
f_9=13
f_17=13
f_18=11
f_7=8
f_20=8
f_13=7
f_4=3
f_10=3
f_11=3
f_12=2
f_16=1

parameters:
[boosting: gbdt]
[objective: regression]
[metric: binary_logloss]
[tree_learner: serial]
[device_type: cpu]
[data: ]
[valid: ]
[num_iterations: 10]
[learning_rate: 0.05]
[num_leaves: 14]
[num_threads: 0]
[deterministic: 0]
[force_col_wise: 0]
[force_row_wise: 0]
[histogram_pool_size: -1]
[max_depth: -1]
[min_data_in_leaf: 20]
[min_sum_hessian_in_leaf: 0.001]
[bagging_fraction: 0.4]
[pos_bagging_fraction: 1]
[neg_bagging_fraction: 1]
[bagging_freq: 5]
[bagging_seed: 3]
[feature_fraction: 0.9]
[feature_fraction_bynode: 1]
[feature_fraction_seed: 2]
[extra_trees: 0]
[extra_seed: 6]
[early_stopping_round: 0]
[first_metric_only: 0]
[max_delta_step: 0]
[lambda_l1: 0]
[lambda_l2: 0]
[linear_lambda: 0]
[min_gain_to_split: 0]
[drop_rate: 0.1]
[max_drop: 50]
[skip_drop: 0.5]
[xgboost_dart_mode: 0]
[uniform_drop: 0]
[drop_seed: 4]
[top_rate: 0.2]
[other_rate: 0.1]
[min_data_per_group: 100]
[max_cat_threshold: 32]
[cat_l2: 10]
[cat_smooth: 10]
[max_cat_to_onehot: 4]
[top_k: 20]
[monotone_constraints: ]
[monotone_constraints_method: basic]
[monotone_penalty: 0]
[feature_contri: ]
[forcedsplits_filename: ]
[refit_decay_rate: 0.9]
[cegb_tradeoff: 1]
[cegb_penalty_split: 0]
[cegb_penalty_feature_lazy: ]
[cegb_penalty_feature_coupled: ]
[path_smooth: 0]
[interaction_constraints: ]
[verbosity: 0]
[saved_feature_importance_type: 0]
[linear_tree: 0]
[max_bin: 255]
[max_bin_by_feature: ]
[min_data_in_bin: 3]
[bin_construct_sample_cnt: 200000]
[data_random_seed: 1]
[is_enable_sparse: 1]
[enable_bundle: 1]
[use_missing: 1]
[zero_as_missing: 0]
[feature_pre_filter: 1]
[pre_partition: 0]
[two_round: 0]
[header: 0]
[label_column: ]
[weight_column: ]
[group_column: ]
[ignore_column: ]
[categorical_feature: ]
[forcedbins_filename: ]
[precise_float_parser: 0]
[objective_seed: 5]
[num_class: 1]
[is_unbalance: 0]
[scale_pos_weight: 1]
[sigmoid: 1]
[boost_from_average: 1]
[reg_sqrt: 0]
[alpha: 0.9]
[fair_c: 1]
[poisson_max_delta_step: 0.7]
[tweedie_variance_power: 1.5]
[lambdarank_truncation_level: 30]
[lambdarank_norm: 1]
[label_gain: ]
[eval_at: ]
[multi_error_top_k: 1]
[auc_mu_weights: ]
[num_machines: 1]
[local_listen_port: 12400]
[time_out: 120]
[machine_list_filename: ]
[machines: ]
[gpu_platform_id: -1]
[gpu_device_id: -1]
[gpu_use_dp: 0]
[num_gpu: 1]

end of parameters

pandas_categorical:[]
