tree
version=v3
num_class=1
num_tree_per_iteration=1
label_index=0
max_feature_idx=22
objective=regression
feature_names=f_0 f_1 f_2 f_3 f_4 f_5 f_6 f_7 f_8 f_9 f_10 f_11 f_12 f_13 f_14 f_15 f_16 f_17 f_18 f_19 f_20 f_21 f_22
feature_infos=[3.5138360446667107e-07:0.0066553821535006137] [2.5600331918768856e-06:0.0039732576088439284] [9.2225614268401974e-06:0.0029579505118275174] [0.53000000000000003:6.5599999999999996] [-33.000000000000007:46] [2.4100000000000001:21.82] [-101.00000000000016:144.99999999999994] [-0.15710919088766695:0.17837578087457961] [-81:74] [-46:33.999999999999986] [-51.000000000000021:33.999999999999986] [-33.000000000000007:27.999999999999979] [-41:96.000000000000014] [-36.000000000000007:32.999999999999986] [-0.52000000000000002:2.9100000000000001] [-0.94999999999999996:3.8500000000000001] [-52:73.999999999999972] [-28.000000000000004:24.000000000000004] [-0.29572649572649579:0.64215246636771273] [-0.02958455728073861:0.047292143401983289] [-0.054746473503621829:0.033993115318416534] [-0.039377561323276189:0.045346674363414774] [-0.019984292877423981:0.018327052533256172]
tree_sizes=1820 1897 1900 1888 1895 1894 1885 1879 1895 1877 1877 1888 1904 1883 1898 1904 1884 1886 1909 1884 1903

Tree=0
num_leaves=20
num_cat=0
split_feature=3 14 1 3 15 3 14 2 2 2 3 15 3 2 14 14 15 2 3
split_gain=17.5003 8.62296 12.2026 7.61785 5.1303 4.11648 3.63273 5.52159 4.97355 3.31116 3.56188 4.2981 3.38839 3.46414 2.91026 4.34354 9.13828 4.02388 3.94464
threshold=1.4750000000000003 1.2350000000000001 0.00018386050219471148 0.56500000000000006 1.5750000000000004 0.6150000000000001 -0.12499999999999999 0.00014958479746790502 7.7690597854830742e-05 3.6954682997298345e-05 1.7750000000000001 3.3950000000000005 1.6250000000000002 6.1265107268246698e-05 -0.014999999999999998 2.0350000000000006 2.4350000000000005 4.3855695264137616e-05 0.95500000000000007
decision_type=2 2 2 2 2 2 2 2 2 2 2 2 2 2 2 2 2 2 2
left_child=3 2 6 -1 -3 -5 8 -8 -2 -6 11 12 13 -11 -7 16 -16 -18 -17
right_child=1 4 -4 5 9 14 7 -9 -10 10 -12 -13 -14 -15 15 18 17 -19 -20
leaf_value=0.28663184638157124 0.2942568466088139 0.25534326520218531 0.26436622071800386 0.25786124112853598 0.25947334041754549 0.25749244760739032 0.29607707138216199 0.27330947756348106 0.26743541723804448 0.27498411876171464 0.26695445479654573 0.28504373158014334 0.27566725067907827 0.26059017893880243 0.26440887998051721 0.27170129038105045 0.29049214061426398 0.26530032400671189 0.25700260821041554
leaf_weight=32 25 81 128 455 97 191 89 38 56 66 711 61 173 114 934 54 51 23 295
leaf_count=32 25 81 128 455 97 191 89 38 56 66 711 61 173 114 934 54 51 23 295
internal_value=0.265534 0.269371 0.276513 0.262429 0.267529 0.262042 0.283988 0.289265 0.275714 0.268337 0.269101 0.272788 0.27067 0.265868 0.263271 0.264084 0.265749 0.282662 0.259277
internal_weight=0 1639 336 2035 1303 2003 208 127 81 1222 1125 414 353 180 1548 1357 1008 74 349
internal_count=3674 1639 336 2035 1303 2003 208 127 81 1222 1125 414 353 180 1548 1357 1008 74 349
is_linear=0
shrinkage=1


Tree=1
num_leaves=20
num_cat=0
split_feature=3 14 1 3 5 5 3 14 14 2 2 2 2 1 3 3 2 3 14
split_gain=15.7941 7.78222 11.0129 6.87511 4.21814 4.10226 6.03664 3.93047 4.93795 3.50595 3.13504 3.1082 3.08227 3.07146 3.41537 5.28378 3.95185 2.56121 2.65134
threshold=1.4750000000000003 1.2350000000000001 0.00018386050219471148 0.56500000000000006 6.4650000000000007 3.7050000000000005 0.91500000000000015 2.0550000000000002 1.8750000000000002 4.3855695264137616e-05 2.2835732150650237e-05 0.00014958479746790502 7.7690597854830742e-05 2.4868544979573418e-05 1.7850000000000004 1.6250000000000002 0.00018142458180016752 1.1150000000000004 0.28500000000000009
decision_type=2 2 2 2 2 2 2 2 2 2 2 2 2 2 2 2 2 2 2
left_child=3 2 4 -1 12 10 -7 8 17 -10 -5 -6 -2 -3 15 -15 -16 -8 -19
right_child=1 13 -4 5 11 6 7 -9 9 -11 -12 -13 -14 14 16 -17 -18 18 -20
leaf_value=0.020043408405035736 0.026171426881443374 -0.0079268895586331687 -0.0011089354753494264 -0.011502344073863004 0.028819434642791748 0.019434615629059931 -0.0064972867373547516 -0.0064316265260096778 0.024999115051645222 0.0019512289401256676 -0.004235668127158157 0.0096117483718054647 0.0048215953454579397 0.00086417410883211313 -0.0033825291772074692 0.011521613019514302 0.0038352303318123318 0.0051443231061543571 -0.0029769651368260386
leaf_weight=32 22 75 128 179 85 35 153 299 33 33 869 28 73 248 359 219 402 202 200
leaf_count=32 22 75 128 179 85 35 153 299 33 33 869 28 73 248 359 219 402 202 200
internal_value=0 0.00364555 0.0104303 -0.00294945 0.0175314 -0.00331679 -0.000946396 -0.00172176 0.000545953 0.0134752 -0.00547683 0.02406 0.00976577 0.00189598 0.00249591 0.00586199 0.000430269 -0.000991576 0.00110388
internal_weight=0 1639 336 2035 208 2003 955 920 621 66 1048 113 95 1303 1228 467 761 555 402
internal_count=3674 1639 336 2035 208 2003 955 920 621 66 1048 113 95 1303 1228 467 761 555 402
is_linear=0
shrinkage=0.05


Tree=2
num_leaves=20
num_cat=0
split_feature=3 14 1 3 15 5 5 3 14 15 3 2 2 2 0 2 2 3 2
split_gain=14.2541 7.02345 9.93913 6.20478 4.52177 3.80687 3.70229 5.44806 3.54725 5.03123 2.90748 2.83765 2.81332 3.17436 3.47138 2.80515 2.78175 2.41875 2.41782
threshold=1.4750000000000003 1.2350000000000001 0.00018386050219471148 0.56500000000000006 1.5750000000000004 6.4650000000000007 3.7050000000000005 0.91500000000000015 2.0550000000000002 2.9650000000000003 1.1250000000000002 2.056732471595377e-05 3.6954682997298345e-05 5.9871354684142967e-05 2.5936028947580542e-05 0.00014958479746790502 7.7690597854830742e-05 1.4550000000000003 0.00010490061988471764
decision_type=2 2 2 2 2 2 2 2 2 2 2 2 2 2 2 2 2 2 2
left_child=3 2 5 -1 -3 16 11 -8 9 10 -9 -5 -6 14 -14 -7 -2 -12 -13
right_child=1 4 -4 6 12 15 7 8 -10 -11 17 18 13 -15 -16 -17 -18 -19 -20
leaf_value=0.019041237235069276 0.024862856214696711 -0.009639313449094326 -0.0010534893837757409 -0.01194045708021697 -0.0056107143305011639 0.027378462640678183 0.018462884468691692 -0.0062884966316430471 -0.0061100447157952306 0.019218629598617556 0.0027778871779896553 -0.0032301086433539554 0.00024060435959550203 0.0021667809968932486 0.015291394539249754 0.0091311603784561164 0.0045805160517561928 -0.010440016263409665 -0.011043984673719491
leaf_weight=32 22 81 128 136 97 85 35 161 299 34 388 799 61 961 103 28 73 38 113
leaf_count=32 22 81 128 136 97 85 35 161 299 34 388 799 61 961 103 28 73 38 113
internal_value=0 0.00346327 0.0099088 -0.00280198 0.00180118 0.0166548 -0.00315095 -0.000899076 -0.00163567 0.000518655 -0.000564478 -0.00520299 0.00255952 0.00326397 0.00969323 0.022857 0.00927748 0.00159883 -0.00419828
internal_weight=0 1639 336 2035 1303 208 2003 955 920 621 587 1048 1222 1125 164 113 95 426 912
internal_count=3674 1639 336 2035 1303 208 2003 955 920 621 587 1048 1222 1125 164 113 95 426 912
is_linear=0
shrinkage=0.05


Tree=3
num_leaves=20
num_cat=0
split_feature=3 14 1 3 15 5 5 3 14 15 2 3 1 3 5 3 5 3 3
split_gain=12.8644 6.33867 8.97006 5.59982 4.08089 3.4357 3.34131 4.91688 3.20139 4.68026 4.0125 3.34153 2.60682 2.87682 6.20344 2.82194 4.83548 4.82939 3.09814
threshold=1.4750000000000003 1.2350000000000001 0.00018386050219471148 0.56500000000000006 1.5750000000000004 6.4650000000000007 3.7050000000000005 0.91500000000000015 2.0550000000000002 2.4350000000000005 4.3855695264137616e-05 1.1150000000000004 2.4868544979573418e-05 1.7750000000000001 5.495000000000001 3.0750000000000006 10.255000000000001 2.5250000000000004 2.2150000000000003
decision_type=2 2 2 2 2 2 2 2 2 2 2 2 2 2 2 2 2 2 2
left_child=3 2 5 -1 -3 -2 -5 -8 9 11 -11 -9 -6 14 -14 17 -17 18 -15
right_child=1 4 -4 6 12 -7 7 8 -10 10 -12 -13 13 15 -16 16 -18 -19 -20
leaf_value=0.018089175224304199 0.0088136050575657893 -0.0091573480470680899 -0.0010008145007304847 -0.004942837075280552 -0.0070086311818896869 0.021714157696846315 0.017539740673133308 -0.0082160753390145679 -0.0058045427934780569 0.020801902996997038 -0.0045974149652149368 0.0010576777300744687 -0.00076862184087867326 -0.00086410077348832159 0.011317448211143692 0.029295244316260023 0.003529169111356248 -0.0094104317856616663 0.0083822765271179388
leaf_weight=32 95 81 128 1048 69 113 35 126 299 48 23 424 184 310 251 21 137 122 128
leaf_count=32 95 81 128 1048 69 113 35 126 299 48 23 424 184 310 251 21 137 122 128
internal_value=0 0.00329011 0.00941336 -0.00266188 0.00171113 0.0158221 -0.0029934 -0.000854122 -0.00155389 0.000492722 0.012574 -0.00106685 0.00243154 0.00299648 0.00620518 0.00105248 0.00695377 -0.000612522 0.00183804
internal_weight=0 1639 336 2035 1303 208 2003 955 920 621 71 550 1222 1153 435 718 158 560 438
internal_count=3674 1639 336 2035 1303 208 2003 955 920 621 71 550 1222 1153 435 718 158 560 438
is_linear=0
shrinkage=0.05


Tree=4
num_leaves=20
num_cat=0
split_feature=3 14 1 3 15 3 3 3 9 14 14 15 3 2 10 15 2 3 0
split_gain=11.6101 5.72065 8.09548 5.05383 3.77731 3.07007 2.9978 5.41399 2.9411 2.36793 3.16698 6.63111 3.15459 3.07281 2.79936 2.34019 4.32316 3.01833 4.13792
threshold=1.4750000000000003 1.2350000000000001 0.00018386050219471148 0.56500000000000006 1.9950000000000003 0.6150000000000001 1.7150000000000001 1.5750000000000004 -5.0000000000000151 -0.014999999999999998 2.0350000000000006 2.4350000000000005 0.95500000000000007 4.4174013113064638e-05 -4.2499999999999973 2.1750000000000003 8.9809896665054984e-05 1.8250000000000004 4.3047777060788656e-05
decision_type=2 2 2 2 2 2 2 2 2 2 2 2 2 2 2 2 2 2 2
left_child=3 2 6 -1 8 -5 7 -2 -3 14 11 -11 -12 -13 -7 16 -6 18 -17
right_child=1 4 -4 5 15 9 -8 -9 -10 10 12 13 -14 -15 -16 17 -18 -19 -20
leaf_value=0.01718471646308899 0.021776300402624266 0.011685849140797344 -0.00095077455043792727 -0.006454364264404381 0.021543745534575505 0.0093647191381972771 0.022471747238461567 0.00091837957501411443 -0.00543452480274612 -0.00076900215727741762 0.0059568739599651765 0.021193533770318303 -0.0071877036559379708 -0.0014063432457901183 -0.0092346321525318287 -0.0010333440296209542 0.0030798880931209114 -0.00059703961014747622 0.0094152995669692131
leaf_weight=32 56 28 128 455 46 23 82 70 241 934 54 53 295 21 168 157 102 490 239
leaf_count=32 56 28 128 455 46 23 82 70 241 934 54 53 295 21 168 157 102 490 239
internal_value=0 0.0031256 0.00894269 -0.00252879 0.00162557 -0.00284373 0.015031 0.0101886 -0.00365248 -0.00178246 -0.0010488 0.000372496 -0.00515387 0.0147801 -0.00699492 0.00299868 0.00881865 0.00202649 0.00527278
internal_weight=0 1639 336 2035 1303 2003 208 126 269 1548 1357 1008 349 74 191 1034 148 886 396
internal_count=3674 1639 336 2035 1303 2003 208 126 269 1548 1357 1008 349 74 191 1034 148 886 396
is_linear=0
shrinkage=0.05


Tree=5
num_leaves=20
num_cat=0
split_feature=5 3 3 3 14 14 2 14 3 14 1 14 6 5 3 5 5 2 2
split_gain=11.567 4.21468 3.26186 5.68017 4.35335 3.27294 4.46646 4.3813 3.36156 3.23387 3.19079 2.90646 2.8487 2.93706 4.4977 3.16138 3.01099 3.36935 2.91021
threshold=5.455000000000001 0.56500000000000006 0.76500000000000012 0.87500000000000011 0.12500000000000003 1.0000000180025095e-35 4.7106586516964173e-05 0.39500000000000007 1.5350000000000004 0.13500000000000004 0.00013658849626891424 2.0850000000000004 -11.999999999999831 6.3650000000000011 1.7850000000000004 6.0550000000000006 8.2350000000000012 0.00015448375295714969 0.00024943042255963006
decision_type=2 2 2 2 2 2 2 2 2 2 2 2 2 2 2 2 2 2 2
left_child=1 -1 -3 4 -4 10 8 -8 9 -7 -5 12 -2 15 16 18 17 -15 -14
right_child=11 2 3 5 -6 6 7 -9 -10 -11 -12 -13 13 14 -16 -17 -18 -19 -20
leaf_value=0.017950480163097384 -0.0036845012548122006 -0.0058838174740473434 0.021851269865319843 -0.011457552248315447 0.0020560183903066127 -0.0079595352438363159 0.0012529631065072192 -0.0067166465110847359 -0.011698111649602654 0.0049635238465991355 0.0058655248489230876 -0.00014071200650168935 0.0014067146135494115 0.018939168191196135 0.004520315408968089 -0.0059497110094084886 -0.00050225273677797035 3.500080534390041e-05 0.014650289022496769
leaf_weight=25 94 585 42 157 82 55 267 487 40 404 32 454 160 149 456 99 33 28 56
leaf_count=25 94 585 42 157 82 55 267 487 40 404 32 454 160 149 456 99 33 28 56
internal_value=0 -0.00246092 -0.00269815 -0.00150811 0.00876086 -0.00239115 -0.001466 -0.00389452 0.00220354 0.00341501 -0.00852454 0.00321377 0.00463045 0.00542719 0.00730872 0.00144911 0.0133635 0.0159487 0.00484023
internal_weight=0 2176 2151 1566 124 1442 1253 754 499 459 189 1529 1075 981 666 315 210 177 216
internal_count=3705 2176 2151 1566 124 1442 1253 754 499 459 189 1529 1075 981 666 315 210 177 216
is_linear=0
shrinkage=0.05


Tree=6
num_leaves=20
num_cat=0
split_feature=3 3 1 3 3 14 15 2 14 15 15 3 5 2 5 2 5 2 3
split_gain=10.4468 3.86448 3.04705 2.69363 5.30845 3.9289 3.2341 2.67325 4.67864 4.12972 3.29518 2.35903 5.49016 4.4471 4.33349 3.4899 4.78717 4.10832 2.86654
threshold=1.4750000000000003 0.56500000000000006 2.4595715632248536e-05 0.76500000000000012 0.87500000000000011 0.12500000000000003 -0.23499999999999996 4.3855695264137616e-05 0.39500000000000007 0.63500000000000012 0.93500000000000016 1.8050000000000004 6.3450000000000006 0.00027897637608550536 8.2850000000000019 4.6062463337321026e-05 5.3750000000000009 0.00027156800296505683 1.5350000000000004
decision_type=2 2 2 2 2 2 2 2 2 2 2 2 2 2 2 2 2 2 2
left_child=1 -1 -2 -3 5 -5 -6 9 10 -8 -9 12 15 14 -14 16 18 -17 -4
right_child=2 3 11 4 6 -7 7 8 -10 -11 -12 -13 13 -15 -16 17 -18 -19 -20
leaf_value=0.01705295640230179 -0.0073494790813752589 -0.0055896267256675628 0.0099965953826904302 0.020758706260295141 -0.010433098151643054 0.0019532172690804412 -0.0079320338436926919 -0.0019760930897496274 -0.0068489979961021148 0.004422389507587803 0.0087908789829203964 0.001571963187713437 0.015805572412590282 -0.0095834191888570786 -0.0021440258063375951 -0.0023209637235169396 0.025783301506078604 0.016014921971980265 -0.01281596968571345
leaf_weight=25 70 585 40 42 117 82 87 282 441 304 95 871 211 24 40 301 33 34 21
leaf_count=25 70 585 40 42 117 82 87 282 441 304 95 871 211 24 40 301 33 34 21
internal_value=0 -0.00248566 0.002858 -0.00272569 -0.00157025 0.00832282 -0.00249539 -0.00172722 -0.00335273 0.00167345 0.00073707 0.00331166 0.00546404 0.010979 0.0129451 0.00192885 0.0104423 -0.000460008 0.00214309
internal_weight=0 2060 1645 2035 1450 124 1326 1209 818 391 377 1575 704 275 251 429 94 335 61
internal_count=3705 2060 1645 2035 1450 124 1326 1209 818 391 377 1575 704 275 251 429 94 335 61
is_linear=0
shrinkage=0.05


Tree=7
num_leaves=20
num_cat=0
split_feature=5 3 3 3 15 15 2 15 3 15 14 15 5 3 5 5 14 15 5
split_gain=9.47333 3.43505 2.6475 5.17241 4.03596 3.31001 3.65312 4.40049 2.82952 4.05991 2.4667 4.88793 3.22156 2.51836 4.57518 2.34751 2.33476 3.04191 2.82756
threshold=5.455000000000001 0.56500000000000006 0.77500000000000013 0.87500000000000011 0.40500000000000008 0.03500000000000001 4.7106586516964173e-05 1.3150000000000002 1.5350000000000004 2.7450000000000006 2.0850000000000004 2.9150000000000005 8.5950000000000006 1.7150000000000001 7.3350000000000009 5.0550000000000006 1.3050000000000004 1.5650000000000002 8.2850000000000019
decision_type=2 2 2 2 2 2 2 2 2 2 2 2 2 2 2 2 2 2 2
left_child=1 -1 -3 4 -4 -5 8 15 9 -7 11 16 13 -13 -15 -8 18 -18 -2
right_child=10 2 3 5 -6 6 7 -9 -10 -11 -12 12 -14 14 -16 -17 17 -19 -20
leaf_value=0.016200308561325073 0.0075350136915494125 -0.0052776702825261769 0.021214342081830616 -0.0085709267122260607 0.0017111715343263415 0.00051949642837568902 0.0031172337888301107 -0.0067764901748389493 -0.010662509780377151 0.011520892536049491 -0.00018160109477946413 0.018492321452746787 0.031132085976146518 0.017284200364543544 -0.0092747155357809623 -0.0067201408310027071 -0.01000220442897287 0.0021097906132335545 -0.0048764567892506444
leaf_weight=25 342 595 42 177 72 343 261 431 40 111 454 48 21 31 34 79 58 488 53
leaf_count=25 342 595 42 177 72 343 261 431 40 111 454 48 21 31 34 79 58 488 53
internal_value=0 -0.0022268 -0.00244096 -0.00135624 0.00889655 -0.00216679 -0.00127071 -0.00342148 0.00208604 0.00320927 0.0029087 0.00421381 0.0131483 0.00980621 0.00339184 0.000831491 0.00294152 0.000823168 0.00586968
internal_weight=0 2176 2151 1556 114 1442 1265 771 494 454 1529 1075 134 113 65 340 941 546 395
internal_count=3705 2176 2151 1556 114 1442 1265 771 494 454 1529 1075 134 113 65 340 941 546 395
is_linear=0
shrinkage=0.05


Tree=8
num_leaves=20
num_cat=0
split_feature=3 3 1 3 3 5 14 1 15 2 14 15 15 3 5 2 5 2 5
split_gain=8.81489 3.16127 2.61846 2.13162 4.38325 3.49652 2.74678 2.72706 2.6399 2.22451 3.95793 3.54532 2.91935 2.12369 4.55565 3.9066 3.68611 3.19063 3.99246
threshold=1.4750000000000003 0.56500000000000006 2.4595715632248536e-05 0.76500000000000012 0.87500000000000011 2.8750000000000004 0.17500000000000002 3.1121142947842944e-05 -0.23499999999999996 4.3855695264137616e-05 0.39500000000000007 0.63500000000000012 0.93500000000000016 1.8050000000000004 6.3450000000000006 0.00027897637608550536 8.2850000000000019 4.9057809078159133e-05 5.3750000000000009
decision_type=2 2 2 2 2 2 2 2 2 2 2 2 2 2 2 2 2 2 2
left_child=1 -1 -2 -3 5 -5 -7 -8 -6 11 12 -10 -11 14 17 16 -16 18 -4
right_child=2 3 13 4 8 6 7 -9 9 10 -12 -13 -14 -15 15 -17 -18 -19 -20
leaf_value=0.015390293359756469 -0.0068352897039481572 -0.0050462618431983859 0.0019502326846122743 0.025113394921240602 -0.0094828967864696804 0.014356875339069883 0.011023061560547871 -0.010487473356287655 -0.0074151243714765573 -0.001892276837470684 -0.0063158756987848523 0.0040318262150609184 0.0082421012301194044 0.0013970308544715155 0.014594499639707721 -0.0091587978104750323 -0.0019601307623088363 -0.00069349649059659681 0.021546729127081429
leaf_weight=25 70 585 71 23 117 37 23 41 87 282 441 304 95 871 211 24 40 317 41
leaf_count=25 70 585 71 23 117 37 23 41 87 282 441 304 95 871 211 24 40 317 41
internal_value=0 -0.00228146 0.00262712 -0.00249856 -0.00147069 0.007519 0.00351236 -0.00275712 -0.00231136 -0.00161734 -0.00310015 0.00148481 0.000661479 0.00304767 0.00508987 0.0101135 0.0119563 0.00186957 0.00912395
internal_weight=0 2060 1645 2035 1450 124 101 64 1326 1209 818 391 377 1575 704 275 251 429 112
internal_count=3705 2060 1645 2035 1450 124 101 64 1326 1209 818 391 377 1575 704 275 251 429 112
is_linear=0
shrinkage=0.05


Tree=9
num_leaves=20
num_cat=0
split_feature=3 3 15 15 14 2 1 2 3 14 20 14 5 5 15 2 3 3 5
split_gain=7.95544 2.85305 2.46992 3.48912 3.41311 3.05808 2.7017 2.67851 2.28836 2.19686 2.47924 2.15735 5.41467 2.59253 2.28206 5.29861 6.06823 3.18271 2.48525
threshold=1.4750000000000003 0.56500000000000006 0.7350000000000001 1.5750000000000004 0.48500000000000004 7.7690597854830742e-05 2.4868544979573418e-05 0.00021218248484225849 1.5850000000000002 -0.11499999999999998 -0.00083995526211294569 1.3825000000000001 6.3650000000000011 7.0850000000000009 2.8750000000000004 0.00018142458180016752 1.8250000000000004 1.9750000000000003 6.0550000000000006
decision_type=2 2 2 2 2 2 2 2 2 2 2 2 2 2 2 2 2 2 2
left_child=1 -1 4 8 5 -2 -5 -7 -4 10 -9 12 -8 -14 18 16 -16 -17 -13
right_child=2 -3 3 6 -6 7 11 9 -10 -11 -12 14 13 -15 15 17 -18 -19 -20
leaf_value=0.014620779514312744 0.02074000438054403 -0.0023736321457480916 0.0070134229461352032 -0.0074806315558297301 0.020171855008879372 -0.0063867066971591271 -0.011384574356286424 -0.00042237944546199982 -0.0083881426996331877 -0.0063910852372646336 0.021554172129342051 0.005351973429322243 0.029890344788630802 0.010300500377228386 0.0074275570300718144 0.024784880165349354 -0.0066938718514783051 0.0081505565758211076 -0.0012860843888386523
leaf_weight=25 24 2035 30 63 43 61 23 21 123 20 33 200 24 57 192 44 126 83 478
leaf_count=25 24 2035 30 63 43 61 23 21 123 20 33 200 24 57 192 44 126 83 478
internal_value=0 -0.00216739 0.00249576 0.00177088 0.00767404 0.00429413 0.00261761 0.00137042 -0.00536823 0.00776481 0.0130077 0.0031361 0.0100255 0.0161049 0.00249808 0.00528021 0.00183227 0.0139136 0.000672045
internal_weight=0 2060 1645 1443 202 159 1290 135 153 74 54 1227 104 81 1123 445 318 127 678
internal_count=3705 2060 1645 1443 202 159 1290 135 153 74 54 1227 104 81 1123 445 318 127 678
is_linear=0
shrinkage=0.05


Tree=10
num_leaves=20
num_cat=0
split_feature=3 14 1 15 3 9 3 3 2 15 3 0 3 3 14 3 15 15 2
split_gain=6.77285 3.88144 6.32665 3.14655 2.62024 2.55503 2.36658 4.52219 2.18944 1.97599 2.34777 3.06783 2.62626 2.87471 2.75906 2.5383 2.61897 2.14951 1.90216
threshold=1.4750000000000003 1.2350000000000001 0.00018386050219471148 1.9950000000000003 0.56500000000000006 -5.0000000000000151 1.7150000000000001 1.5750000000000004 2.2835732150650237e-05 2.1050000000000004 1.8250000000000004 0.00015362693746100986 3.3150000000000004 2.5050000000000003 2.5450000000000004 5.4800000000000013 2.8150000000000004 2.8750000000000004 9.3342545527556127e-05
decision_type=2 2 2 2 2 2 2 2 2 2 2 2 2 2 2 2 2 2 2
left_child=4 2 6 5 -1 -3 7 -2 -6 -5 11 -11 13 14 -12 16 -14 -13 -9
right_child=1 3 -4 9 8 -7 -8 18 -10 10 12 17 15 -15 -16 -17 -18 -19 -20
leaf_value=0.012264740467071534 0.018850585365934033 0.010632210251476084 -0.0015656621952075513 0.0099037991445741543 -0.0070656870071794473 -0.0053249754815428091 0.019173792985881247 0.0075717352532051717 -0.0015999760137060206 0.0023177688102887836 0.002168509089946747 0.0045646227376405588 0.028114306330680849 -0.0095461858454204754 -0.011035630455676546 -0.00067482405475207741 0.0058600140687746884 0.019957001879811288 -0.0089396801410299362
leaf_weight=32 56 28 128 81 204 241 82 37 1799 331 250 43 20 105 47 70 39 48 33
leaf_count=32 56 28 128 81 204 241 82 37 1799 331 250 43 20 105 47 70 39 48 33
internal_value=0 0.00238884 0.00718043 0.00115325 -0.00192987 -0.003664 0.0125626 0.00826014 -0.00215664 0.00240648 0.00176924 0.00455307 -0.000443141 -0.00243507 7.89651e-05 0.00576426 0.0134038 0.0126837 -0.000212218
internal_weight=0 1639 336 1303 2035 269 208 126 2003 1034 953 422 531 402 297 129 59 91 70
internal_count=3674 1639 336 1303 2035 269 208 126 2003 1034 953 422 531 402 297 129 59 91 70
is_linear=0
shrinkage=0.05


Tree=11
num_leaves=20
num_cat=0
split_feature=3 14 1 15 3 9 3 3 2 5 21 3 15 2 15 1 3 2 0
split_gain=6.1125 3.503 5.7098 2.83976 2.36476 2.30591 2.13584 4.08128 1.97597 1.93837 1.87949 2.06241 3.06352 2.51155 2.99984 2.10971 2.83605 2.75463 2.3536
threshold=1.4750000000000003 1.2350000000000001 0.00018386050219471148 1.9950000000000003 0.56500000000000006 -5.0000000000000151 1.7150000000000001 1.5750000000000004 2.2835732150650237e-05 3.7850000000000006 0.012194516221375908 1.7850000000000004 2.1425000000000005 0.00018142458180016752 2.8750000000000004 3.7095801029033478e-05 1.5350000000000004 4.9057809078159133e-05 0.00014237671308527824
decision_type=2 2 2 2 2 2 2 2 2 2 2 2 2 2 2 2 2 2 2
left_child=4 2 6 5 -1 -3 7 -2 9 -6 11 15 -13 -14 -15 16 -5 -17 -19
right_child=1 3 -4 10 8 -7 -8 -9 -10 -11 -12 12 13 14 -16 17 -18 18 -20
leaf_value=0.011534988538362087 0.017728974781930449 0.009999593700681415 -0.0014725053513539024 0.010430753175529741 -0.0083652948721913995 -0.0050081393527044802 0.018032952484924619 -0.00019959089372839249 -0.0015047774311732823 0.0068905010848589569 0.014267520029938989 0.0094580862298607824 -0.0051112426258623604 -0.002103588227927685 0.0083620781374868954 0.017214088972806931 -0.0078104375442489982 0.001104442591729917 0.010923216346003441
leaf_weight=32 56 28 128 31 181 241 82 70 1799 23 31 74 234 180 107 50 64 171 92
leaf_count=32 56 28 128 31 181 241 82 70 1799 23 31 74 234 180 107 50 64 171 92
internal_value=0 0.0022467 0.00675319 0.00108463 -0.00181504 -0.003446 0.0118152 0.00776866 -0.00202832 -0.00664528 0.00226329 0.00189227 3.35531e-05 -0.00130506 0.00179825 0.00460291 -0.00185805 0.0065639 0.00453915
internal_weight=0 1639 336 1303 2035 269 208 126 2003 204 1034 1003 595 521 287 408 95 313 263
internal_count=3674 1639 336 1303 2035 269 208 126 2003 204 1034 1003 595 521 287 408 95 313 263
is_linear=0
shrinkage=0.0495


Tree=12
num_leaves=20
num_cat=0
split_feature=3 14 2 14 2 6 16 15 3 2 2 2 0 15 14 3 21 16 22
split_gain=5.52234 3.16479 5.28704 3.29721 4.18302 2.82643 3.22159 2.65063 2.13645 1.78519 1.71621 2.63767 2.55377 1.92987 2.80722 3.32833 2.25966 2.09497 1.91214
threshold=1.4750000000000003 1.2350000000000001 0.00015136415005260825 0.28500000000000009 7.7690597854830742e-05 5.0000000000000497 6.9999999999999973 1.5750000000000004 0.56500000000000006 2.2835732150650237e-05 3.6954682997298345e-05 5.9871354684142967e-05 2.4645635818464907e-05 3.4150000000000005 2.5525000000000002 1.8450000000000004 0.00074650078916049811 -1.2499999999999953 -8.3321508821565513e-05
decision_type=2 2 2 2 2 2 2 2 2 2 2 2 2 2 2 2 2 2 2
left_child=8 2 3 4 -2 6 -4 -3 -1 -10 -9 12 18 17 16 -16 -15 -13 -12
right_child=1 7 5 -5 -6 -7 -8 10 9 -11 11 13 -14 14 15 -17 -18 -19 -20
leaf_value=0.010854366522906347 0.018966702709132435 -0.0075642851813882599 0.0094614105826841526 0.017918107583661778 -0.0071265983385220173 -0.009624977389152866 -0.0079990170752629632 -0.0046646549741631927 -0.0062531738142154233 -0.0014159881185099126 0.010637896849885583 0.0030627648318997201 0.012276377506032585 0.023260269311098383 0.015093835588909685 -0.0098395419826917355 0.0045395846619084475 -0.0018544725545292405 -0.0079035312555818006
leaf_weight=32 25 81 86 104 36 49 36 97 204 1799 22 374 108 32 20 36 30 469 34
leaf_count=32 25 81 86 104 36 49 36 97 204 1799 22 374 108 32 20 36 30 469 34
internal_value=0 0.00211413 0.00635472 0.0126127 0.00356738 0.000316332 0.00430915 0.00102063 -0.00170795 -0.00190864 0.00158968 0.00212894 0.00787294 0.00114869 0.00701838 -0.000934764 0.0142019 0.000327078 -0.000619399
internal_weight=0 1639 336 165 61 171 122 1303 2035 2003 1222 1125 164 961 118 56 62 843 56
internal_count=3674 1639 336 165 61 171 122 1303 2035 2003 1222 1125 164 961 118 56 62 843 56
is_linear=0
shrinkage=0.049005


Tree=13
num_leaves=20
num_cat=0
split_feature=5 3 22 5 3 2 15 2 5 2 2 20 15 3 3 1 3 3 6
split_gain=5.14202 5.09533 3.02246 2.4703 6.04536 3.09332 2.9878 2.98628 2.94255 3.0916 2.69132 2.53419 2.51413 2.34405 2.15574 2.05926 2.37816 3.44866 2.91611
threshold=3.7750000000000004 0.91500000000000015 -0.0024641875462623748 6.9350000000000014 1.7850000000000004 0.00027156800296505683 0.065000000000000016 0.00018781751532612697 8.1250000000000018 0.00014447607916982376 0.00010490061988471764 -0.003554066535474631 2.9150000000000005 0.56500000000000006 2.9650000000000003 0.00048392163639903368 2.4050000000000007 3.0750000000000006 5.0000000000000497
decision_type=2 2 2 2 2 2 2 2 2 2 2 2 2 2 2 2 2 2 2
left_child=13 -2 -3 6 5 8 11 -6 -5 10 -10 -4 15 -1 -14 16 18 -18 -9
right_child=1 2 3 4 7 -7 -8 12 9 -11 -12 -13 14 -15 -16 -17 17 -19 -20
leaf_value=0.010219223958032672 0.02393901411182537 0.01476416996911754 -0.0057165878428361936 0.016040162094482141 -0.0048225470630348152 -0.0084427785639980442 -0.00074075573364376114 0.011759846850210245 0.0089827266051000134 0.019318794975165279 -0.012693781381381275 0.014401790974512271 0.020974266149665789 -0.0031011386119859509 0.0048344359790008047 -0.0050560811131205412 -0.0082610602574637957 0.012149535634423791 -0.0042258034323160113
leaf_weight=32 23 37 20 128 179 20 1578 98 26 22 28 56 28 1099 64 102 70 27 37
leaf_count=32 23 37 20 128 179 20 1578 98 26 22 28 56 28 1099 64 102 70 27 37
internal_value=0 0.00120769 0.00100022 0.000795119 0.0029566 0.00976528 -0.000288237 0.000435704 0.0115504 0.00398866 -0.00225694 0.00910748 0.00264516 -0.00272426 0.00974656 0.000689082 0.00321497 -0.00257976 0.00737859
internal_weight=0 2543 2520 2483 829 224 1654 605 204 76 54 76 426 1131 92 334 232 97 135
internal_count=3674 2543 2520 2483 829 224 1654 605 204 76 54 76 426 1131 92 334 232 97 135
is_linear=0
shrinkage=0.048515


Tree=14
num_leaves=20
num_cat=0
split_feature=5 3 22 2 3 5 3 2 15 2 5 2 2 20 15 0 16 16 3
split_gain=4.65519 4.61292 2.7363 2.26384 4.19995 2.23642 5.47301 2.80045 2.70492 2.70355 2.66396 2.7989 2.43651 2.29426 2.2761 2.14428 2.00437 2.50526 1.95165
threshold=3.7750000000000004 0.91500000000000015 -0.0024641875462623748 0.00010490061988471764 0.57500000000000007 6.9350000000000014 1.7850000000000004 0.00027156800296505683 0.065000000000000016 0.00018781751532612697 8.1250000000000018 0.00014447607916982376 0.00010490061988471764 -0.003554066535474631 2.9150000000000005 3.0868926648796659e-05 -6.2499999999999991 -8.4999999999999947 2.9650000000000003
decision_type=2 2 2 2 2 2 2 2 2 2 2 2 2 2 2 2 2 2 2
left_child=3 -2 -3 4 -1 8 7 10 13 -8 -7 12 -12 -4 -11 -6 17 -17 -16
right_child=1 2 5 -5 15 6 9 -9 -10 14 11 -13 -14 -15 18 16 -18 -19 -20
leaf_value=0.011598918365028863 0.022549837929041142 0.013907407801606838 -0.0053848553665055499 -0.0088621847294417643 -0.0048313714022124752 0.015109354158291602 -0.0045426956040418957 -0.0079528457212584124 -0.00069776982900901703 0.00064909425822433028 0.0084614608556765284 0.01819772904175555 -0.011957163779061692 0.013566057899327244 0.019757133487554906 -0.0037544195104462059 -0.001307484368155953 0.018673529507091634 0.00455389442706494
leaf_weight=51 23 37 20 118 477 128 179 20 1578 334 26 22 28 56 28 20 438 27 64
leaf_count=51 23 37 20 118 477 128 179 20 1578 334 26 22 28 56 28 20 438 27 64
internal_value=0 0.00113761 0.000942177 -0.00256617 -0.00183277 0.000748978 0.00278503 0.00919861 -0.000271511 0.00041042 0.0108801 0.0037572 -0.00212597 0.00857898 0.00249166 -0.00254485 -0.000296044 0.00912972 0.00918097
internal_weight=0 2543 2520 1131 1013 2483 829 224 1654 605 204 76 54 76 426 962 485 47 92
internal_count=3674 2543 2520 1131 1013 2483 829 224 1654 605 204 76 54 76 426 962 485 47 92
is_linear=0
shrinkage=0.0480298


Tree=15
num_leaves=20
num_cat=0
split_feature=5 5 10 15 2 3 15 5 3 3 22 15 14 3 14 3 1 22 5
split_gain=4.89404 1.99105 1.98162 1.94058 2.65845 3.72029 3.13801 2.89639 2.60562 2.53305 2.38204 2.37788 3.4209 2.21056 2.18891 1.69008 1.6899 1.69064 1.66314
threshold=5.455000000000001 2.5950000000000002 -1.0000000180025095e-35 0.095000000000000015 4.5721687752241264e-05 0.71500000000000008 1.2450000000000003 2.9550000000000005 0.57500000000000007 1.5350000000000004 0.00037948265233134221 0.94500000000000006 0.12500000000000003 1.2050000000000003 0.23500000000000001 0.77500000000000013 2.3910684824888922e-05 0.0021016141369303303 3.0050000000000003
decision_type=2 2 2 2 2 2 2 2 2 2 2 2 2 2 2 2 2 2 2
left_child=1 2 -1 -3 5 -5 7 -6 -8 10 18 12 13 15 -13 -9 -2 -18 -7
right_child=16 3 -4 4 6 9 8 11 -10 -11 -12 14 -14 -15 -16 -17 17 -19 -20
leaf_value=0.016839977555762418 -0.0090035102203659574 -0.0062964990402854691 -0.00010706025408560196 -0.0039669972330662892 -0.0073613727284486188 0.01420715281931173 0.011755842304938795 0.0010928622575164314 -0.0056968293935638617 -0.0093319527478760815 -0.004238617457307344 0.020304840544921099 -0.0044366243254122806 -0.0076935381579863737 0.0041045869909652139 0.014098965258996501 0.0020003259940251632 0.014232039761017218 0.0042486255709114932
leaf_weight=26 31 195 39 252 100 42 20 37 587 35 70 24 191 22 88 58 1472 26 390
leaf_count=26 31 195 39 252 100 42 20 37 587 35 70 24 191 22 88 58 1472 26 390
internal_value=0 -0.00152505 0.00667175 -0.00177744 -0.00131751 0.000799315 -0.00279948 -8.86435e-05 -0.00512178 0.00303602 0.00389833 0.00164296 -0.000514536 0.00588819 0.00757607 0.00903343 0.00198522 0.00221263 0.00521682
internal_weight=0 2176 65 2111 1916 789 1127 520 607 537 502 420 308 117 112 95 1529 1498 432
internal_count=3705 2176 65 2111 1916 789 1127 520 607 537 502 420 308 117 112 95 1529 1498 432
is_linear=0
shrinkage=0.0475495


Tree=16
num_leaves=20
num_cat=0
split_feature=5 5 17 15 2 2 15 5 3 5 15 14 15 14 3 14 5 5 2
split_gain=4.43969 1.8062 1.91005 1.76042 2.41164 3.44563 2.84668 2.62749 2.36372 2.28278 2.3367 2.52772 2.15712 3.10331 2.00534 1.98569 1.80272 1.90174 2.48784
threshold=5.455000000000001 2.5950000000000002 0.999999999999999 0.095000000000000015 4.5721687752241264e-05 2.9217284717268708e-05 1.2450000000000003 2.9550000000000005 0.57500000000000007 3.0050000000000003 2.7450000000000006 2.3350000000000004 0.94500000000000006 0.12500000000000003 1.2050000000000003 0.23500000000000001 3.7050000000000005 4.8250000000000011 1.7805028538604964e-05
decision_type=2 2 2 2 2 2 2 2 2 2 2 2 2 2 2 2 2 2 2
left_child=1 2 -1 -3 5 16 7 -6 -8 -7 -11 -12 13 14 -9 -14 -5 18 -18
right_child=-2 3 -4 4 6 9 8 12 -10 10 11 -13 15 -15 -16 -17 17 -19 -20
leaf_value=0.013996239130769864 0.001871917250675534 -0.0059371327187736026 -0.0021599680927859694 -0.0052437260970280772 -0.0069412297012870806 0.014037472397356443 0.011084889499593223 0.0085178564198801175 -0.0053716885133849694 0.00039597970632723544 0.019586140697030296 0.0034644106142843046 0.019145962823720986 -0.0041834085326122924 -0.0072544373692934525 0.0038703219136207944 0.018015301942550965 -0.0087914820398783608 0.00029642079870030667
leaf_weight=34 1529 195 31 227 100 41 20 95 587 312 32 66 24 191 22 88 25 27 59
leaf_count=34 1529 195 31 227 100 41 20 95 587 312 32 66 24 191 22 88 25 27 59
internal_value=0 -0.00143801 0.00629097 -0.00167599 -0.00124232 0.000753695 -0.0026397 -8.35843e-05 -0.00482946 0.00344676 0.00238769 0.00872865 0.00154919 -0.00048517 0.00555213 0.00714367 -0.00283972 0.00207659 0.0055699
internal_weight=0 2176 65 2111 1916 789 1127 520 607 451 410 98 420 308 117 112 338 111 84
internal_count=3705 2176 65 2111 1916 789 1127 520 607 451 410 98 420 308 117 112 338 111 84
is_linear=0
shrinkage=0.047074


Tree=17
num_leaves=20
num_cat=0
split_feature=3 0 18 15 2 3 3 4 3 3 3 4 2 21 22 7 15 15 14
split_gain=4.00121 1.72767 1.93812 1.87218 2.39339 2.82092 2.27039 1.80955 2.4956 6.26364 2.56503 2.16642 1.78584 1.63575 3.83663 2.77685 1.96778 2.00036 1.75093
threshold=1.4750000000000003 3.550857540730288e-05 -0.012543180600367075 3.3450000000000002 0.00020477772997301913 1.8250000000000004 2.2150000000000003 -1.0000000180025095e-35 5.5500000000000007 3.0750000000000006 2.5850000000000004 2.4999999999999916 0.00010617131818293667 0.0012563183183946782 -0.00035765874252924318 0.026895958833098036 2.8750000000000004 2.1750000000000003 2.1050000000000004
decision_type=2 2 2 2 2 2 2 2 2 2 2 2 2 2 2 2 2 2 2
left_child=-1 2 -2 7 5 12 -7 -3 9 10 11 13 -5 18 -15 16 17 -16 -9
right_child=1 3 -4 4 -6 6 -8 8 -10 -11 -12 -13 -14 14 15 -17 -18 -19 -20
leaf_value=-0.0014365429051139407 -0.0072314834776215373 -0.00078296698670502472 0.0013715162441573223 0.015781670776264248 0.018141738680115562 -0.010709316628987281 0.0071680401980244342 0.0042399103376258391 -0.0094072453246258972 0.023051090867896751 -0.0070892296734120785 -0.0031976974866550234 0.00015694592456115346 0.019003240916638745 0.007817653533854144 -0.0091673048740306233 0.017286976707164888 -0.0047965447794680533 -0.0034922104537039129
leaf_weight=2060 94 434 144 47 33 36 27 262 34 34 55 94 24 49 97 28 31 38 84
leaf_count=2060 94 434 144 47 33 36 27 262 34 34 55 94 24 49 97 28 31 38 84
internal_value=0 0.00164586 -0.00202631 0.00226702 0.00689931 0.00413065 -0.00304759 0.00164316 0.00294953 0.00349374 0.00259273 0.00337239 0.0105001 0.00442093 0.0073515 0.00440853 0.00669843 0.00426699 0.00236275
internal_weight=0 1645 238 1407 167 134 63 1240 806 772 738 683 71 589 243 194 166 135 346
internal_count=3705 1645 238 1407 167 134 63 1240 806 772 738 683 71 589 243 194 166 135 346
is_linear=0
shrinkage=0.0466033


Tree=18
num_leaves=20
num_cat=0
split_feature=5 1 2 15 14 15 0 2 11 20 20 14 0 14 5 14 15 5 5
split_gain=3.72528 1.66662 2.27486 3.66352 5.72389 3.00242 2.27311 2.05985 2.00249 1.7276 2.52619 1.72147 1.71235 1.99884 2.47295 1.61023 2.80972 3.04317 1.77574
threshold=5.455000000000001 1.7425509335274633e-05 4.5721687752241264e-05 2.4150000000000005 2.0450000000000004 1.2450000000000003 1.6604859225870604e-05 2.9217284717268708e-05 -2.9999999999999578 0.0063526358384143897 0.0097047696252352562 -0.12499999999999999 6.7883636548269811e-05 0.015000000000000001 3.0050000000000003 2.0850000000000004 2.9150000000000005 8.5950000000000006 8.1450000000000014
decision_type=2 2 2 2 2 2 2 2 2 2 2 2 2 2 2 2 2 2 2
left_child=1 -1 3 7 -5 8 -6 11 9 -4 -11 -3 13 -9 -15 16 -2 18 -18
right_child=15 2 5 4 6 -7 -8 12 -10 10 -12 -13 -14 14 -16 -17 17 -19 -20
leaf_value=-0.0051074294021988967 0.001764025053277827 0.0078821005889589697 0.0016760558386686181 0.019965496633111868 0.015044551043228256 -0.0044983567244869802 -0.00040957952940735756 -0.0079255032071719484 -0.0014775040541195302 0.024389353879335173 0.0019691392327234451 -0.0054072257849612261 -0.0083541977751183782 0.014670799829520438 0.0021588515208226834 -0.00062281056407315484 0.0092268870132524872 0.025033143892131564 -0.0041696188673296039
leaf_weight=219 941 23 125 50 24 580 130 33 453 20 23 212 33 40 211 454 85 21 28
leaf_count=219 941 23 125 50 24 580 130 33 453 20 23 212 33 40 211 454 85 21 28
internal_value=0 -0.0012905 -0.000863361 0.00111928 0.00640244 -0.00211138 0.00199886 -0.000833196 0.000117995 0.00442014 0.0123971 -0.00410657 0.00159344 0.00274932 0.00415279 0.00168111 0.00265412 0.00890472 0.0059074
internal_weight=0 2176 1957 756 204 1201 154 552 621 168 43 235 317 284 251 1529 1075 134 113
internal_count=3705 2176 1957 756 204 1201 154 552 621 168 43 235 317 284 251 1529 1075 134 113
is_linear=0
shrinkage=0.0461372


Tree=19
num_leaves=20
num_cat=0
split_feature=3 5 17 15 15 14 2 2 14 20 1 15 14 2 3 3 3 3 5
split_gain=3.39377 1.65303 1.6916 1.57072 2.98845 2.73917 2.10258 2.28223 1.90835 2.1677 1.76703 1.87552 2.20794 2.11379 2.1107 5.01174 3.77189 2.58093 3.11335
threshold=1.4750000000000003 2.5950000000000002 0.999999999999999 0.7350000000000001 1.5750000000000004 0.48500000000000004 7.7690597854830742e-05 0.00021218248484225849 -0.11499999999999998 -0.00083995526211294569 2.4868544979573418e-05 3.6350000000000002 2.0850000000000004 4.9057809078159133e-05 5.5500000000000007 3.0750000000000006 2.5850000000000004 2.1750000000000003 9.2950000000000017
decision_type=2 2 2 2 2 2 2 2 2 2 2 2 2 2 2 2 2 2 2
left_child=1 2 -1 5 -5 6 -2 -8 9 -9 -6 12 14 -14 15 16 17 18 -12
right_child=3 -3 -4 4 10 -7 7 8 -10 -11 11 -13 13 -15 -16 -17 -18 -19 -20
leaf_value=0.012908172689143406 0.014950050109506887 -0.0015294644431237845 -0.0018445624055272586 -0.0050773528065445259 -0.0057862783438960928 0.015486590769367295 -0.006263031031031859 -0.0013379535747326168 -0.0063825897883564462 0.017434321035841912 0.0036082462715286202 0.013534925274320542 0.0076064452513233873 -0.0018641609053152491 -0.0061499170319493628 0.018354329340181975 -0.0065124362230339124 0.0099660191093049917 -0.011402782477118059
leaf_weight=34 24 1995 31 153 63 43 61 21 20 33 411 29 56 403 46 47 78 126 31
leaf_count=34 24 1995 31 153 63 43 61 21 20 33 411 29 56 403 46 47 78 126 31
internal_value=0 -0.00129592 0.00587225 0.00148639 0.00095832 0.00525873 0.0024927 0.000278066 0.00567005 0.010134 0.00167418 0.00205723 0.00177939 -0.000708706 0.00332477 0.00395369 0.00290596 0.00419933 0.00255544
internal_weight=0 2060 65 1645 1443 202 159 135 74 54 1290 1227 1198 459 739 693 646 568 442
internal_count=3705 2060 65 1645 1443 202 159 135 74 54 1290 1227 1198 459 739 693 646 568 442
is_linear=0
shrinkage=0.0456759


Tree=20
num_leaves=20
num_cat=0
split_feature=1 1 11 15 0 6 21 20 18 12 9 7 3 0 2 16 22 15 19
split_gain=3.37988 1.8375 2.0329 1.75446 1.65624 1.79513 3.05209 1.59021 1.806 1.49625 2.16352 1.44565 1.42165 1.54085 1.38154 1.34968 1.32953 1.28655 2.53179
threshold=3.5899106027361786e-05 4.2941297112651987e-05 -1.0000000000000451 3.5450000000000004 3.0496134418575897e-05 2.0000000000000244 0.0015674345372594935 0.0066050971654906263 -0.042383448159262864 1.2499999999999958 -6.9999999999999991 -0.018423989018328587 0.95500000000000007 2.8185976283916799e-05 4.6062463337321026e-05 -1.9999999999999682 -0.0022889943243440953 0.38500000000000006 -0.006877590248009934
decision_type=2 2 2 2 2 2 2 2 2 2 2 2 2 2 2 2 2 2 2
left_child=4 12 7 16 -1 11 -7 9 -9 -3 -11 -6 -2 14 -14 -10 -4 18 -18
right_child=1 2 3 -5 5 6 -8 8 15 10 -12 -13 13 -15 -16 -17 17 -19 -20
leaf_value=-0.0041137602101496565 0.00074431204795837405 0.00072921436799820087 0.01065615446617206 0.0093516385448830473 0.010758811946619642 -0.0029467081651091578 0.0225420028295206 0.016819721915655669 -0.00057851511334616041 0.021425781718322212 0.0034390315958639471 -0.0028272919649823328 0.011682282997803255 0.013427986510812421 -0.0048137959837913514 0.012031112681142986 0.018025045388418696 -0.0018447522187803917 0.00047539330131031693
leaf_weight=615 100 860 24 42 22 24 23 36 63 21 82 178 22 73 30 32 23 1211 193
leaf_count=615 100 860 24 42 22 24 23 36 63 21 82 178 22 73 30 32 23 1211 193
internal_value=0 0.000853928 0.00047699 -0.000722807 -0.0027248 0.000733526 0.00952649 0.00211437 0.00728289 0.00141128 0.00710623 -0.00133282 0.00518787 0.00874271 0.00216531 0.00366894 -0.00101442 -0.0012107 0.00234411
internal_weight=0 2812 2587 1493 862 247 47 1094 131 963 103 200 225 125 52 95 1451 1427 216
internal_count=3674 2812 2587 1493 862 247 47 1094 131 963 103 200 225 125 52 95 1451 1427 216
is_linear=0
shrinkage=0.05


end of trees

feature_importances:
f_3=104
f_2=64
f_15=56
f_5=50
f_14=48
f_1=21
f_0=11
f_20=7
f_22=7
f_16=5
f_6=4
f_9=4
f_21=4
f_4=2
f_7=2
f_10=2
f_11=2
f_17=2
f_18=2
f_12=1
f_19=1

parameters:
[boosting: gbdt]
[objective: regression]
[metric: binary_logloss]
[tree_learner: serial]
[device_type: cpu]
[data: ]
[valid: ]
[num_iterations: 10]
[learning_rate: 0.05]
[num_leaves: 20]
[num_threads: 0]
[deterministic: 0]
[force_col_wise: 0]
[force_row_wise: 0]
[histogram_pool_size: -1]
[max_depth: -1]
[min_data_in_leaf: 20]
[min_sum_hessian_in_leaf: 0.001]
[bagging_fraction: 0.7]
[pos_bagging_fraction: 1]
[neg_bagging_fraction: 1]
[bagging_freq: 5]
[bagging_seed: 3]
[feature_fraction: 0.9]
[feature_fraction_bynode: 1]
[feature_fraction_seed: 2]
[extra_trees: 0]
[extra_seed: 6]
[early_stopping_round: 0]
[first_metric_only: 0]
[max_delta_step: 0]
[lambda_l1: 0]
[lambda_l2: 0]
[linear_lambda: 0]
[min_gain_to_split: 0]
[drop_rate: 0.1]
[max_drop: 50]
[skip_drop: 0.5]
[xgboost_dart_mode: 0]
[uniform_drop: 0]
[drop_seed: 4]
[top_rate: 0.2]
[other_rate: 0.1]
[min_data_per_group: 100]
[max_cat_threshold: 32]
[cat_l2: 10]
[cat_smooth: 10]
[max_cat_to_onehot: 4]
[top_k: 20]
[monotone_constraints: ]
[monotone_constraints_method: basic]
[monotone_penalty: 0]
[feature_contri: ]
[forcedsplits_filename: ]
[refit_decay_rate: 0.9]
[cegb_tradeoff: 1]
[cegb_penalty_split: 0]
[cegb_penalty_feature_lazy: ]
[cegb_penalty_feature_coupled: ]
[path_smooth: 0]
[interaction_constraints: ]
[verbosity: 0]
[saved_feature_importance_type: 0]
[linear_tree: 0]
[max_bin: 255]
[max_bin_by_feature: ]
[min_data_in_bin: 3]
[bin_construct_sample_cnt: 200000]
[data_random_seed: 1]
[is_enable_sparse: 1]
[enable_bundle: 1]
[use_missing: 1]
[zero_as_missing: 0]
[feature_pre_filter: 1]
[pre_partition: 0]
[two_round: 0]
[header: 0]
[label_column: ]
[weight_column: ]
[group_column: ]
[ignore_column: ]
[categorical_feature: ]
[forcedbins_filename: ]
[precise_float_parser: 0]
[objective_seed: 5]
[num_class: 1]
[is_unbalance: 0]
[scale_pos_weight: 1]
[sigmoid: 1]
[boost_from_average: 1]
[reg_sqrt: 0]
[alpha: 0.9]
[fair_c: 1]
[poisson_max_delta_step: 0.7]
[tweedie_variance_power: 1.5]
[lambdarank_truncation_level: 30]
[lambdarank_norm: 1]
[label_gain: ]
[eval_at: ]
[multi_error_top_k: 1]
[auc_mu_weights: ]
[num_machines: 1]
[local_listen_port: 12400]
[time_out: 120]
[machine_list_filename: ]
[machines: ]
[gpu_platform_id: -1]
[gpu_device_id: -1]
[gpu_use_dp: 0]
[num_gpu: 1]

end of parameters

pandas_categorical:[]
