tree
version=v3
num_class=1
num_tree_per_iteration=1
label_index=0
max_feature_idx=22
objective=regression
feature_names=f_0 f_1 f_2 f_3 f_4 f_5 f_6 f_7 f_8 f_9 f_10 f_11 f_12 f_13 f_14 f_15 f_16 f_17 f_18 f_19 f_20 f_21 f_22
feature_infos=[2.811842593898112e-07:0.0089292451603560918] [2.1333248529010825e-06:0.0055990001705921817] [4.7857545124566229e-06:0.003721014941950642] [0.53000000000000003:6.5599999999999996] [-33.000000000000007:48] [2.4100000000000001:21.82] [-101.00000000000016:144.99999999999994] [-3.0196613872200984:0.53086419753086433] [-81:74] [-46:33.999999999999986] [-51.000000000000021:33.999999999999986] [-33.000000000000007:29.000000000000004] [-41:96.000000000000014] [-36.000000000000007:32.999999999999986] [-0.83999999999999997:2.9100000000000001] [-1.3200000000000001:3.8500000000000001] [-52:73.999999999999972] [-28.000000000000004:24.000000000000004] [-0.29572649572649579:1.1559792027729636] [-0.02958455728073861:0.047292143401983289] [-0.054746473503621829:0.033993115318416534] [-0.078445945945946005:0.045346674363414774] [-0.019984292877423981:0.018327052533256172]
tree_sizes=1642 1687 1703 1724 1714 1705 1708 1715 1709 1708 1706 1715 1678 1709 1705 1728 1723 1747 1755 1706 1679 1709 1709 1674 1741 1695 1734 1703 1710 1685

Tree=0
num_leaves=18
num_cat=0
split_feature=1 3 15 2 3 22 2 2 14 1 3 15 0 2 11 19 10
split_gain=23.8415 3.8538 2.29809 5.9256 3.23018 2.59699 3.23019 2.2083 2.16 2.27556 2.54127 2.37087 1.92857 1.6929 1.62504 1.99481 1.62414
threshold=6.6369600382642664e-05 1.0950000000000004 2.8650000000000007 0.00021627578868432511 2.0350000000000006 0.0035895062764245149 0.00018988680533926666 0.00069406867351463257 2.4750000000000005 0.00013655056955540101 1.7550000000000001 3.2450000000000006 0.00025403779665125493 6.9885063106335301e-05 -10.00000000000003 0.0052663790668910923 5.0000000000000169
decision_type=2 2 2 2 2 2 2 2 2 2 2 2 2 2 2 2 2
left_child=-1 -2 5 8 -5 13 -7 12 9 -4 -11 -12 -6 -3 -15 16 -16
right_child=1 2 3 4 7 6 -8 -9 -10 10 11 -13 -14 14 15 -17 -18
leaf_value=0.14654604537521945 0.14974348729371659 0.14745461010188846 0.15036513124249809 0.18332809420546106 0.16639687727424413 0.17720273808010495 0.15293218105092721 0.17362183622334101 0.15025402013138697 0.178004020131387 0.14925402013138697 0.1711587820361489 0.14496830584567269 0.16239867421943729 0.1534359552004966 0.14911888499625184 0.15818368373994968
leaf_weight=2324 538 113 45 27 21 26 29 29 150 24 30 21 21 53 1037 222 218
leaf_count=2324 538 113 45 27 21 26 29 29 150 24 30 21 21 53 1037 222 218
internal_value=0.150092 0.153513 0.154494 0.158076 0.168608 0.153718 0.164406 0.16301 0.154254 0.159254 0.164587 0.158274 0.155683 0.15336 0.153797 0.153488 0.154261
internal_weight=0 2604 2066 368 98 1698 55 71 270 120 75 51 42 1643 1530 1477 1255
internal_count=4928 2604 2066 368 98 1698 55 71 270 120 75 51 42 1643 1530 1477 1255
is_linear=0
shrinkage=1


Tree=1
num_leaves=18
num_cat=0
split_feature=1 5 5 5 11 8 17 10 3 5 2 3 2 0 3 0 3
split_gain=21.517 3.48015 2.47072 2.50698 2.12673 1.89543 1.75281 1.77989 1.73996 3.14292 2.68847 2.56556 2.33211 2.28118 2.24456 1.982 2.84027
threshold=6.6369600382642664e-05 6.4850000000000012 2.5950000000000002 4.6850000000000014 -10.00000000000003 -1.5000000000000067 -4.0000000000000009 -2.249999999999996 1.885 8.2650000000000023 0.00023094253407232539 1.6650000000000003 0.00015767147851181225 0.00010498343943650644 3.1350000000000002 0.00021205975471182085 2.4450000000000007
decision_type=2 2 2 2 2 2 2 2 2 2 2 2 2 2 2 2 2
left_child=2 4 -1 -4 -2 -5 7 -6 9 11 14 12 13 -3 -10 16 -12
right_child=1 8 3 5 6 -7 -8 -9 10 -11 15 -13 -14 -15 -16 -17 -18
leaf_value=0.0098155543420995993 0.013676242490072509 0.00039413506465573464 -0.0045397439014009189 0.0076726972311735161 0.0023067420901178005 -0.001708255009991782 0.001011703696979971 0.01345650011957702 -0.0011420308893162108 -0.00047994664821185569 0.022158862451712294 0.015071067331159642 -0.0050990232744732421 0.018670987396648058 0.013115609629500298 0.0049794389524918017 0.0028465606497995784
leaf_weight=35 37 31 1704 60 91 525 1434 59 252 76 45 159 37 38 31 281 33
leaf_count=35 37 31 1704 60 91 525 1434 59 252 76 45 159 37 38 31 281 33
internal_value=0 0.00324986 -0.00336861 -0.0035702 0.00182643 -0.000746106 0.00154964 0.00669231 0.00559713 0.00848351 0.00406402 0.0110542 0.00502879 0.0104596 0.00041976 0.00693679 0.0139883
internal_weight=0 2604 2324 2289 1621 585 1584 150 983 341 642 265 106 69 283 359 78
internal_count=4928 2604 2324 2289 1621 585 1584 150 983 341 642 265 106 69 283 359 78
is_linear=0
shrinkage=0.05


Tree=2
num_leaves=18
num_cat=0
split_feature=1 3 5 14 15 2 3 5 5 0 2 8 0 22 2 14 10
split_gain=19.4191 3.31751 3.96836 3.49282 2.3593 5.32552 2.93402 2.22983 2.26255 2.09501 2.02281 1.71063 1.69736 1.57676 2.3191 1.56784 1.55961
threshold=6.6369600382642664e-05 1.0850000000000002 3.6650000000000005 0.41500000000000004 2.8650000000000007 0.00021627578868432511 2.0350000000000006 2.5950000000000002 4.6850000000000014 6.2345305175677088e-05 0.00069406867351463257 -1.5000000000000067 0.00025403779665125493 0.0035895062764245149 0.00018988680533926666 2.4750000000000005 -13.500000000000021
decision_type=2 2 2 2 2 2 2 2 2 2 2 2 2 2 2 2 2
left_child=7 -2 3 -3 13 9 -7 -1 -9 -6 12 -10 -8 16 -15 -11 -4
right_child=1 2 4 -5 5 6 10 8 11 15 -12 -13 -14 14 -16 -17 -18
leaf_value=0.0093247776584965848 -0.00047682277087507581 0.034352718368172649 0.013536813040263952 0.0048026723414659502 -0.0056753031301255133 0.031312306280489324 0.014986635389782134 -0.0043127566234956328 0.0072890628129243856 0.01018301729645048 0.022104419228331798 -0.0016228422153563727 -0.0051164350339344576 0.02427684288649332 0.0024592894418486236 0.0017669517132971023 0.00238804702467322
leaf_weight=35 522 20 32 20 49 27 21 1704 60 105 29 525 21 21 29 117 1591
leaf_count=35 522 20 32 20 49 27 21 1704 60 105 29 525 21 21 29 117 1591
internal_value=0 0.00308736 0.00398098 0.0195777 0.00367546 0.0072943 0.017283 -0.00320018 -0.00339169 0.00368214 0.0119479 -0.000708801 0.0049351 0.00287728 0.0116227 0.00574752 0.00260786
internal_weight=0 2604 2082 40 2042 369 98 2324 2289 271 71 585 42 1673 50 222 1623
internal_count=4928 2604 2082 40 2042 369 98 2324 2289 271 71 585 42 1673 50 222 1623
is_linear=0
shrinkage=0.05


Tree=3
num_leaves=18
num_cat=0
split_feature=1 3 5 15 2 3 5 5 0 2 2 8 0 14 2 19 17
split_gain=17.5257 2.99789 3.53418 2.12844 4.77201 2.64796 2.05539 1.97993 1.84575 1.82559 1.5494 1.54384 1.53187 1.41497 1.50016 1.40352 2.02558
threshold=6.6369600382642664e-05 1.0950000000000004 3.6650000000000005 2.8650000000000007 0.00021627578868432511 2.0350000000000006 2.5550000000000002 4.6850000000000014 6.2345305175677088e-05 0.00069406867351463257 6.9885063106335301e-05 -1.5000000000000067 0.00025403779665125493 2.4750000000000005 0.00014136923416541324 0.0052663790668910923 2.9999999999999951
decision_type=2 2 2 2 2 2 2 2 2 2 2 2 2 2 2 2 2
left_child=6 -2 -3 10 8 -6 -1 -8 -5 12 -4 -9 -7 -10 -15 16 -12
right_child=1 2 3 4 5 9 7 11 13 -11 15 -13 -14 14 -16 -17 -18
leaf_value=0.012170226567170837 -0.00039154118875588633 0.019551982581615449 -0.002833574271720389 -0.0053527369319150845 0.029746691661852377 0.014237303677059355 -0.0040414593020322784 0.0069246102124452596 0.0096738661328951529 0.020999197687568336 0.0028449137114174312 -0.0015416994321913948 -0.0048606133177166895 0.0050778145360392199 -0.0077514623682345121 -0.0002986529750413582 0.0077630271779671883
leaf_weight=22 538 35 115 48 27 21 1717 60 105 29 1042 525 21 86 31 244 262
leaf_count=22 538 35 115 48 27 21 1717 60 105 29 1042 525 21 86 31 244 262
internal_value=0 0.002933 0.00379873 0.00352725 0.00696812 0.0164189 -0.00304017 -0.00318553 0.00353786 0.0113505 0.00276583 -0.00067336 0.00468835 0.00546015 0.0016786 0.00318181 0.00383306
internal_weight=0 2604 2066 2031 368 98 2324 2302 270 71 1663 585 42 222 117 1548 1304
internal_count=4928 2604 2066 2031 368 98 2324 2302 270 71 1663 585 42 222 117 1548 1304
is_linear=0
shrinkage=0.05


Tree=4
num_leaves=18
num_cat=0
split_feature=1 3 15 22 2 8 18 1 20 14 0 3 17 21 19 10 2
split_gain=15.817 2.70729 1.94045 1.72234 2.37493 1.67694 1.51188 1.8102 2.33355 1.61077 2.43217 1.94068 1.55622 1.54745 1.50054 1.385 1.3657
threshold=6.6369600382642664e-05 1.0850000000000002 3.5650000000000004 0.0035895062764245149 0.00018988680533926666 -4.7499999999999867 -0.046182392313505342 0.00021265163526560732 -0.009912748573715156 1.7450000000000003 0.00027221972456570873 1.5050000000000001 -1.4999999999999789 -0.0027015007005442011 -0.0045134690313841088 2.0000000000000244 0.00045753307835964309
decision_type=2 2 2 2 2 2 2 2 2 2 2 2 2 2 2 2 2
left_child=-1 -2 3 5 -5 15 -7 -8 -9 11 12 13 -11 -10 -13 16 -3
right_child=1 2 -4 4 -6 6 7 8 9 10 -12 14 -14 -15 -16 -17 -18
leaf_value=-0.0028881625581705841 -0.00043340481503713183 0.0036912226167164354 0.016910546135019373 0.022738368229733574 0.0021316631086941424 0.00019054291875454305 0.0023432786043988941 0.01881428323686123 0.019806510922701463 0.0283640405908227 0.0045372226963872496 0.0078806904119414264 0.011209306942346769 0.0040854313391812001 -0.0037078564365704858 0.018137403471129281 0.017047687425561574
leaf_weight=2324 522 114 27 27 29 441 962 34 23 20 115 37 39 49 114 28 23
leaf_count=2324 522 114 27 27 29 441 962 34 23 20 115 37 39 49 114 28 23
internal_value=0 0.00278635 0.0035936 0.00341864 0.012067 0.00317636 0.00274198 0.00354973 0.00624254 0.00516587 0.0087714 0.00235258 0.0170245 0.00910744 -0.000868279 0.00800451 0.00593355
internal_weight=0 2604 2082 2055 56 1999 1834 1393 431 397 174 223 59 72 151 165 137
internal_count=4928 2604 2082 2055 56 1999 1834 1393 431 397 174 223 59 72 151 165 137
is_linear=0
shrinkage=0.05


Tree=5
num_leaves=18
num_cat=0
split_feature=2 3 14 7 5 22 2 5 13 3 18 22 3 1 7 3 3
split_gain=12.945 2.49487 3.15052 3.31026 2.73642 2.27383 1.66455 1.7338 1.49423 1.98212 1.46602 1.38852 3.05339 2.26171 1.35998 1.23077 2.78748
threshold=6.9885063106335301e-05 1.5450000000000002 0.40500000000000008 0.031323847981277748 7.6550000000000011 0.0017105478139812782 0.00039476482329121225 7.1150000000000011 2.9999999999999862 1.7750000000000001 0.094581221497405568 -0.00013231632441496052 1.1150000000000004 9.6680824288813505e-05 0.020803947397006421 5.9650000000000007 3.8450000000000002
decision_type=2 2 2 2 2 2 2 2 2 2 2 2 2 2 2 2 2
left_child=-1 2 3 5 11 -2 8 -8 10 14 -3 12 13 -4 -10 16 -9
right_child=1 6 4 -5 -6 -7 7 15 9 -11 -12 -13 -14 -15 -16 -17 -18
leaf_value=-0.0027438881614484296 0.001239220450402862 0.0044853679067085655 0.021558137037433114 0.014386280737817288 0.011142146625579934 0.011679669652591672 0.020709492266178131 0.0021464894037871137 -0.00042938841161904511 -0.0049838336805502577 -0.0030824557054733885 -0.0040329921903593515 -0.0036417713789182286 0.001704447134397924 0.016317762976342982 -0.0028432238598664603 0.015764184745357318
leaf_weight=2254 613 882 26 60 39 57 24 84 27 111 69 428 107 32 22 30 68
leaf_count=2254 613 882 26 60 39 57 24 84 27 111 69 428 107 32 22 30 68
internal_value=0 0.0023979 0.00089748 0.00313501 -0.00168701 0.00212744 0.00394958 0.00807767 0.00318416 -0.0012863 0.00393628 -0.00253075 0.00136597 0.0106044 0.00708974 0.00641194 0.00823862
internal_weight=0 2679 1362 730 632 670 1317 206 1111 160 951 593 165 58 49 182 152
internal_count=4933 2679 1362 730 632 670 1317 206 1111 160 951 593 165 58 49 182 152
is_linear=0
shrinkage=0.05


Tree=6
num_leaves=18
num_cat=0
split_feature=2 3 3 3 5 8 2 3 6 22 5 14 15 3 7 22 5
split_gain=11.6829 2.25239 2.15219 2.66807 2.89326 2.2207 2.41697 2.91237 2.28794 1.81353 1.78451 3.02408 3.17446 2.98622 2.51357 2.49218 2.48273
threshold=6.9885063106335301e-05 3.1350000000000002 2.6150000000000007 1.9950000000000003 6.1350000000000007 -4.9999999999999902 0.00021139250230451601 2.2750000000000004 5.9999999999999174 -0.00064421414661475207 6.9350000000000014 0.40500000000000008 1.8950000000000002 1.8050000000000004 0.031323847981277748 -0.00013231632441496052 8.3150000000000031
decision_type=2 2 2 2 2 2 2 2 2 2 2 2 2 2 2 2 2
left_child=-1 2 3 10 -5 -6 9 8 -8 -7 11 12 14 16 -2 -13 -12
right_child=1 -3 -4 4 5 6 7 -9 -10 -11 13 15 -14 -15 -16 -17 -18
leaf_value=-0.0026066939220057198 0.0015819971984688272 0.0081893513126200749 -0.0055845179554560916 0.023696311495520855 0.019359622359275821 0.013348298839160375 0.020719789456237449 0.0016863020909268682 0.0019398307994655942 -0.0023870504142104332 0.010199889831244946 0.0025373206793197563 0.021665809811516244 -0.00091957219895100444 0.011553343039923822 -0.0032382821640972574 -0.00500714490490575
leaf_weight=2254 752 152 92 22 25 21 55 82 23 143 200 280 22 149 69 561 31
leaf_count=2254 752 152 92 22 25 21 55 82 23 143 200 280 22 149 69 561 31
internal_value=0 0.002278 0.00192243 0.00220606 0.00610986 0.00500125 0.00389336 0.00826551 0.0151821 -0.000372158 0.00150436 0.000805976 0.00292229 0.00459932 0.00242003 -0.00131537 0.00815912
internal_weight=0 2679 2527 2435 371 349 324 160 78 164 2064 1684 843 380 821 841 231
internal_count=4933 2679 2527 2435 371 349 324 160 78 164 2064 1684 843 380 821 841 231
is_linear=0
shrinkage=0.05


Tree=7
num_leaves=18
num_cat=0
split_feature=2 3 15 17 7 14 17 2 5 15 3 14 2 6 18 14 14
split_gain=10.5438 2.08431 2.65399 1.44667 1.42782 2.6599 1.39988 1.37583 1.55513 1.39804 1.77442 2.86122 2.49735 1.34309 1.34788 1.47746 2.0684
threshold=6.9885063106335301e-05 1.5450000000000002 2.5725000000000002 -6.9999999999999885 0.031323847981277748 0.17500000000000002 5.0000000000000018 0.00039476482329121225 7.1150000000000011 2.1225000000000005 5.9650000000000007 1.8425000000000002 0.00089651303903960275 -8.2500000000000888 0.086371938887032443 0.47500000000000003 1.2350000000000001
decision_type=2 2 2 2 2 2 2 2 2 2 2 2 2 2 2 2 2
left_child=-1 2 3 -2 6 -6 -5 13 -9 -10 11 -11 -13 -3 15 -15 -17
right_child=1 7 -4 4 5 -7 -8 8 9 10 -12 12 -14 14 -16 16 -18
leaf_value=-0.0024763593223762386 0.012312933032711347 -0.00082381104677915578 -0.0064410201595004272 0.00028180371334426925 0.020337080044878855 0.0019347634321699543 0.0083930868655443195 0.019298690712700288 -0.0024989035725593569 0.028071814291179182 -0.0029493535130188384 0.0026646581334127508 0.021944814751094041 -0.00049207238341445359 -0.0023335614374705724 0.011123684272775805 0.0039743854981242567
leaf_weight=2254 30 200 116 1061 27 72 56 24 40 20 29 71 22 134 84 123 570
leaf_count=2254 30 200 116 1061 27 72 56 24 40 20 29 71 22 134 84 123 570
internal_value=0 0.0021641 0.000792688 0.00146613 0.00119853 0.00695358 0.000688457 0.00358238 0.00733541 0.00575783 0.00808367 0.0109152 0.00722556 0.00288649 0.00370105 0.004314 0.00524331
internal_weight=0 2679 1362 1246 1216 99 1117 1317 206 182 142 113 93 1111 911 827 693
internal_count=4933 2679 1362 1246 1216 99 1117 1317 206 182 142 113 93 1111 911 827 693
is_linear=0
shrinkage=0.05


Tree=8
num_leaves=18
num_cat=0
split_feature=2 3 14 15 7 5 15 14 18 13 17 3 5 17 20 16 21
split_gain=9.51579 1.88109 2.4925 2.80461 2.69453 2.27054 1.501 1.41102 1.32524 1.62514 1.29342 1.75255 2.33471 1.57797 1.26704 1.22947 1.30776
threshold=6.9885063106335301e-05 1.5450000000000002 0.40500000000000008 1.8950000000000002 0.031323847981277748 7.6550000000000011 -0.094999999999999987 -0.38499999999999995 -0.11585616443364775 2.9999999999999862 -0.99999999999999656 1.9950000000000003 7.0250000000000012 0.41666666666666524 -0.0011748388754058701 -6.0000000000000027 -0.0080563008475632563
decision_type=2 2 2 2 2 2 2 2 2 2 2 2 2 2 2 2 2
left_child=-1 2 3 4 6 -4 -2 -8 -3 10 -10 -12 14 -14 -13 -9 -17
right_child=1 8 5 -5 -6 -7 7 15 9 -11 11 12 13 -15 -16 16 -18
leaf_value=-0.0023525410901156802 -0.0045440748730238454 0.012604934977073419 -0.0023143154705606065 0.02032451162284071 0.01282540261745453 0.010140377283096315 0.014999624341726303 -0.0041967702777804556 0.0019278421371924778 -0.0010979506365684647 0.0031417277965987665 0.027844136580824852 0.015145922261170853 0.0039430991505031232 0.011895205261129322 0.014934784706149782 0.0021650514218527362
leaf_weight=2254 94 38 593 22 55 39 21 74 476 193 356 20 39 162 33 21 443
leaf_count=2254 94 38 593 22 55 39 21 74 476 193 356 20 39 162 33 21 443
internal_value=0 0.0020559 0.000753053 0.00274325 0.00219694 -0.00154575 0.00130174 0.00228476 0.00340326 0.00312987 0.00388122 0.0054055 0.00857834 0.00611678 0.0179137 0.00178845 0.00274299
internal_weight=0 2679 1362 730 708 632 653 559 1317 1279 1086 610 254 201 53 538 464
internal_count=4933 2679 1362 730 708 632 653 559 1317 1279 1086 610 254 201 53 538 464
is_linear=0
shrinkage=0.05


Tree=9
num_leaves=18
num_cat=0
split_feature=1 3 5 14 2 3 5 5 14 15 3 11 22 22 22 20 7
split_gain=8.69513 2.48778 2.53788 1.78043 1.63096 1.53118 2.014 1.37126 1.49989 1.54063 2.99372 1.56561 1.35476 1.70313 1.69335 1.24895 1.95174
threshold=6.7347510763796211e-05 1.0750000000000004 3.6850000000000005 0.41500000000000004 0.00039476482329121225 1.9150000000000003 6.1350000000000007 2.5550000000000002 0.15500000000000003 0.10500000000000002 0.7350000000000001 -1.0000000180025095e-35 0.0035895062764245149 0.0050847306972015014 0.00067867136833799091 -0.0032874218221030089 -0.042316785757303514
decision_type=2 2 2 2 2 2 2 2 2 2 2 2 2 2 2 2 2
left_child=5 7 3 -3 12 -1 -7 -2 9 -9 -11 -12 14 -14 -4 16 -6
right_child=1 2 4 -5 15 6 -8 8 -10 10 11 -13 13 -15 -16 -17 -18
leaf_value=-0.0023978518253914526 0.011385478398629599 0.021601530710856121 0.0023497585146787649 0.0035346466302871708 0.01373339705169201 0.017637774822386831 -0.0006313244346529246 -0.0075535226613283159 -0.0031435002679059613 -0.0036862668153401969 0.02548274812953813 0.0067887302798529461 0.01931758835911751 0.00046460933011511097 -0.0023870398797268093 0.0089884863917235359 -0.0039342627343204291
leaf_weight=2267 21 30 1541 25 22 22 48 24 377 37 21 24 25 23 215 157 54
leaf_count=2267 21 30 1541 25 22 22 48 24 377 37 21 24 25 23 215 157 54
internal_value=0 0.00203123 0.00279096 0.0133893 0.00250479 -0.00217296 0.00511039 -0.00112225 -0.00166606 0.00358859 0.0068497 0.0155126 0.00199634 0.0102839 0.0017698 0.00644153 0.00118006
internal_weight=0 2596 2092 55 2037 2337 70 504 483 106 82 45 1804 48 1756 233 76
internal_count=4933 2596 2092 55 2037 2337 70 504 483 106 82 45 1804 48 1756 233 76
is_linear=0
shrinkage=0.05


Tree=10
num_leaves=18
num_cat=0
split_feature=1 15 2 3 0 21 22 10 10 9 21 11 3 1 15 20 16
split_gain=9.40646 2.29651 3.49464 2.62343 1.63972 1.47261 1.35269 1.27608 1.28609 2.10959 3.46897 1.49669 1.20127 2.54775 1.31941 1.2801 1.22616
threshold=6.6369600382642664e-05 2.8650000000000007 0.00021627578868432511 2.0350000000000006 6.2345305175677088e-05 0.0051883625306330403 -7.3894284275399777e-05 -13.500000000000021 5.0000000000000169 8.9999999999999929 -0.0033893606252552995 5.0000000000000169 1.8350000000000002 0.00015099753340357952 3.3550000000000004 -0.00024299916325393187 0.58333333333335802
decision_type=2 2 2 2 2 2 2 2 2 2 2 2 2 2 2 2 2
left_child=-1 7 4 -4 -3 6 -5 -2 -9 10 11 -10 13 14 15 16 -6
right_child=1 2 3 5 12 -7 -8 8 9 -11 -12 -13 -14 -15 -16 -17 -18
leaf_value=-0.0022228961467435152 0.010498164766109907 -0.0047417938443166871 0.027134138180149925 0.023325405127945401 0.013447850424310435 -0.0015792037805785306 0.0064054648081461598 0.00083105257811228795 0.027335145842769873 -0.00054794407564483282 0.0032122847660408394 0.01125331780849359 0.00062068148393823648 0.020717695901791258 0.012402209933056976 -0.0085212856531143195 -0.0032628924009345827
leaf_weight=2324 39 56 27 21 23 23 27 1817 23 146 154 39 99 30 33 26 21
leaf_count=2324 39 56 27 21 23 23 27 1817 23 146 154 39 99 30 33 26 21
internal_value=0 0.00215313 0.00571248 0.0138682 0.00293728 0.00882337 0.0138079 0.00153369 0.00137325 0.0040947 0.00723278 0.0172192 0.00479085 0.00789496 0.00416019 0.000274663 0.00547227
internal_weight=0 2604 386 98 288 71 48 2218 2179 362 216 62 232 133 103 70 44
internal_count=4928 2604 386 98 288 71 48 2218 2179 362 216 62 232 133 103 70 44
is_linear=0
shrinkage=0.05


Tree=11
num_leaves=18
num_cat=0
split_feature=1 15 5 5 3 5 8 5 18 9 21 22 15 6 15 15 14
split_gain=8.48933 2.1392 1.82601 1.58903 1.51629 2.92832 1.38426 1.2591 1.19815 1.72129 1.61226 1.27528 1.23996 1.10331 2.28915 1.07675 2.02777
threshold=6.6369600382642664e-05 3.5650000000000004 2.5950000000000002 4.6850000000000014 1.0950000000000004 3.6650000000000005 -1.5000000000000067 2.5950000000000002 -0.042190537529041831 -15.000000000000002 0.005482927168502961 -0.0014741023275051111 3.3350000000000004 6.9999999999999627 1.1650000000000003 1.6250000000000002 1.4950000000000003
decision_type=2 2 2 2 2 2 2 2 2 2 2 2 2 2 2 2 2
left_child=2 4 -1 -4 7 -6 -5 -2 10 -10 11 -7 -13 15 -15 -9 -17
right_child=1 -3 3 6 5 8 -8 13 9 -11 -12 12 -14 14 -16 16 -18
leaf_value=0.0091302670387285092 0.0097564157896808217 0.015633334148143021 -0.003026378761511296 0.007086318871378899 0.016687932824875629 0.010451529153968606 -0.00085032784408756656 -0.0026190147497178874 0.017028738572129182 0.0027560302002979722 -0.0061769153956414725 -3.9439477736041664e-05 0.012607637692429128 0.018876551800221204 -0.0033985550847764204 0.017324627139419319 -0.0025389481104691239
leaf_weight=35 28 28 1704 60 35 35 525 409 21 1468 82 378 20 20 26 20 34
leaf_count=35 28 28 1704 60 35 35 525 409 21 1468 82 378 20 20 26 20 34
internal_value=0 0.00202502 -0.00209063 -0.00226221 0.0018771 0.00249342 -3.63128e-05 -0.000463055 0.00224551 0.00295732 0.000187458 0.00139272 0.000596092 -0.00102523 0.00628627 -0.00175164 0.00481793
internal_weight=0 2604 2324 2289 2576 2039 585 537 2004 1489 515 433 398 509 46 463 54
internal_count=4928 2604 2324 2289 2576 2039 585 537 2004 1489 515 433 398 509 46 463 54
is_linear=0
shrinkage=0.0495


Tree=12
num_leaves=18
num_cat=0
split_feature=0 15 2 3 14 15 3 3 9 3 8 1 8 2 2 15 2
split_gain=7.87498 2.66961 2.34987 2.70834 1.87865 2.21542 3.21009 2.01788 2.51198 1.68255 1.72604 2.01814 2.26008 1.92269 1.52572 1.95705 1.49982
threshold=6.3268634903891686e-05 2.8650000000000007 0.00021627578868432511 2.0350000000000006 0.37500000000000006 1.155 1.4350000000000003 1.405 4.7499999999999885 1.4950000000000003 6.9999999999999902 0.0005691685285342925 -1.8333333333333088 0.00013334358140199411 9.4544540028973465e-05 0.42500000000000004 0.00069406867351463257
decision_type=2 2 2 2 2 2 2 2 2 2 2 2 2 2 2 2 2
left_child=-1 4 -3 -4 5 7 -7 -2 14 -6 11 12 13 -11 -9 -16 -5
right_child=1 2 3 16 9 6 -8 8 -10 10 -12 -13 -14 -15 15 -17 -18
leaf_value=-0.0018750635939833637 0.0005400736706699115 0.0035840355303123589 0.02636951855877042 0.0015463615494548549 -0.0019117607660446849 0.016295635982378154 -0.0050497741195624285 0.016093028489392251 0.016026865240386403 0.016171593388984246 0.012636016583293675 -0.0056595314066996286 0.00050433979539828892 0.0040021329934895036 -0.00091836795173585409 0.014142682589775324 0.016108282772883259
leaf_weight=2470 467 275 25 41 525 64 23 20 49 42 33 91 507 121 121 25 29
leaf_count=2470 467 275 25 41 525 64 23 20 49 42 33 91 507 121 121 25 29
internal_value=0 0.00204291 0.00587943 0.012524 0.00136306 0.00328818 0.0106526 0.00234873 0.00627731 0.000240684 0.0016639 0.00118811 0.00211816 0.00713782 0.00339943 0.00166058 0.00757916
internal_weight=0 2458 370 95 2088 769 87 682 215 1319 794 761 670 163 166 146 70
internal_count=4928 2458 370 95 2088 769 87 682 215 1319 794 761 670 163 166 146 70
is_linear=0
shrinkage=0.049005


Tree=13
num_leaves=18
num_cat=0
split_feature=0 15 2 3 5 14 15 6 14 2 5 3 16 1 8 2 5
split_gain=7.12206 2.41437 2.12521 2.4494 1.99589 1.69904 2.02682 1.66809 1.64205 1.74166 2.55654 1.52168 1.69623 2.55873 1.71673 1.81995 1.50221
threshold=6.3268634903891686e-05 2.8650000000000007 0.00021627578868432511 2.0350000000000006 4.6850000000000014 0.37500000000000006 1.7150000000000001 -16.000000000000053 2.6050000000000004 2.6637714465495558e-05 5.0250000000000012 1.4950000000000003 -12.999999999999993 0.0005691685285342925 -1.8333333333333088 0.00013334358140199411 2.5950000000000002
decision_type=2 2 2 2 2 2 2 2 2 2 2 2 2 2 2 2 2
left_child=4 5 -3 -4 -1 6 7 -2 9 10 -6 -7 -13 14 15 -14 -9
right_child=1 2 3 -5 8 11 -8 16 -10 -11 -12 12 13 -15 -16 -17 -18
leaf_value=-0.0026334851132941411 0.015995346098427423 0.0033743158666936757 0.024826507523869872 0.0071356636125506252 0.021083483630702018 -0.0017998941266433681 0.013871556803428496 0.014903079093950987 -0.005264698553844936 0.00055426728513035411 0.00023161400416289127 0.014549404266926323 0.015225313272345171 -0.006708574603069721 0.00081780909003980435 0.0034912832288522644 0.0017308031344697653
leaf_weight=1769 21 275 25 70 25 525 39 21 102 543 31 23 42 86 523 120 688
leaf_count=1769 21 275 25 70 25 525 39 21 102 543 31 23 42 86 523 120 688
internal_value=0 0.00192337 0.00553539 0.0117911 -0.00176534 0.0012833 0.00309577 0.00252008 0.000425442 0.00139438 0.00954048 0.0002266 0.00156654 0.00117924 0.00216953 0.00653344 0.00212096
internal_weight=0 2458 370 95 2470 2088 769 730 701 599 56 1319 794 771 685 162 709
internal_count=4928 2458 370 95 2470 2088 769 730 701 599 56 1319 794 771 685 162 709
is_linear=0
shrinkage=0.048515


Tree=14
num_leaves=18
num_cat=0
split_feature=1 15 5 5 3 5 3 2 15 17 6 6 15 2 2 1 16
split_gain=6.51141 1.84681 1.6761 1.29107 1.7067 2.52841 2.00217 2.14664 2.57269 1.68379 1.58237 1.5624 1.63815 2.70874 1.51005 1.97603 2.32501
threshold=6.6369600382642664e-05 3.5650000000000004 2.5550000000000002 6.4850000000000012 1.885 8.2650000000000023 1.6650000000000003 0.00015767147851181225 1.6650000000000003 -2.5000000000000004 -5.9999999999999822 6.9999999999998961 0.94500000000000006 0.00014460656209364887 0.00023094253407232539 0.00037856828575807277 -13.00000000000002
decision_type=2 2 2 2 2 2 2 2 2 2 2 2 2 2 2 2 2
left_child=2 3 -1 9 5 6 7 8 -5 10 -2 -11 13 -13 -6 -16 -17
right_child=1 -3 -4 4 14 -7 -8 -9 -10 11 -12 12 -14 -15 15 16 -18
leaf_value=0.011416384858714421 0.012124648612122532 0.01398815494308117 -0.0019039584850493508 0.021897226917335991 -0.0011476334947111485 -0.0019859985750557501 0.011425271119635868 -0.0064631105286565666 0.0017414919839772451 -0.00071147533193452234 0.0024926700415608552 0.018188546899267254 -0.0011548800960842322 0.002338422813151538 0.0080115481498380468 0.016199570090170114 -0.0010254823259433876
leaf_weight=22 46 28 2302 21 278 76 156 37 48 1102 272 38 82 72 140 20 188
leaf_count=22 46 28 2302 21 278 76 156 37 48 1102 272 38 82 72 140 20 188
internal_value=0 0.00171954 -0.00177786 0.00158618 0.00297664 0.00572694 0.00796428 0.00287074 0.00787585 0.000754668 0.00388598 -1.48491e-05 0.0039835 0.00781392 0.00149165 0.00360005 0.000630773
internal_weight=0 2604 2324 2576 964 338 262 106 69 1612 318 1294 192 110 626 348 208
internal_count=4928 2604 2324 2576 964 338 262 106 69 1612 318 1294 192 110 626 348 208
is_linear=0
shrinkage=0.0480298


Tree=15
num_leaves=18
num_cat=0
split_feature=2 2 22 3 21 5 20 17 7 0 3 22 10 9 7 20 18
split_gain=5.05365 1.50365 1.47652 1.34434 1.39669 1.28589 1.21278 1.77207 1.55118 1.33228 1.40855 1.17505 1.17042 1.57537 2.05749 1.17674 1.48906
threshold=6.9885063106335301e-05 0.00039476482329121225 0.0035895062764245149 0.56500000000000006 -0.013859069654226562 2.9850000000000008 -0.0032874218221030089 5.9999999999999725 -0.042316785757303514 0.00034881153411138531 1.655 0.00067867136833799091 9.2500000000000266 6.0000000000000284 0.0049989691773618681 0.00055617490724724228 -0.10752335776564963
decision_type=2 2 2 2 2 2 2 2 2 2 2 2 2 2 2 2 2
left_child=-1 2 3 -2 -5 -6 8 9 -3 10 -8 12 13 15 -15 16 -7
right_child=1 6 -4 4 5 11 7 -9 -10 -11 -12 -13 -14 14 -16 -17 -18
leaf_value=-0.0016464303405313194 0.01205592656046474 0.010797122683034862 0.0082926627749722176 0.012952469427300743 -0.003733570408115752 0.014227703248026297 0.003781871131709847 0.018894865998197365 -0.0040670905111049368 0.0021961335339825525 0.020998386270307427 -0.0020989372797161135 -0.0036582173676483862 0.0010127439821341587 0.012817803158280796 -0.00027256468714715985 0.0019847910965703087
leaf_weight=2254 24 22 62 21 143 23 22 25 57 101 21 257 101 71 63 707 959
leaf_count=2254 24 22 62 21 143 23 22 25 57 101 21 257 101 71 63 707 959
internal_value=0 0.00140878 0.00104897 0.000859397 0.000744806 0.000634496 0.00493573 0.00720916 7.23106e-05 0.00518039 0.0121899 0.000920893 0.00132427 0.00160032 0.00656288 0.0012066 0.00227154
internal_weight=0 2679 2431 2369 2345 2324 248 169 79 144 43 2181 1924 1823 134 1689 982
internal_count=4933 2679 2431 2369 2345 2324 248 169 79 144 43 2181 1924 1823 134 1689 982
is_linear=0
shrinkage=0.0475495


Tree=16
num_leaves=18
num_cat=0
split_feature=2 3 3 14 0 3 3 5 14 22 2 13 21 10 2 18 2
split_gain=4.58448 1.37264 2.19164 1.42741 1.23402 1.14866 1.36544 1.17453 1.15543 1.09468 1.38681 1.32664 1.41186 1.49358 1.85412 2.00419 1.52634
threshold=6.9885063106335301e-05 4.4250000000000007 5.9650000000000007 1.8650000000000004 0.0007605480737970299 0.56500000000000006 0.92500000000000016 3.3150000000000004 0.40500000000000008 0.0035895062764245149 0.00018988680533926666 2.5000000000000249 0.0069437712973388086 4.2499999999999991 0.00018988680533926666 -0.018247784077446757 0.00014460656209364887
decision_type=2 2 2 2 2 2 2 2 2 2 2 2 2 2 2 2 2
left_child=-1 5 3 -3 -5 -2 -7 8 -8 11 -11 12 13 16 -15 -16 -9
right_child=1 2 -4 4 -6 6 7 9 -10 10 -12 -13 -14 14 15 -17 -18
leaf_value=-0.0015524617606458831 0.011367846411581672 0.02187777078229439 -0.003956032226438623 0.00013574634264983495 0.014806086739322268 -0.0021058670934572302 0.0015671741270570226 0.0021765339321673468 0.017004294941634492 0.013850176848813376 0.00030356396826868248 -0.0017875942381196804 0.0059705633977659885 0.0012032369780110503 0.0036105762628692063 0.016800268381966802 -0.0008795068844536059
leaf_weight=2254 24 20 30 27 24 276 22 691 21 34 33 309 147 156 59 45 761
leaf_count=2254 24 20 30 27 24 276 22 691 21 34 33 309 147 156 59 45 761
internal_value=0 0.00132837 0.00671174 0.0112192 0.00703944 0.00111747 0.00102114 0.00140001 0.00910623 0.00125175 0.00717796 0.0010686 0.00154335 0.00116321 0.004449 0.00931765 0.000574849
internal_weight=0 2679 101 71 51 2578 2554 2278 43 2235 67 2168 1859 1712 260 104 1452
internal_count=4933 2679 101 71 51 2578 2554 2278 43 2235 67 2168 1859 1712 260 104 1452
is_linear=0
shrinkage=0.047074


Tree=17
num_leaves=18
num_cat=0
split_feature=2 2 22 3 2 3 21 3 20 17 7 7 22 13 21 3 3
split_gain=4.16302 1.28917 1.21622 1.18646 1.1599 1.10885 1.22929 1.10326 1.09741 1.58863 1.36271 1.29836 1.08835 1.06172 1.31613 1.36308 1.94053
threshold=6.9885063106335301e-05 0.00039476482329121225 0.0035895062764245149 1.3050000000000004 0.00018988680533926666 0.56500000000000006 -0.013859069654226562 0.7350000000000001 -0.0032874218221030089 5.9999999999999725 -0.042316785757303514 0.010610694930594302 0.00067867136833799091 2.5000000000000249 0.0069437712973388086 1.4850000000000001 1.2350000000000001
decision_type=2 2 2 2 2 2 2 2 2 2 2 2 2 2 2 2 2
left_child=-1 2 5 -4 -5 -2 -7 -8 10 11 -3 -10 13 14 15 16 -9
right_child=1 8 3 4 -6 6 7 12 9 -11 -12 -13 -14 -15 -16 -17 -18
leaf_value=-0.0014645873288844089 0.010724389182021668 0.0097718120190616892 -0.0016379392256086643 0.019633568212411238 0.0039518326190315298 0.011880873512930093 -0.0030258342429058324 0.0015772192081998982 0.008377627338496705 0.017417644717562918 -0.0038828879888365649 -0.00062066052381053584 -0.0019969733277665856 -0.0015740548306547495 0.0061447034458224437 0.0025326946003903432 -0.0036471625261341109
leaf_weight=2254 24 22 21 21 20 21 173 433 85 25 57 59 258 254 131 835 240
leaf_count=2254 24 22 21 21 20 21 173 433 85 25 57 59 258 254 131 835 240
internal_value=0 0.00125318 0.000926657 0.00737008 0.0119839 0.000758024 0.000656023 0.000554593 0.00445393 0.00657349 -8.03133e-05 0.00469083 0.000842559 0.00122956 0.00166405 0.00127481 -0.000285859
internal_weight=0 2679 2431 62 41 2369 2345 2324 248 169 79 144 2151 1893 1639 1508 673
internal_count=4933 2679 2431 62 41 2369 2345 2324 248 169 79 144 2151 1893 1639 1508 673
is_linear=0
shrinkage=0.0466033


Tree=18
num_leaves=18
num_cat=0
split_feature=2 2 22 18 7 5 5 22 9 22 22 20 0 11 11 21 14
split_gain=3.78404 1.17181 1.1055 1.01582 1.33588 0.964601 1.0197 0.980203 1.07084 0.943631 0.943586 1.89043 1.10189 0.939802 1.06896 1.59065 1.25748
threshold=6.9885063106335301e-05 0.00039476482329121225 0.0035895062764245149 -0.11198602361778791 0.0010990157281460802 2.5950000000000002 2.9850000000000008 0.00067867136833799091 14.000000000000009 0.0050847306972015014 -0.00040245039756725548 -0.0040375742691806096 0.0004085334606998964 -4.2499999999999973 -2.500000000000024 0.0061114807886965003 2.2050000000000005
decision_type=2 2 2 2 2 2 2 2 2 2 2 2 2 2 2 2 2
left_child=-1 2 5 -3 10 -2 -7 8 13 -4 -5 -12 -13 -8 15 -15 -16
right_child=1 3 9 4 -6 6 7 -9 -10 -11 11 12 -14 14 16 -17 -18
leaf_value=-0.0013823695161952548 0.0092281150846609591 0.013667940751722889 0.011177564142505762 0.015831107675016835 -0.00039240600634438697 -0.003204319301463119 -0.00079917724683129703 -0.001803764756769488 -0.0063550289709979526 -0.00071860573544238709 -0.0032006714469923628 0.017608212304387444 0.0047729063933202925 0.0034413925225313079 0.0019980006677677506 0.015979467446014309 -0.0017561513105667384
leaf_weight=2254 28 22 40 20 109 140 348 260 39 22 38 24 35 210 1090 24 230
leaf_count=2254 28 22 40 20 109 140 348 260 39 22 38 24 35 210 1090 24 230
internal_value=0 0.00118283 0.000874637 0.0042039 0.00328262 0.00071547 0.000613653 0.000856505 0.00121285 0.00695634 0.00670637 0.00482498 0.00999405 0.00136803 0.00185335 0.00472735 0.00134387
internal_weight=0 2679 2431 248 226 2369 2341 2201 1941 62 117 97 59 1902 1554 234 1320
internal_count=4933 2679 2431 248 226 2369 2341 2201 1941 62 117 97 59 1902 1554 234 1320
is_linear=0
shrinkage=0.0461372


Tree=19
num_leaves=18
num_cat=0
split_feature=2 3 5 3 5 6 2 5 20 10 14 13 17 17 3 8 22
split_gain=3.44293 1.1323 2.81669 1.82679 2.62137 2.04657 1.84968 2.26033 1.55288 2.15753 1.50404 1.40181 1.40939 1.74857 1.6623 1.54718 1.24426
threshold=6.9885063106335301e-05 1.9950000000000003 6.1350000000000007 1.8050000000000004 6.9350000000000014 8.7499999999999929 0.00022520425748149455 8.3150000000000031 -0.0019814472434987458 3.9999999999999871 2.5650000000000004 2.9999999999999862 -0.99999999999998412 0.41666666666666524 2.3650000000000007 -2.9999999999999853 -1.2080285578475179e-05
decision_type=2 2 2 2 2 2 2 2 2 2 2 2 2 2 2 2 2
left_child=-1 3 -3 4 -2 6 7 8 16 -10 11 12 -4 -14 -15 -16 -6
right_child=1 2 10 -5 5 -7 -8 -9 9 -11 -12 -13 13 14 15 -17 -18
leaf_value=-0.0013054048462064957 0.00044329898874669016 0.018885758330532031 0.0012149414034014717 -0.0030811753617486586 0.010161493499719287 -0.004037751160358735 -0.0017790324120441326 -0.0038760112232020527 0.0038220894560080402 0.01946089751587907 -0.0061985949986796711 -0.0014753897170199772 0.014243520550617653 0.0095210157350765386 0.0090778760635461444 -0.0027663338742401036 0.025315234116071963
leaf_weight=2254 1586 22 195 247 20 38 36 22 63 26 41 121 48 79 33 76 26
leaf_count=2254 1586 22 195 247 20 38 36 22 63 26 41 121 48 79 33 76 26
internal_value=0 0.00111698 0.00283726 0.000604395 0.00110541 0.00565129 0.00755898 0.00970018 0.0119126 0.00839073 0.00224187 0.00286878 0.00408838 0.00646262 0.004476 0.000819528 0.0187267
internal_weight=0 2679 615 2064 1817 231 193 157 135 89 593 552 431 236 188 109 46
internal_count=4933 2679 615 2064 1817 231 193 157 135 89 593 552 431 236 188 109 46
is_linear=0
shrinkage=0.0456759


Tree=20
num_leaves=18
num_cat=0
split_feature=0 15 2 0 0 14 15 3 6 3 19 9 3 18 1 3 2
split_gain=4.60114 2.07857 1.70861 1.93116 1.64922 1.50338 1.84944 2.82787 1.60454 1.507 2.23611 1.68811 1.62254 1.22537 1.32245 1.32535 1.25736
threshold=6.3268634903891686e-05 2.8650000000000007 0.0001838916887226622 0.00016556762418077169 0.00058702608641030658 0.37500000000000006 1.155 1.4350000000000003 16.499999999999986 1.405 0.00084988589372825285 6.0000000000000036 1.5150000000000003 -0.021381420508073064 4.4066604590088728e-05 1.4950000000000003 0.00069406867351463257
decision_type=2 2 2 2 2 2 2 2 2 2 2 2 2 2 2 2 2
left_child=-1 5 -3 -4 -5 6 8 -8 9 -2 11 -11 -12 -7 -15 -16 -17
right_child=1 2 3 4 -6 13 7 -9 -10 10 12 -13 -14 14 15 16 -18
leaf_value=-0.0014590251975153622 -0.00022325815653407969 0.0026529214748366161 0.021966645895288545 0.0013896539428476561 0.01474567345882717 -0.001814123828496252 0.015010916162282228 -0.0054302567697089655 0.01358679769826787 0.0060545576851309089 0.011249241836014249 0.020112612303988687 -0.004650793421794387 0.012577944129705429 -0.0018292889920293643 0.0033637226516582881 -0.0059184828028082852
leaf_weight=2470 455 247 26 59 38 560 64 23 28 81 21 29 68 25 279 415 40
leaf_count=2470 455 247 26 59 38 560 64 23 28 81 21 29 68 25 279 415 40
internal_value=0 0.00159659 0.00505062 0.00986551 0.00662191 0.000984525 0.00274163 0.00960693 0.00186585 0.00136404 0.00499329 0.00976077 -0.0008991 -3.9899e-05 0.00126915 0.00088397 0.0025477
internal_weight=0 2458 370 123 97 2088 769 87 682 654 199 110 89 1319 759 734 455
internal_count=4928 2458 370 123 97 2088 769 87 682 654 199 110 89 1319 759 734 455
is_linear=0
shrinkage=0.05


Tree=21
num_leaves=18
num_cat=0
split_feature=0 5 8 14 10 3 14 5 18 5 2 18 8 9 5 3 3
split_gain=4.15253 1.51579 1.49216 2.11033 1.63975 1.37448 1.67775 1.15181 1.13314 1.03269 2.35397 1.02391 1.1633 1.12846 1.17263 1.44782 1.99075
threshold=6.3268634903891686e-05 4.6850000000000014 -0.49999999999999989 1.7250000000000003 3.2499999999999756 1.385 1.4425000000000001 2.5950000000000002 0.052751479255836016 4.9750000000000005 3.5492993404233262e-05 -0.051418698790460231 -3.0000000000000013 -14.000000000000034 5.495000000000001 2.5050000000000003 3.1350000000000002
decision_type=2 2 2 2 2 2 2 2 2 2 2 2 2 2 2 2 2
left_child=1 7 3 4 5 -3 -7 -1 -9 10 -4 12 -2 -13 -15 -16 -17
right_child=11 2 9 -5 -6 6 -8 8 -10 -11 -12 13 -14 14 15 16 -18
leaf_value=0.0066862867524226507 0.0064545273248638431 0.016817373484373094 0.013950382747820445 -0.0031584407047679031 0.018153339172048227 -0.0013708459140805455 0.012567751506964368 -0.0028435363869037016 0.00096028349631362489 -0.0022445296612630958 -0.0020084328072912552 0.011528294245081564 -0.0011470886663172088 0.00061170878363752583 0.0041954221601623138 -0.0052092134072022006 0.0040664727692721328
leaf_weight=36 56 20 35 72 28 77 30 1508 225 371 68 31 497 902 740 110 122
leaf_count=36 56 20 35 72 28 77 30 1508 225 371 68 31 497 902 740 110 122
internal_value=0 -0.00138607 0.000581569 0.00391502 0.00720076 0.00478602 0.00253717 -0.00216579 -0.00234968 -0.00101483 0.00341447 0.00151676 -0.000377305 0.00206659 0.00191007 0.00311493 -0.000331482
internal_weight=0 2470 701 227 155 127 107 1769 1733 474 103 2458 553 1905 1874 972 232
internal_count=4928 2470 701 227 155 127 107 1769 1733 474 103 2458 553 1905 1874 972 232
is_linear=0
shrinkage=0.05


Tree=22
num_leaves=18
num_cat=0
split_feature=0 15 18 18 18 10 5 8 14 10 3 14 14 15 20 21 18
split_gain=3.74766 1.88128 2.12547 1.713 1.39885 1.42213 1.368 1.34667 1.90458 1.47988 1.24047 1.51417 1.08037 1.16253 1.3244 1.3386 1.05316
threshold=6.3268634903891686e-05 3.3550000000000004 -0.040201005025125518 -0.0096031449941804663 -0.042190537529041831 -13.500000000000021 4.6850000000000014 -0.49999999999999989 1.7250000000000003 3.2499999999999756 1.385 1.4425000000000001 1.3950000000000002 1.6250000000000002 0.003708314957134196 0.0018535709307961892 0.13595500503748872
decision_type=2 2 2 2 2 2 2 2 2 2 2 2 2 2 2 2 2
left_child=6 4 -3 -4 12 -6 16 8 9 10 -8 -12 13 14 -2 -16 -1
right_child=1 2 3 -5 5 -7 7 -9 -10 -11 11 -13 -14 -15 15 -17 -18
leaf_value=-0.0022065020580436744 -0.0023421130866643444 0.018660410265288047 -0.0048975662202448457 0.0084710902260506857 0.012148046493530275 0.0016644188308039404 0.015976504497230055 -0.0009640907515076143 -0.0030005187210109499 0.017245672031172686 -0.0013023036447438326 0.011939363839725653 -0.0035982936090821851 0.0081550559028983113 0.00080569281073456466 0.012614052731430892 0.0079313278771363776
leaf_weight=1743 251 31 37 68 33 1639 20 474 72 28 77 30 232 46 88 33 26
leaf_count=1743 251 31 37 68 33 1639 20 474 72 28 77 30 232 46 88 33 26
internal_value=0 0.00144092 0.00715659 0.00376023 0.00110615 0.00187133 -0.00131677 0.000552491 0.00371927 0.00684073 0.00454672 0.00241031 -0.000862119 0.000656524 -0.000270714 0.00402615 -0.0020575
internal_weight=0 2458 136 105 2322 1672 2470 701 227 155 127 107 650 418 372 121 1769
internal_count=4928 2458 136 105 2322 1672 2470 701 227 155 127 107 650 418 372 121 1769
is_linear=0
shrinkage=0.05


Tree=23
num_leaves=18
num_cat=0
split_feature=0 15 1 3 0 5 14 0 5 14 15 3 8 3 19 3 5
split_gain=3.38226 1.73038 1.57119 2.95828 2.48413 2.51129 2.80521 2.19442 1.37998 1.34825 1.64543 2.56294 1.45856 1.3936 1.97603 1.45308 1.43677
threshold=6.3268634903891686e-05 2.8650000000000007 0.00015099753340357952 1.8250000000000004 0.00013047139625561513 8.5950000000000006 2.1550000000000007 0.00034881153411138531 8.0950000000000006 0.37500000000000006 1.155 1.4350000000000003 -8.4999999999999947 1.405 0.0003258067152590583 1.5150000000000003 2.5950000000000002
decision_type=2 2 2 2 2 2 2 2 2 2 2 2 2 2 2 2 2
left_child=-1 9 8 -4 -5 -6 -7 -8 -3 10 12 -12 -2 16 -15 -16 -14
right_child=1 2 3 4 5 6 7 -9 -10 -11 11 -13 13 14 15 -17 -18
leaf_value=-0.0012509316602638859 0.013755635358393192 0.0036860316108243587 0.020770496461126539 0.020903071910142901 -0.0095937211504753903 0.020937482360750437 -0.0090799927711486816 0.010544107295572758 -0.0064306270591048308 -0.00015970610189474017 0.014094616298098118 -0.0053654934077159225 0.012773269489407541 0.0092783638655587475 0.01002786032234629 -0.0042033515660695629 -0.00093270040705971348
leaf_weight=2470 24 156 36 20 34 24 29 28 43 1319 64 23 20 108 24 71 435
leaf_count=2470 24 156 36 20 34 24 29 28 43 1319 64 23 20 108 24 71 435
internal_value=0 0.00136888 0.00452036 0.00803525 0.00463918 0.00181068 0.00659771 0.000559916 0.00150002 0.000810425 0.00247441 0.00894999 0.00164834 0.00120674 0.00465169 -0.000608098 -0.00033024
internal_weight=0 2458 370 171 135 115 81 57 199 2088 769 87 682 658 203 95 455
internal_count=4928 2458 370 171 135 115 81 57 199 2088 769 87 682 658 203 95 455
is_linear=0
shrinkage=0.05


Tree=24
num_leaves=18
num_cat=0
split_feature=0 15 18 18 19 11 2 18 18 3 3 1 2 18 9 9 21
split_gain=3.05249 1.60357 1.8884 1.48165 1.25469 1.47161 1.01352 0.975591 1.11191 1.03788 0.948133 0.993752 1.23093 0.930126 1.33147 1.28464 1.83325
threshold=6.3268634903891686e-05 3.3550000000000004 -0.040201005025125518 -0.0096031449941804663 0.0052663790668910923 1.0000000000000122 0.00010791472276831797 0.052751479255836016 0.05938028874085189 1.0150000000000003 1.4650000000000001 3.8032418738573883e-05 3.7805397440684436e-05 -0.028937126378975827 -14.000000000000034 4.7499999999999885 0.0012115351581104552
decision_type=2 2 2 2 2 2 2 2 2 2 2 2 2 2 2 2 2
left_child=7 4 -3 -4 13 -6 -5 10 9 -9 -1 -12 -13 -2 -15 -16 -17
right_child=1 2 3 6 5 -7 -8 8 -10 -11 11 12 -14 14 15 16 -18
leaf_value=-0.002156966222689345 4.0821356503344377e-05 0.017420716319353349 -0.0046759042385462173 0.014426128470128584 0.0010313255188520998 -0.0056552486028522255 0.0021698342384518805 -2.6803026939260549e-05 -0.00012397877015601631 0.0125332337068884 -0.0025629283940439584 0.014053077548742294 0.0012324240071374809 0.014209066007448279 0.0013052127747373149 0.0084984689330061276 -0.0011932753603643095
leaf_weight=1643 724 31 37 31 192 144 37 29 261 38 186 20 293 23 1012 156 71
leaf_count=1643 724 31 37 31 192 144 37 29 261 38 186 20 293 23 1012 156 71
internal_value=0 0.00130043 0.00657741 0.00337605 0.000991359 -0.00183435 0.00775726 -0.00118839 0.001351 0.0070968 -0.00157724 0.000331577 0.00205164 0.00146942 0.002289 0.00206773 0.00546713
internal_weight=0 2458 136 105 2322 336 68 2470 328 67 2142 499 313 1986 1262 1239 227
internal_count=4928 2458 136 105 2322 336 68 2470 328 67 2142 499 313 1986 1262 1239 227
is_linear=0
shrinkage=0.05


Tree=25
num_leaves=18
num_cat=0
split_feature=2 3 5 3 5 6 2 5 21 16 21 14 1 13 18 12 3
split_gain=2.00441 0.979411 2.52634 1.84787 2.14593 1.84633 1.62361 1.96697 1.47498 2.02079 1.77099 1.41716 1.25649 1.16862 1.35787 1.48438 1.51311
threshold=6.9885063106335301e-05 1.9950000000000003 6.1350000000000007 1.8050000000000004 6.9350000000000014 8.7499999999999929 0.00022520425748149455 8.3150000000000031 -0.001853548538254812 0.58333333333335802 0.00050461977987492645 2.5650000000000004 0.00013261637853127548 2.9999999999999862 0.081939875605960291 -8 2.5050000000000003
decision_type=2 2 2 2 2 2 2 2 2 2 2 2 2 2 2 2 2
left_child=-1 3 -3 4 -2 6 7 8 9 -6 -10 13 -12 14 15 -4 -17
right_child=1 2 11 -5 5 -7 -8 -9 10 -11 12 -13 -14 -15 -16 16 -18
leaf_value=-0.0011079021996447441 0.00028934590870803421 0.019304512237960644 0.017029239206264417 -0.0036641816137290683 0.0086958624422550212 -0.0046265567211728345 -0.0021460034781032138 -0.0042364969172260982 -0.0027020138330184499 0.030630756453389214 0.0061251271196774079 -0.0069191760224540065 0.019833235372789207 -0.0016262689620749025 -0.0034807557723036519 0.007142294002408834 0.00056278261373627866
leaf_weight=2254 1586 22 24 247 21 38 36 22 26 21 35 41 32 121 54 194 159
leaf_count=2254 1586 22 24 247 21 38 36 22 26 21 35 41 32 121 54 194 159
internal_value=0 0.000915377 0.00266677 0.000393523 0.000945121 0.00544754 0.00743104 0.00962705 0.0118863 0.0196633 0.00837409 0.00204952 0.0126723 0.00271567 0.00393464 0.00499679 0.00417872
internal_weight=0 2679 615 2064 1817 231 193 157 135 42 93 593 67 552 431 377 353
internal_count=4933 2679 615 2064 1817 231 193 157 135 42 93 593 67 552 431 377 353
is_linear=0
shrinkage=0.05


Tree=26
num_leaves=18
num_cat=0
split_feature=5 18 13 3 3 3 1 2 1 22 22 21 14 2 2 15 5
split_gain=1.81171 1.70829 1.87942 1.66459 1.56966 1.46255 1.35933 1.73255 1.2133 1.16558 1.12494 1.31138 1.10817 1.43936 2.00914 2.61846 2.48646
threshold=4.6850000000000014 0.086371938887032443 2.2499999999999969 0.56500000000000006 4.1000000000000005 5.6550000000000002 0.00019093476158597636 0.00013680344175358048 0.00021576462218945061 0.00067867136833799091 0.0029329461484914891 -0.0012134181620759297 2.6450000000000005 0.00015406237287186281 0.00020467053333761656 2.9250000000000003 4.8950000000000005
decision_type=2 2 2 2 2 2 2 2 2 2 2 2 2 2 2 2 2
left_child=3 2 4 -1 9 -6 -5 -8 -9 12 -11 -12 13 -2 16 -16 -15
right_child=1 -3 -4 6 5 -7 7 8 -10 10 11 -13 -14 14 15 -17 -18
leaf_value=0.01098507334446085 0.0039652473881389158 -0.0033696903233847971 -0.0020288521069146341 -0.0013544895619602695 0.01727197007276118 0.00074213704337244444 0.017227598167955879 0.010487256224813134 -0.0010782225487323909 -0.0038317086413884776 0.011906217477683511 -0.0048571649566292764 -0.003015956072572698 0.013449149791683471 0.0016232440626637184 0.015398958952803361 -0.0046033285540313679
leaf_weight=29 825 205 336 2391 32 23 20 29 104 156 28 20 94 21 374 38 208
leaf_count=29 825 205 336 2391 32 23 20 29 104 156 28 20 94 21 374 38 208
internal_value=0 0.000991864 0.00140677 -0.000926339 0.00204138 0.0103595 -0.00106212 0.00350684 0.00144357 0.00178203 -0.00177214 0.00492147 0.00224681 0.00258426 0.000806854 0.00289382 -0.00294786
internal_weight=0 2360 2155 2573 1819 55 2544 153 133 1764 204 48 1560 1466 641 412 229
internal_count=4933 2360 2155 2573 1819 55 2544 153 133 1764 204 48 1560 1466 641 412 229
is_linear=0
shrinkage=0.05


Tree=27
num_leaves=18
num_cat=0
split_feature=3 5 3 2 3 6 15 8 1 5 3 6 20 7 14 21 8
split_gain=1.69222 1.94728 1.3642 1.30238 2.57502 1.5653 1.38244 1.26805 1.98321 1.24661 1.82188 1.65636 1.46622 2.01496 1.44297 1.39602 1.37303
threshold=1.9950000000000003 6.1050000000000013 0.56500000000000006 0.00021139250230451601 2.2750000000000004 5.4999999999999725 2.1650000000000005 -1.4999999999999949 0.00016084387483016919 7.0850000000000009 1.8050000000000004 8.7499999999999929 -0.0019814472434987458 0.0016972472030332144 0.37500000000000006 -0.011982591897226778 -9.5000000000000178
decision_type=2 2 2 2 2 2 2 2 2 2 2 2 2 2 2 2 2
left_child=2 -2 -1 7 5 6 -5 8 -3 14 11 12 13 -11 15 -4 -17
right_child=1 3 9 4 -6 -7 -8 -9 -10 10 -12 -13 -14 -15 -16 16 -18
leaf_value=0.010435819780004435 0.014795500499506793 0.012958698243730599 0.013044421577995475 0.0064663124016740119 0.0014215900470594784 0.0013870377953235922 0.022551855116206058 -0.0025956992266906636 -0.0060961544852365154 0.022526697690288228 -0.0023135902554686392 -0.0044087124080994192 0.0038485366794216731 0.0047482983592678522 -0.0014507480115431856 0.013359790071845054 0.00016561390734734328
leaf_weight=29 30 36 22 22 273 26 34 216 22 30 134 39 131 34 2438 20 1397
leaf_count=29 30 36 22 22 273 26 34 216 22 30 134 39 131 34 2438 20 1397
internal_value=0 0.00235018 -0.000371855 0.00175661 0.00375543 0.0115254 0.0162325 -0.000833114 0.005731 -0.000445688 0.00233544 0.0049977 0.00687898 0.0130819 -0.000709669 0.00054589 0.000351841
internal_weight=0 659 4274 629 355 82 56 274 58 4245 368 234 195 64 3877 1439 1417
internal_count=4933 659 4274 629 355 82 56 274 58 4245 368 234 195 64 3877 1439 1417
is_linear=0
shrinkage=0.05


Tree=28
num_leaves=18
num_cat=0
split_feature=1 3 3 5 16 1 3 1 3 5 14 8 21 5 3 5 3
split_gain=1.57429 1.09799 1.91916 1.5657 1.01531 1.53095 0.917358 1.80794 0.886125 2.10068 1.23766 0.913024 1.39751 0.748415 2.09201 1.02598 0.885989
threshold=6.7347510763796211e-05 0.7350000000000001 0.88500000000000012 2.5950000000000002 9.0000000000000053 3.8555797849158302e-05 1.9150000000000003 3.9570498278469791e-05 1.0750000000000004 3.6850000000000005 0.41500000000000004 9.0000000000000053 -0.00012906343372204307 15.805000000000001 5.9650000000000007 16.685000000000006 2.5050000000000003
decision_type=2 2 2 2 2 2 2 2 2 2 2 2 2 2 2 2 2
left_child=4 3 -3 -2 6 -6 -1 -8 -4 10 -10 13 -13 16 15 -15 -11
right_child=1 2 8 -5 5 -7 7 -9 9 11 -12 12 -14 14 -16 -17 -18
leaf_value=-0.0012916054128454802 0.010067485950209877 0.012149779775585885 -0.0018534654325031371 -0.0040071874856948851 0.015252961125224829 -0.0011430003068276815 -0.0034447545295252522 0.012983959642323581 0.017791147281726202 0.001038229010614057 0.0027278009951114657 0.013686267201389586 -0.00077067522797733554 0.020599095026652019 -0.0046930734196613576 0.0054659424660106508 -0.0023844914064860682
leaf_weight=2211 22 39 249 194 24 35 34 33 30 1683 25 35 32 21 29 24 213
leaf_count=2211 22 39 249 194 24 35 34 33 30 1683 25 35 32 21 29 24 213
internal_value=0 0.000839682 0.00114946 -0.00257366 -0.000949219 0.00552654 -0.00111694 0.004647 0.000966203 0.00130181 0.0109442 0.00104147 0.00678146 0.000846247 0.00577925 0.0125281 0.000653715
internal_weight=0 2596 2380 216 2337 59 2278 67 2341 2092 55 2037 67 1970 74 45 1896
internal_count=4933 2596 2380 216 2337 59 2278 67 2341 2092 55 2037 67 1970 74 45 1896
is_linear=0
shrinkage=0.05


Tree=29
num_leaves=18
num_cat=0
split_feature=3 5 10 3 5 20 20 21 8 3 21 14 15 3 3 8 15
split_gain=1.4649 1.72193 1.22637 1.38241 2.10757 1.48924 2.20861 1.86654 1.96805 1.41914 1.31326 1.29463 1.41046 1.49227 1.83487 1.83994 1.4855
threshold=1.9950000000000003 6.035000000000001 5.0000000000000169 1.8050000000000004 6.9350000000000014 -0.0016667968150447796 -0.0059821858698195776 -0.00081185382514753479 -0.50000000000002254 1.6950000000000001 -0.0015269712527978261 0.37500000000000006 0.80500000000000016 1.425 1.1850000000000003 1.0000000000000455 1.155
decision_type=2 2 2 2 2 2 2 2 2 2 2 2 2 2 2 2 2
left_child=2 -2 3 4 11 6 -6 8 -7 -8 -4 12 -1 14 -14 16 -16
right_child=1 -3 10 -5 5 7 9 -9 -10 -11 -12 -13 13 -15 15 -17 -18
leaf_value=-0.00039393601084190301 0.015057790607213975 0.0016793426302517253 0.0049745406121725136 -0.0044044010935287026 -0.0029545625746250151 0.020322744771838191 0.0059405831333536373 -0.0045019519701600076 0.00094536123307127704 0.021458440142519335 -9.5471452944483496e-05 -0.0015219595883167525 0.0015570708529816734 -0.0096335370838642118 0.0013483504783742281 0.022466485493856929 0.016987944495948881
leaf_weight=987 25 634 210 232 25 20 26 70 38 34 326 2012 180 20 49 23 22
leaf_count=987 25 634 210 232 25 20 26 70 38 34 326 2012 180 20 49 23 22
internal_value=0 0.00218687 -0.00034575 -0.00066647 -0.000419122 0.00440103 0.00953151 0.000994078 0.00762722 0.014734 0.00189091 -0.000730903 0.000511569 0.00355148 0.00451389 0.0101759 0.00619442
internal_weight=0 659 4274 3738 3506 213 85 128 58 60 536 3293 1281 294 274 94 71
internal_count=4933 659 4274 3738 3506 213 85 128 58 60 536 3293 1281 294 274 94 71
is_linear=0
shrinkage=0.05


end of trees

feature_importances:
f_3=90
f_2=59
f_5=59
f_14=36
f_15=36
f_1=26
f_22=24
f_0=23
f_18=22
f_8=19
f_21=19
f_10=13
f_20=13
f_7=12
f_17=12
f_6=11
f_9=9
f_11=7
f_13=7
f_16=6
f_19=6
f_12=1

parameters:
[boosting: gbdt]
[objective: regression]
[metric: binary_logloss]
[tree_learner: serial]
[device_type: cpu]
[data: ]
[valid: ]
[num_iterations: 10]
[learning_rate: 0.05]
[num_leaves: 18]
[num_threads: 0]
[deterministic: 0]
[force_col_wise: 0]
[force_row_wise: 0]
[histogram_pool_size: -1]
[max_depth: -1]
[min_data_in_leaf: 20]
[min_sum_hessian_in_leaf: 0.001]
[bagging_fraction: 0.7]
[pos_bagging_fraction: 1]
[neg_bagging_fraction: 1]
[bagging_freq: 5]
[bagging_seed: 3]
[feature_fraction: 0.9]
[feature_fraction_bynode: 1]
[feature_fraction_seed: 2]
[extra_trees: 0]
[extra_seed: 6]
[early_stopping_round: 0]
[first_metric_only: 0]
[max_delta_step: 0]
[lambda_l1: 0]
[lambda_l2: 0]
[linear_lambda: 0]
[min_gain_to_split: 0]
[drop_rate: 0.1]
[max_drop: 50]
[skip_drop: 0.5]
[xgboost_dart_mode: 0]
[uniform_drop: 0]
[drop_seed: 4]
[top_rate: 0.2]
[other_rate: 0.1]
[min_data_per_group: 100]
[max_cat_threshold: 32]
[cat_l2: 10]
[cat_smooth: 10]
[max_cat_to_onehot: 4]
[top_k: 20]
[monotone_constraints: ]
[monotone_constraints_method: basic]
[monotone_penalty: 0]
[feature_contri: ]
[forcedsplits_filename: ]
[refit_decay_rate: 0.9]
[cegb_tradeoff: 1]
[cegb_penalty_split: 0]
[cegb_penalty_feature_lazy: ]
[cegb_penalty_feature_coupled: ]
[path_smooth: 0]
[interaction_constraints: ]
[verbosity: 0]
[saved_feature_importance_type: 0]
[linear_tree: 0]
[max_bin: 255]
[max_bin_by_feature: ]
[min_data_in_bin: 3]
[bin_construct_sample_cnt: 200000]
[data_random_seed: 1]
[is_enable_sparse: 1]
[enable_bundle: 1]
[use_missing: 1]
[zero_as_missing: 0]
[feature_pre_filter: 1]
[pre_partition: 0]
[two_round: 0]
[header: 0]
[label_column: ]
[weight_column: ]
[group_column: ]
[ignore_column: ]
[categorical_feature: ]
[forcedbins_filename: ]
[precise_float_parser: 0]
[objective_seed: 5]
[num_class: 1]
[is_unbalance: 0]
[scale_pos_weight: 1]
[sigmoid: 1]
[boost_from_average: 1]
[reg_sqrt: 0]
[alpha: 0.9]
[fair_c: 1]
[poisson_max_delta_step: 0.7]
[tweedie_variance_power: 1.5]
[lambdarank_truncation_level: 30]
[lambdarank_norm: 1]
[label_gain: ]
[eval_at: ]
[multi_error_top_k: 1]
[auc_mu_weights: ]
[num_machines: 1]
[local_listen_port: 12400]
[time_out: 120]
[machine_list_filename: ]
[machines: ]
[gpu_platform_id: -1]
[gpu_device_id: -1]
[gpu_use_dp: 0]
[num_gpu: 1]

end of parameters

pandas_categorical:[]
