tree
version=v3
num_class=1
num_tree_per_iteration=1
label_index=0
max_feature_idx=22
objective=regression
feature_names=f_0 f_1 f_2 f_3 f_4 f_5 f_6 f_7 f_8 f_9 f_10 f_11 f_12 f_13 f_14 f_15 f_16 f_17 f_18 f_19 f_20 f_21 f_22
feature_infos=[2.811842593898112e-07:0.0089292451603560918] [2.1333248529010825e-06:0.0055990001705921817] [4.7857545124566229e-06:0.003721014941950642] [0.53000000000000003:6.5599999999999996] [-33.000000000000007:48] [2.4100000000000001:21.82] [-101.00000000000016:144.99999999999994] [-3.0196613872200984:0.53086419753086433] [-81:74] [-46:33.999999999999986] [-51.000000000000021:33.999999999999986] [-33.000000000000007:29.000000000000004] [-41:96.000000000000014] [-36.000000000000007:32.999999999999986] [-0.83999999999999997:2.9100000000000001] [-1.3200000000000001:3.8500000000000001] [-52:73.999999999999972] [-28.000000000000004:24.000000000000004] [-0.29572649572649579:1.1559792027729636] [-0.02958455728073861:0.047292143401983289] [-0.054746473503621829:0.033993115318416534] [-0.078445945945946005:0.045346674363414774] [-0.019984292877423981:0.018327052533256172]
tree_sizes=1807 1886 1875 1876 1879 1883 1891 1875 1892 1871 1870 1883 1897 1875 1878 1901 1890 1885 1895 1914 1880 1908 1874 1892 1910 1915 1877 1888 1908 1918

Tree=0
num_leaves=20
num_cat=0
split_feature=1 1 15 1 1 3 0 3 6 20 21 16 4 22 15 19 3 8 8
split_gain=15.9292 3.7731 4.27638 2.87973 2.71503 1.90102 1.72802 1.49968 1.37651 1.31024 1.29498 1.29308 1.2745 1.11403 1.10098 1.66542 1.1359 1.0064 1.1798
threshold=7.9446527261533341e-05 0.00027957813942096414 2.9150000000000005 0.00039019123253236908 0.0004192411074517845 3.1350000000000002 0.00046613260520410522 1.0750000000000004 6.9999999999999627 0.0074456855381841444 -0.0028756999353928277 -11.999999999999993 -3.999999999999992 0.0035895062764245149 0.65500000000000014 0.00062580513360355205 2.1950000000000007 -4.7499999999999867 -6.0000000000000266
decision_type=2 2 2 2 2 2 2 2 2 2 2 2 2 2 2 2 2 2 2
left_child=12 5 3 6 -4 7 14 8 -2 11 -6 -5 -1 17 15 -3 -16 18 -9
right_child=1 2 4 9 10 -7 -8 13 -10 -11 -12 -13 -14 -15 16 -17 -18 -19 -20
leaf_value=0.1101209164533162 0.098372948973641405 0.1201209164533162 0.10641123903396135 0.11262091645331619 0.1351209164533162 0.11369234502474476 0.1201209164533162 0.10318543258234845 0.1091834164533162 0.11083520216760191 0.11819783953023927 0.099326523929951713 0.097450108999900045 0.11178758311998287 0.099120916453316193 0.1031209164533162 0.11050553183793158 0.10210235309576979 0.11456536089776065
leaf_weight=20 369 34 31 20 20 35 34 62 32 35 26 214 2576 33 50 25 39 1239 36
leaf_count=20 369 34 31 20 20 35 34 62 32 35 26 214 2576 33 50 25 39 1239 36
internal_value=0.100127 0.10324 0.106958 0.105099 0.117848 0.102153 0.109956 0.101925 0.0992356 0.101812 0.125556 0.100463 0.0975477 0.102712 0.107621 0.112918 0.10411 0.102488 0.107366
internal_weight=0 2334 528 451 77 1806 182 1771 401 269 46 234 2596 1370 148 59 89 1337 98
internal_count=4930 2334 528 451 77 1806 182 1771 401 269 46 234 2596 1370 148 59 89 1337 98
is_linear=0
shrinkage=1


Tree=1
num_leaves=20
num_cat=0
split_feature=1 1 14 5 6 5 14 14 17 1 1 3 14 14 17 8 9 5 16
split_gain=14.3761 3.40523 2.77517 2.28973 1.80438 2.26548 2.88119 1.78292 1.70546 2.06074 1.6539 1.848 1.83093 1.62476 1.46002 1.3034 1.58412 1.26193 1.13519
threshold=7.9446527261533341e-05 0.00027957813942096414 2.4850000000000008 6.5250000000000012 6.9999999999999627 4.7550000000000008 0.25500000000000006 0.12500000000000003 3.0000000000000142 0.00037856828575807277 0.00019729277010111768 3.0550000000000002 0.50500000000000012 2.0125000000000002 -2.5000000000000004 -4.7499999999999867 -0.99999999999998412 2.5950000000000002 -2.9999999999999942
decision_type=2 2 2 2 2 2 2 2 2 2 2 2 2 2 2 2 2 2 2
left_child=17 3 8 4 14 6 7 -6 9 -3 11 12 -5 -11 18 -14 -17 -1 -2
right_child=1 2 -4 10 5 -7 -8 -9 -10 13 -12 -13 15 -15 -16 16 -18 -19 -20
leaf_value=0.0063616557884961372 5.0487276166677478e-05 0.0090123838164668148 0.023100653601189458 0.016318812285150801 0.010684733003377916 0.00014146635165581336 0.0017038888189681743 0.030446910698498999 0.011017588683371915 -0.00061484570614993577 7.0212531442704959e-05 0.020613661124592737 0.014916063679589165 0.0094622396677732472 -0.00095264912856093172 -0.00023813231715134214 0.0066435163464051124 -0.0025884824504723105 0.0081046776225169505
leaf_weight=40 88 138 24 35 25 104 43 21 116 200 152 21 27 50 866 154 183 2556 87
leaf_count=40 88 138 24 35 25 104 43 21 116 200 152 21 27 50 866 154 183 2556 87
internal_value=0 0.00295711 0.00648922 0.00192446 0.000712349 0.00515276 0.0110087 0.0197066 0.0056982 0.00410787 0.00453941 0.00615683 0.00539595 0.00140057 -0.000110898 0.00434567 0.00349879 -0.00245058 0.00405457
internal_weight=0 2334 528 1806 1234 193 89 46 504 388 572 420 399 250 1041 364 337 2596 175
internal_count=4930 2334 528 1806 1234 193 89 46 504 388 572 420 399 250 1041 364 337 2596 175
is_linear=0
shrinkage=0.05


Tree=2
num_leaves=20
num_cat=0
split_feature=1 1 15 1 1 17 5 5 17 0 15 14 15 6 3 17 21 21 21
split_gain=13.1085 3.51347 3.60469 2.47844 2.4105 2.23668 2.14035 1.67806 1.57488 1.55718 1.45531 1.36063 1.87661 1.5245 3.94919 1.64434 1.29564 1.53616 1.28351
threshold=6.5506325935967119e-05 0.00027957813942096414 2.9150000000000005 0.00039019123253236908 0.00039019123253236908 3.0000000000000142 6.5250000000000012 7.4150000000000009 -6.9999999999999956 0.00046613260520410522 2.5350000000000006 0.31500000000000006 1.1650000000000003 6.9999999999999627 1.1450000000000002 -4.0000000000000009 0.0051910688482241793 0.0042539154092465789 -0.0028756999353928277
decision_type=2 2 2 2 2 2 2 2 2 2 2 2 2 2 2 2 2 2 2
left_child=-1 6 4 -4 9 -6 8 -7 -2 -3 -9 12 13 15 -15 -10 17 -8 -5
right_child=1 2 3 18 5 7 16 10 11 -11 -12 -13 -14 14 -16 -17 -18 -19 -20
leaf_value=-0.0026484193332079386 0.01136495161688689 0.0066850089417720172 0.0035996026574419099 0.032443410232663158 -0.0010180603927717759 0.021743691954761744 0.0044905432529510963 -0.0055747490003705026 0.01184968130084975 0.018551008841570685 0.013271043520598186 -0.0010241679264309936 0.01269459683352556 0.025780444643036887 0.0013189902754895616 -0.00041891345178394682 -0.0012472585342901271 0.018292561067002163 0.016196926743272815
leaf_weight=2304 33 148 26 20 208 20 504 20 29 34 21 818 39 22 66 469 97 21 31
leaf_count=2304 33 148 26 20 208 20 504 20 29 34 21 818 39 22 66 469 97 21 31
internal_value=0 0.00251909 0.00616476 0.0161632 0.00445772 0.00145098 0.0016016 0.00987001 0.000564876 0.00890173 0.00407797 0.000317889 0.00207437 0.00136757 0.00743435 0.000295523 0.00406173 0.00504262 0.0225681
internal_weight=0 2626 528 77 451 269 2098 61 1476 182 41 1443 625 586 88 498 622 525 51
internal_count=4930 2626 528 77 451 269 2098 61 1476 182 41 1443 625 586 88 498 622 525 51
is_linear=0
shrinkage=0.05


Tree=3
num_leaves=20
num_cat=0
split_feature=1 1 15 1 1 17 5 5 17 0 15 1 3 15 5 14 15 7 0
split_gain=11.8304 3.17091 3.25324 2.23679 2.17548 2.0186 1.93167 1.51445 1.42133 1.40535 1.31341 1.28346 1.77227 1.76527 1.77199 1.22797 1.69509 1.50345 1.32754
threshold=6.5506325935967119e-05 0.00027957813942096414 2.9150000000000005 0.00039019123253236908 0.00039019123253236908 3.0000000000000142 6.5250000000000012 7.4150000000000009 -6.9999999999999956 0.00046613260520410522 2.5350000000000006 0.00019729277010111768 3.0550000000000002 1.3650000000000004 7.6250000000000009 0.31500000000000006 1.1850000000000003 0.02792764017178773 0.00011716914107221306
decision_type=2 2 2 2 2 2 2 2 2 2 2 2 2 2 2 2 2 2 2
left_child=-1 6 4 -4 9 -6 8 -7 -2 -3 -9 12 13 14 -8 16 17 -10 -19
right_child=1 2 3 -5 5 7 11 10 15 -11 -12 -13 -14 -15 -16 -17 -18 18 -20
leaf_value=-0.002515998317297393 0.010796703748179204 0.0063507584527738997 0.0034196226499401609 0.021439691340806439 -0.00096715733301467623 0.020656507350504401 0.023148060233021777 -0.0052960116043686868 0.0004793532720867312 0.017623458079555454 0.012607491601790703 -0.00013522753050844921 0.019347372331789563 0.0033889796026051046 0.004127531319856644 -0.00097295965744332755 0.012661652139254978 0.00049197371635172104 0.015342339040601956
leaf_weight=2304 33 148 26 51 208 20 24 20 529 34 21 152 21 400 25 818 35 27 34
leaf_count=2304 33 148 26 51 208 20 24 20 529 34 21 152 21 400 25 818 35 27 34
internal_value=0 0.00239314 0.00585652 0.015355 0.00423483 0.00137843 0.00152152 0.00937651 0.000536632 0.00845665 0.00387408 0.00385864 0.00515027 0.00448627 0.0134437 0.000301994 0.00197065 0.00133644 0.00876923
internal_weight=0 2626 528 77 451 269 2098 61 1476 182 41 622 470 449 49 1443 625 590 61
internal_count=4930 2626 528 77 451 269 2098 61 1476 182 41 622 470 449 49 1443 625 590 61
is_linear=0
shrinkage=0.05


Tree=4
num_leaves=20
num_cat=0
split_feature=1 1 15 21 1 17 3 6 22 6 0 18 19 3 18 19 0 16 17
split_gain=10.677 2.86174 2.93605 2.06864 1.96337 1.82179 1.74847 1.57718 1.40741 1.36313 1.85202 1.26005 1.25502 1.23407 1.05034 1.02539 0.942924 1.27506 0.910458
threshold=6.5506325935967119e-05 0.00027957813942096414 2.9150000000000005 -0.0017496126300259316 0.00039019123253236908 3.0000000000000142 1.405 14.999999999999904 0.003136960419897528 9.0000000000000551 0.00048546996558780745 -0.0096031449941804663 0.0019046462997711624 2.3350000000000004 0.15149536076611006 0.0063897076964078989 0.00023058404821352574 3.0000000000000013 -2.5000000000000004
decision_type=2 2 2 2 2 2 2 2 2 2 2 2 2 2 2 2 2 2 2
left_child=14 6 4 -4 9 15 7 18 -8 10 12 -5 16 -7 -1 -6 -3 -18 -2
right_child=1 2 3 11 5 13 8 -9 -10 -11 -12 -13 -14 -15 -16 -17 17 -19 -20
leaf_value=-0.0024997284256836824 0.0030717262149422987 0.017676732380475315 0.025739695366334032 -0.00038968959653919394 -0.0022456877486227633 0.01688821757281268 0.0025693170543721442 0.010875175509136172 0.014813565540437898 -0.00099424439318039843 0.024257682859897614 0.015600683340536698 0.00081232005641573954 0.0025702064089915336 0.0080151397734880454 0.0083694172020141906 0.013905564644213381 -0.0020572478459639984 -0.0010721430847849039
leaf_weight=2280 158 35 27 22 182 27 1061 32 24 34 20 28 42 34 24 26 29 22 823
leaf_count=2280 158 35 27 22 182 27 1061 32 24 34 20 28 42 34 24 26 29 22 823
internal_value=0 0.00227348 0.00556369 0.0145872 0.00402309 0.00130951 0.00144544 -4.84061e-05 0.00284016 0.00803382 0.0101078 0.00856492 0.00789691 0.00890769 -0.0023902 -0.0009188 0.0113568 0.00701965 -0.000404731
internal_weight=0 2626 528 77 451 269 2098 1013 1085 182 148 50 128 61 2304 208 86 51 981
internal_count=4930 2626 528 77 451 269 2098 1013 1085 182 148 50 128 61 2304 208 86 51 981
is_linear=0
shrinkage=0.05


Tree=5
num_leaves=20
num_cat=0
split_feature=1 3 3 3 22 2 10 16 2 17 3 3 8 4 22 17 2 0 5
split_gain=8.96862 3.78979 2.94024 2.30027 1.67346 1.64289 1.32909 1.37647 1.16461 1.5806 1.16628 1.1869 1.43074 1.12265 1.01772 0.952083 1.15577 1.00341 0.908088
threshold=6.5506325935967119e-05 4.4250000000000007 5.9650000000000007 1.1850000000000003 0.0035895062764245149 0.00018945482639317587 3.9999999999999871 -4.2499999999999973 0.00065272114878945785 1.0000000000000007 2.5750000000000006 2.1950000000000007 -1.0000000180025095e-35 2.4999999999999916 0.00033773295707173473 3.2499999999999978 0.0003445088108923069 0.0001679910613133397 2.5950000000000002
decision_type=2 2 2 2 2 2 2 2 2 2 2 2 2 2 2 2 2 2 2
left_child=18 3 6 13 8 -6 7 -3 10 -10 11 14 -13 -2 -5 16 17 -14 -1
right_child=1 2 -4 4 5 -7 -8 -9 9 -11 -12 12 15 -15 -16 -17 -18 -19 -20
leaf_value=0.0051767807547003037 -0.0012919575922978417 0.012876924216037706 -0.0016439889495571455 0.0025862536897143778 0.021366782211091208 0.0030215973894183457 0.0080256076243061299 0.030405383494993051 0.0030245397027049746 0.020644814260303974 -0.0022356609571469971 0.012673976935319981 0.0067837100814689289 0.0093026278970333252 -0.00088674689313317104 -0.0060196247761664188 0.015971401240676641 -0.0059258734652151666 -0.0024232189007828723
leaf_weight=40 653 21 30 1177 23 26 26 24 35 20 146 59 44 26 257 23 20 24 2260
leaf_count=40 653 21 30 1177 23 26 26 24 35 20 146 59 44 26 257 23 20 24 2260
internal_value=0 0.00198223 0.0114801 0.00160351 0.00251536 0.0116326 0.0170255 0.0222254 0.00226786 0.00943191 0.0020427 0.00243213 0.00638237 -0.000886274 0.00196383 0.00303819 0.00540557 0.00229797 -0.00229104
internal_weight=0 2634 101 2533 1854 49 71 45 1805 55 1750 1604 170 679 1434 111 88 68 2300
internal_count=4934 2634 101 2533 1854 49 71 45 1805 55 1750 1604 170 679 1434 111 88 68 2300
is_linear=0
shrinkage=0.05


Tree=6
num_leaves=20
num_cat=0
split_feature=2 3 3 3 22 2 5 2 5 17 14 0 1 5 3 3 22 5 4
split_gain=8.13887 3.44075 2.65357 1.81948 1.76463 1.69829 1.27388 1.14743 1.51938 2.04962 1.01054 1.56626 0.863745 0.888316 0.808056 1.08637 1.08791 0.98327 0.81469
threshold=6.9885063106335301e-05 4.4250000000000007 5.9650000000000007 1.0950000000000004 0.0035895062764245149 0.00018945482639317587 2.5950000000000002 0.00039476482329121225 7.4750000000000005 2.0000000000000013 1.8650000000000004 0.0007605480737970299 5.2947928287792676e-05 3.6250000000000004 2.6050000000000004 1.4650000000000001 0.00067867136833799091 5.0850000000000009 -1.0000000000000118
decision_type=2 2 2 2 2 2 2 2 2 2 2 2 2 2 2 2 2 2 2
left_child=-1 3 10 6 7 -6 -2 12 9 -9 -3 -12 -5 -14 15 17 -17 -15 -19
right_child=1 2 -4 4 5 -7 -8 8 -10 -11 11 -13 13 14 -16 16 -18 18 -20
leaf_value=-0.0022236168875417674 0.0092408262592341226 0.025699727162718775 -0.0015617895250519117 -0.0025509709380885474 0.020652330398559571 0.0025670286405969551 -0.0017215332193206056 0.0050978579899159876 0.0013460402635650504 0.023495632130652668 0.0041775922532434817 0.021732514646525185 0.0095513792356123808 0.0017336177133930189 -0.0021836227578360861 0.0034976539483779117 -0.0015356647297124233 0.0061710261316462005 -0.0040987877151634124
leaf_weight=2254 28 20 30 117 25 27 495 41 72 24 27 24 37 337 123 952 121 22 158
leaf_count=2254 28 20 30 117 25 27 495 41 72 24 27 24 37 337 123 952 121 22 158
internal_value=0 0.00185307 0.0109061 0.00149853 0.00216835 0.0112619 -0.00113464 0.00193239 0.00634907 0.0118909 0.0161742 0.0124387 0.00160829 0.00188637 0.00172081 0.00202285 0.00293006 0.000140006 -0.00284359
internal_weight=0 2680 101 2579 2056 52 523 2004 137 65 71 51 1867 1750 1713 1590 1073 517 180
internal_count=4934 2680 101 2579 2056 52 523 2004 137 65 71 51 1867 1750 1713 1590 1073 517 180
is_linear=0
shrinkage=0.05


Tree=7
num_leaves=20
num_cat=0
split_feature=1 3 3 3 10 14 14 5 0 13 15 14 3 2 3 20 3 1 8
split_gain=7.38065 3.08012 2.39485 1.89822 1.16529 1.10882 1.33026 1.64591 1.59062 1.04155 0.977671 1.15645 1.58249 0.92682 1.5028 0.950714 0.919864 1.12781 1.08937
threshold=6.5506325935967119e-05 4.4250000000000007 5.9650000000000007 1.1850000000000003 3.9999999999999871 0.14250000000000004 -0.014999999999999998 3.1350000000000002 0.00013584437438312461 -2.7499999999999964 -0.054999999999999993 -0.38499999999999995 1.635 0.00065272114878945785 2.2850000000000006 -0.012589404332309038 2.5750000000000006 0.00013253604870266551 -3.9999999999999951
decision_type=2 2 2 2 2 2 2 2 2 2 2 2 2 2 2 2 2 2 2
left_child=-1 3 4 5 9 6 -2 -8 -9 -3 -5 12 -12 15 -15 -13 18 -18 -17
right_child=1 2 -4 10 -6 -7 7 8 -10 -11 11 13 -14 14 -16 16 17 -19 -20
leaf_value=-0.0020783010604588886 -0.0051969751609223236 0.012456716715612194 -0.0014837000270684561 -0.0016420051532044803 0.0069384281738446314 -0.00182077225943773 -0.0013398142748100813 0.018809461266253935 0.0022732540105397884 0.027674108354941659 0.016858640336431564 -0.0041703412080543083 -0.0010702121444046498 0.018521000946993414 0.0017653066432103516 0.0071572775737597395 0.006581919289687101 -0.0038261655583843451 0.002351501165141357
leaf_weight=2300 35 22 30 146 26 542 43 33 26 23 32 57 20 23 32 130 34 111 1269
leaf_count=2300 35 22 30 146 26 542 43 33 26 23 32 57 20 23 32 130 34 111 1269
internal_value=0 0.00179825 0.0103608 0.00145682 0.0153655 -0.000804931 0.00321395 0.00610005 0.0115223 0.0202345 0.00228516 0.00262085 0.00996293 0.00239031 0.00877223 0.00217106 0.00240517 -0.00138565 0.00279807
internal_weight=0 2634 101 2533 71 679 137 102 59 45 1854 1708 52 1656 55 1601 1544 145 1399
internal_count=4934 2634 101 2533 71 679 137 102 59 45 1854 1708 52 1656 55 1601 1544 145 1399
is_linear=0
shrinkage=0.05


Tree=8
num_leaves=20
num_cat=0
split_feature=2 3 3 3 22 2 5 2 17 14 0 14 2 3 1 15 3 13 18
split_gain=6.73196 2.79361 2.16135 1.50495 1.72693 1.61389 1.06616 0.939694 1.36486 0.878857 1.37759 0.878488 1.04523 0.831479 0.922674 0.828461 1.27888 0.781729 0.984797
threshold=6.9885063106335301e-05 4.4250000000000007 5.9650000000000007 1.1850000000000003 0.0035895062764245149 0.00018945482639317587 2.5950000000000002 0.00065272114878945785 1.0000000000000007 1.8650000000000004 0.0007605480737970299 0.14250000000000004 0.00016453173725345215 2.6050000000000004 5.2947928287792676e-05 0.38500000000000006 0.7350000000000001 -0.99999999999998967 -0.11585616443364775
decision_type=2 2 2 2 2 2 2 2 2 2 2 2 2 2 2 2 2 2 2
left_child=-1 3 9 6 7 -6 -2 13 -9 -3 -11 12 15 14 -5 -8 -17 -16 -19
right_child=1 2 -4 4 5 -7 11 8 -10 10 -12 -13 -14 -15 17 16 -18 18 -20
leaf_value=-0.0020222486982645984 0.0088730422912963805 0.023480448499321939 -0.0014095149685939153 -0.00260281278973534 0.020599731383845212 0.0026193317599021472 -0.0029187437295913696 0.0023178224584886006 0.018691524025052787 0.0033660029371579492 0.019829698683073126 -0.00211080436602356 0.011384749713425454 -0.0022306181346030199 0.00032003114295546292 -0.0025263005867600442 0.013972959392096685 0.010140010416507722 0.0025974855720337516
leaf_weight=2254 28 20 30 105 24 26 75 35 20 27 24 492 26 129 397 24 23 45 1130
leaf_count=2254 28 20 30 105 24 26 75 35 20 27 24 492 26 129 397 24 23 45 1130
internal_value=0 0.00168538 0.00984276 0.00136591 0.00208002 0.0112499 -0.000676985 0.00183365 0.0082719 0.0145972 0.0111136 -0.0010948 0.00228273 0.00163758 0.00193513 0.00034296 0.00554781 0.00223824 0.00288635
internal_weight=0 2680 101 2579 1911 50 668 1861 55 71 51 640 148 1806 1677 122 47 1572 1175
internal_count=4934 2680 101 2579 1911 50 668 1861 55 71 51 640 148 1806 1677 122 47 1572 1175
is_linear=0
shrinkage=0.05


Tree=9
num_leaves=20
num_cat=0
split_feature=2 3 3 3 3 22 2 4 14 5 10 16 2 5 20 15 5 0 5
split_gain=6.12758 2.62454 1.95062 1.3017 1.36969 1.30445 1.12081 1.03137 1.12439 1.23204 1.02171 1.13086 0.943965 1.31105 1.11629 0.94302 0.662912 0.852015 0.687106
threshold=5.7198016849672018e-05 4.4250000000000007 5.9650000000000007 1.0950000000000004 0.56500000000000006 0.0035895062764245149 0.00018945482639317587 0.49999999999999495 0.33500000000000008 3.2850000000000006 3.9999999999999871 -4.2499999999999973 0.00039476482329121225 7.4750000000000005 0.0022911176326197995 0.40500000000000008 3.6250000000000004 9.2604330659608103e-05 6.5250000000000012
decision_type=2 2 2 2 2 2 2 2 2 2 2 2 2 2 2 2 2 2 2
left_child=-1 3 10 4 -2 12 -7 -6 9 -9 11 -3 16 14 -14 -11 17 -5 -18
right_child=1 2 -4 5 7 6 -8 8 -10 15 -12 -13 13 -15 -16 -17 18 -19 -20
leaf_value=-0.0021683765330528138 0.010433676781562659 0.0099530209033262176 -0.0013390392313400905 1.1257454752922058e-05 -0.002474890937728267 0.016608412701774527 0.0022015570214501136 0.00028788734306680399 -0.002499486226588488 0.019233881462026727 0.0059765109075949749 0.025840871315449477 0.0053511824458837513 0.00090592424385249615 0.018726245815364216 0.004420855197878111 0.0003179843960384723 0.014270352081141689 0.0021998537349247793
leaf_weight=1971 26 21 30 20 465 27 27 47 72 22 26 24 39 72 26 21 1121 22 855
leaf_count=1971 26 21 30 20 465 27 27 47 72 22 26 24 39 72 26 21 1121 22 855
internal_value=0 0.00142916 0.00935062 0.00114961 -0.000811635 0.00172937 0.00940498 -0.00127795 0.00215772 0.00588349 0.0138674 0.0184265 0.00153704 0.00555332 0.0107012 0.0119996 0.00126437 0.00748031 0.00113225
internal_weight=0 2963 101 2862 653 2209 54 627 162 90 71 45 2155 137 65 43 2018 42 1976
internal_count=4934 2963 101 2862 653 2209 54 627 162 90 71 45 2155 137 65 43 2018 42 1976
is_linear=0
shrinkage=0.05


Tree=10
num_leaves=20
num_cat=0
split_feature=0 15 2 3 8 12 8 15 1 3 0 11 14 2 0 11 19 3 10
split_gain=6.24264 2.12562 4.11256 3.27997 1.73414 1.66217 1.41877 1.51331 1.39439 2.49204 1.8061 1.30759 1.29624 1.11878 1.10285 1.75263 1.01718 0.890966 0.854523
threshold=5.9624884708605153e-05 2.8650000000000007 0.00023094253407232539 2.0450000000000004 -1.8333333333333088 11.000000000000023 9.9999999999999769 0.63500000000000012 0.00013944228635474928 1.7550000000000001 0.00013047139625561513 -10.00000000000003 1.9450000000000001 0.00069406867351463257 0.0004085334606998964 -2.9999999999999911 0.0052663790668910923 1.8750000000000002 5.0000000000000497
decision_type=2 2 2 2 2 2 2 2 2 2 2 2 2 2 2 2 2 2 2
left_child=-1 4 8 -4 11 6 -6 -8 -3 -10 -11 -2 14 -5 16 -16 18 -17 -13
right_child=1 2 3 13 5 -7 7 -9 9 10 -12 12 -14 -15 15 17 -18 -19 -20
leaf_value=-0.0017490508026205597 0.014033115526725507 5.893902525530389e-05 0.03268838616088033 0.0034734592161008294 -5.6959916888031897e-05 0.014382429527384895 -0.0012436168193817139 0.015174588433001191 0.019649846504988341 0.014832322139825141 -0.0024485364556312561 0.0032564607426776729 -0.0051855561951565194 0.016753517168349233 -0.00046045304834842682 0.023877883665263652 -0.0029265004668443924 0.0089533604308962827 0.01271201099913854
leaf_weight=2377 29 199 20 35 1567 21 25 32 29 21 54 295 43 29 25 20 63 20 26
leaf_count=2377 29 199 20 35 1567 21 25 32 29 21 54 295 43 29 25 20 63 20 26
internal_value=0 0.00181167 0.00522487 0.0150142 0.00120183 0.000405636 0.000224902 0.00797362 0.002511 0.00720292 0.0023901 0.00371573 0.00310759 0.00949099 0.00390181 0.00992482 0.00288229 0.0164156 0.00402233
internal_weight=0 2553 387 84 2166 1645 1624 57 303 104 75 521 492 64 449 65 384 40 321
internal_count=4930 2553 387 84 2166 1645 1624 57 303 104 75 521 492 64 449 65 384 40 321
is_linear=0
shrinkage=0.05


Tree=11
num_leaves=20
num_cat=0
split_feature=0 15 2 3 2 8 12 8 15 1 3 20 1 11 10 7 5 5 0
split_gain=5.63398 1.91837 3.71158 3.07469 1.81427 1.56506 1.5001 1.28044 1.36576 1.26572 2.06244 1.19666 1.08314 1.04819 1.09692 1.78536 1.03358 1.00942 0.982694
threshold=5.9624884708605153e-05 2.8650000000000007 0.00023094253407232539 2.0950000000000002 0.00069406867351463257 -1.8333333333333088 11.000000000000023 9.9999999999999769 0.63500000000000012 0.00012800050357699244 1.8650000000000004 0.0072724125723252495 0.0001508460846474173 -10.00000000000003 -0.99999999999998412 -0.01164042463269893 2.5950000000000002 8.5950000000000006 9.9140571660511425e-05
decision_type=2 2 2 2 2 2 2 2 2 2 2 2 2 2 2 2 2 2 2
left_child=16 5 9 -4 -5 11 7 -7 -9 -3 12 13 -11 -2 -15 -16 -1 -12 -17
right_child=1 2 3 4 -6 6 -8 8 -10 10 17 -13 -14 14 15 18 -18 -19 -20
leaf_value=0.0070543184280395512 0.012513272001296283 -0.00022911028246410561 0.027162955973939647 -0.0022507535472798806 0.015756683116842963 -5.3570785828947491e-05 0.013526675098708699 -0.0011696215832233429 0.014271700087585487 0.0036976885652169585 -0.0064873586587607867 0.010197328857563694 0.017929332848442229 3.2952682478317423e-05 0.013012620315402748 0.0086800282789688352 -0.0017674552857567501 0.0061513188433600591 -0.00079753533898146598
leaf_weight=33 25 183 29 26 29 1567 21 25 32 20 30 58 38 259 50 38 2344 32 91
leaf_count=33 25 183 29 26 29 1567 21 25 32 20 30 58 38 259 50 38 2344 32 91
internal_value=0 0.00170387 0.00491399 0.0141208 0.00724408 0.00113032 0.000381501 0.00021152 0.00749919 0.00236159 0.00631242 0.00349464 0.0130219 0.002655 0.00209231 0.00507205 -0.00164498 3.58297e-05 0.00199431
internal_weight=0 2553 387 84 55 2166 1645 1624 57 303 120 521 58 463 438 179 2377 62 129
internal_count=4930 2553 387 84 55 2166 1645 1624 57 303 120 521 58 463 438 179 2377 62 129
is_linear=0
shrinkage=0.0495


Tree=12
num_leaves=20
num_cat=0
split_feature=1 15 2 2 10 22 4 1 3 2 1 19 3 15 8 7 3 6 19
split_gain=5.17234 1.88189 3.32431 3.2141 1.72835 1.37644 1.12345 1.02468 2.27648 1.44255 1.33117 0.992206 1.03997 1.05091 1.13102 1.25367 1.84292 1.58155 1.42958
threshold=8.5272096956839468e-05 2.8650000000000007 0.00023094253407232539 0.00029961794808363559 -13.500000000000021 8.5496989259969971e-05 -3.999999999999992 0.00013944228635474928 1.7550000000000001 8.1442759883244378e-05 0.00019729277010111768 0.0052663790668910923 1.0450000000000002 2.3525000000000005 -1.0000000000000451 0.032112760217292931 1.7350000000000001 -2.0000000000000902 0.0039072115624585466
decision_type=2 2 2 2 2 2 2 2 2 2 2 2 2 2 2 2 2 2 2
left_child=6 4 7 -4 -2 -5 -1 9 -9 -3 -10 12 -6 14 -14 18 17 -17 -16
right_child=1 2 3 5 11 -7 -8 8 10 -11 -12 -13 13 -15 15 16 -18 -19 -20
leaf_value=0.009201004767254925 0.012039010819012565 0.011055885619132646 0.029741724000703545 0.01366704410423453 -0.00096377260799333461 -0.0012489320681383833 -0.0014488843038260237 0.017561541017735827 0.0078563220798689871 -0.0030027926280753649 -0.0047864288180340083 -0.001832232930656657 0.0055201643796385603 -0.00085901631852843723 0.00070406318812231937 0.021150157124678205 -0.0013073682612106203 0.0040066714281868183 0.012204577895365656
leaf_weight=24 35 21 22 39 330 24 2683 29 40 106 40 249 269 233 672 28 35 24 27
leaf_count=24 35 21 22 39 330 24 2683 29 40 106 40 249 269 233 672 28 35 24 27
internal_value=0 0.00183556 0.00530628 0.013616 0.0012498 0.00798477 -0.00135446 0.00231338 0.0057989 -0.000678129 0.00153495 0.00104754 0.00149072 0.00211959 0.00277743 0.00183875 0.00738628 0.0132378 0.00114829
internal_weight=0 2223 321 85 1902 63 2707 236 109 127 80 1867 1618 1288 1055 786 87 52 699
internal_count=4930 2223 321 85 1902 63 2707 236 109 127 80 1867 1618 1288 1055 786 87 52 699
is_linear=0
shrinkage=0.049005


Tree=13
num_leaves=20
num_cat=0
split_feature=1 5 15 0 3 3 5 14 17 21 0 15 1 0 14 14 14 15 1
split_gain=4.72011 1.53263 1.618 1.21114 1.59338 2.20965 2.8178 1.05019 1.02144 1.44228 0.982726 1.28041 2.52342 1.7915 2.42261 1.74531 1.53807 1.144 1.76193
threshold=6.4041690277100201e-05 6.5250000000000012 3.5650000000000004 0.00027221972456570873 1.2550000000000001 1.4350000000000003 5.1350000000000007 2.5150000000000001 -5.9999999999999964 -0.002371087374093694 3.9000094405630387e-05 2.8650000000000007 0.00012303775170909647 0.00016543990314313564 2.1550000000000007 1.9825000000000002 2.0750000000000006 2.1750000000000003 0.00039019123253236908
decision_type=2 2 2 2 2 2 2 2 2 2 2 2 2 2 2 2 2 2 2
left_child=-1 3 7 8 -5 6 -6 10 9 -2 -3 17 -13 16 15 -15 -14 18 -12
right_child=1 2 -4 4 5 -7 -8 -9 -10 -11 11 12 13 14 -16 -17 -18 -19 -20
leaf_value=-0.0015472932426856168 -0.0039458615408346238 0.012385043264290704 0.016650530205914452 -0.0025113920531041338 0.024406921275156028 0.00207611373489395 0.0031990438876091406 -0.0040657578530567534 -0.00018117413795915895 0.01230321603430733 0.0049905582290864364 -0.0037827650922087953 0.0088980848027483163 0.0061024012461841099 -0.00085113974290899929 0.025011218725855131 0.02769690792307835 -0.00056223871005310242 -0.0030592923582315728
leaf_weight=2268 20 26 20 64 30 97 29 51 1409 36 337 44 21 27 55 20 20 277 79
leaf_count=2268 20 26 20 64 30 97 29 51 1409 36 337 44 21 27 55 20 20 277 79
internal_value=0 0.00146467 0.00299344 0.000578254 0.0039347 0.00657925 0.0139827 0.00270803 7.42145e-05 0.00649997 0.00308934 0.00281469 0.00637718 0.00950332 0.00606055 0.0141487 0.0180682 0.00185338 0.00346186
internal_weight=0 2662 977 1685 220 156 59 957 1465 56 906 880 187 143 102 47 41 693 416
internal_count=4930 2662 977 1685 220 156 59 957 1465 56 906 880 187 143 102 47 41 693 416
is_linear=0
shrinkage=0.048515


Tree=14
num_leaves=20
num_cat=0
split_feature=0 15 2 3 8 12 21 14 4 8 15 20 17 1 3 6 22 5 5
split_gain=4.39083 1.47738 2.68475 2.55511 1.25359 1.29078 1.25112 1.11502 1.29833 1.09667 1.2056 1.05547 1.07197 0.945853 1.71246 1.22083 0.942109 0.935551 0.912592
threshold=5.9624884708605153e-05 2.8850000000000002 0.00024586357762412678 2.0450000000000004 -1.8333333333333088 11.000000000000023 0.0051910688482241793 1.9450000000000001 2.4999999999999916 9.9999999999999769 0.63500000000000012 0.0072724125723252495 1.0000000000000007 0.00012800050357699244 1.8650000000000004 3.0000000000000031 -1.0000000180025095e-35 2.5950000000000002 8.5950000000000006
decision_type=2 2 2 2 2 2 2 2 2 2 2 2 2 2 2 2 2 2 2
left_child=17 4 13 -4 7 9 16 8 11 -6 -11 -2 -13 -3 15 -15 -5 -1 -16
right_child=1 2 3 6 5 -7 -8 -9 -10 10 -12 12 -14 14 18 -17 -18 -19 -20
leaf_value=0.0066196318025320616 0.001887106132721377 -6.1927858715225072e-05 0.026848629152985019 0.019093818465946093 -5.9867923327541989e-05 0.012160853356318346 -0.0024276734693315693 -0.0040282248938488035 0.010394664011896239 -0.0011811192500559376 0.012895698413933024 0.003584679732548167 0.017939932872824756 0.017267198836343277 -0.0061855409706223557 0.0023124221511645207 0.0045282068832431287 -0.0015240968371957413 0.0056679127948021674
leaf_weight=33 366 181 20 21 1576 21 21 47 59 25 32 30 20 34 29 20 20 2344 31
leaf_count=33 366 181 20 21 1576 21 21 47 59 25 32 30 20 34 29 20 20 2344 31
internal_value=0 0.00145755 0.00423335 0.011921 0.000976626 0.000328997 0.0071057 0.00302869 0.00372696 0.000176842 0.00672166 0.0027813 0.00932678 0.00209644 0.00552331 0.0117284 0.0119886 -0.00141104 -6.12565e-05
internal_weight=0 2553 377 82 2176 1654 62 522 475 1633 57 416 50 295 114 54 41 2377 60
internal_count=4930 2553 377 82 2176 1654 62 522 475 1633 57 416 50 295 114 54 41 2377 60
is_linear=0
shrinkage=0.0480298


Tree=15
num_leaves=20
num_cat=0
split_feature=2 2 20 22 22 3 7 3 3 14 15 10 0 4 5 7 0 8 0
split_gain=3.82266 1.93801 1.20876 1.76867 1.06455 1.22933 0.95463 0.921806 0.954092 1.55101 1.59925 1.66111 1.4214 1.3301 1.22894 0.97125 1.61158 0.95492 0.887232
threshold=5.3023220642760116e-05 0.00039476482329121225 0.010302608131656401 -0.00040196985020102266 0.0035895062764245149 1.3750000000000002 0.0024293753586436266 0.56500000000000006 1.4650000000000001 0.31500000000000006 0.83500000000000008 3.9999999999999871 0.00013863419751438427 2.4999999999999916 4.6250000000000009 0.022326380633742596 7.8280192166547326e-05 -1.0000000000000118 0.00043325905704161266
decision_type=2 2 2 2 2 2 2 2 2 2 2 2 2 2 2 2 2 2 2
left_child=-1 4 3 6 7 -6 -3 -2 9 10 13 12 17 15 -14 -9 -17 -12 -5
right_child=1 2 -4 18 5 -7 -8 8 -10 -11 11 -13 14 -15 -16 16 -18 -19 -20
leaf_value=-0.0017308791194889127 0.009417745274824715 0.01905709880504684 0.014514118457332704 0.0059517726189725053 -0.00097451559814174622 0.012675247423746271 0.0052024807042694412 -0.0016257939794078965 0.0012988832440531226 -0.0019985908993123669 0.02111552437352671 -0.0019762859603006367 0.012012720228603389 0.010517267372368213 -0.0030125640489386428 -0.0041396842901142619 0.011488750587492429 0.0087776489439703228 -0.00093850528184521108
leaf_weight=1862 26 23 27 69 26 35 22 389 1385 714 23 49 20 25 32 26 35 37 109
leaf_count=1862 26 23 27 69 26 35 22 389 1385 714 23 49 20 25 32 26 35 37 109
internal_value=0 0.000999531 0.0050121 0.00386163 0.000644059 0.00685732 0.0122837 0.000506786 0.000422075 -0.000477465 0.00123021 0.00532574 0.00852038 -0.000157953 0.00276639 -0.000751021 0.00482745 0.0135072 0.00173245
internal_weight=0 3072 250 223 2822 61 45 2761 2735 1350 636 161 112 475 52 450 61 60 178
internal_count=4934 3072 250 223 2822 61 45 2761 2735 1350 636 161 112 475 52 450 61 60 178
is_linear=0
shrinkage=0.0475495


Tree=16
num_leaves=20
num_cat=0
split_feature=2 3 3 10 17 3 3 22 2 2 17 4 4 14 5 6 20 20 13
split_gain=3.46777 1.81154 1.77321 0.943116 0.900565 0.886002 1.12487 0.9872 0.992731 0.761986 1.2003 0.787351 0.751872 0.934942 1.06972 0.766223 0.720659 1.07699 0.972991
threshold=5.3023220642760116e-05 4.4250000000000007 5.9650000000000007 3.9999999999999871 -1.4999999999999789 1.0950000000000004 0.56500000000000006 0.0035895062764245149 0.00018945482639317587 0.00065272114878945785 1.0000000000000007 4.9999999999999938 0.49999999999999495 0.33500000000000008 3.2850000000000006 3.0000000000000031 -0.011541446003826448 -0.0090143713578973977 -0.99999999999998967
decision_type=2 2 2 2 2 2 2 2 2 2 2 2 2 2 2 2 2 2 2
left_child=-1 5 3 4 -3 6 -2 9 -9 11 -11 16 -8 14 -14 -16 -7 18 -18
right_child=1 2 -4 -5 -6 7 12 8 -10 10 -12 -13 13 -15 15 -17 17 -19 -20
leaf_value=-0.0016320908571150444 0.008880236766350684 0.0085117878500197072 -0.0024531381757638003 0.0040592180791191278 0.02183379490380109 -0.0034705978541467899 -0.0020058351978378525 0.013624452119759394 0.00097366737675523378 0.0012441587795316935 0.015700470809195507 -0.0048894299476890096 -3.3746339706095914e-05 -0.0021796125377961028 0.0036268057168012255 0.016063684717360707 0.00083143937178257153 0.0010027922235392736 0.012491278564666641
leaf_weight=1862 26 22 30 26 23 76 507 28 27 35 20 51 48 78 21 23 29 1967 35
leaf_count=1862 26 22 30 26 23 76 507 28 27 35 20 51 48 78 21 23 29 1967 35
internal_value=0 0.000942483 0.0071424 0.0111968 0.0153208 0.000731716 -0.000728413 0.0011843 0.00741407 0.00102947 0.006501 0.000890024 -0.00109743 0.00161175 0.00482617 0.0101279 0.00102992 0.00119833 0.00720791
internal_weight=0 3072 101 71 45 2971 703 2268 55 2213 55 2158 677 170 92 44 2107 2031 64
internal_count=4934 3072 101 71 45 2971 703 2268 55 2213 55 2158 677 170 92 44 2107 2031 64
is_linear=0
shrinkage=0.047074


Tree=17
num_leaves=20
num_cat=0
split_feature=2 3 3 14 0 3 14 22 15 15 2 8 7 14 3 3 3 0 0
split_gain=3.14897 1.64501 1.6102 0.890467 0.960501 0.824016 1.77276 1.81554 2.34589 1.09586 2.23672 0.818246 0.873192 0.974542 0.807037 0.964236 1.59988 1.5204 1.84662
threshold=5.3023220642760116e-05 4.4250000000000007 5.9650000000000007 1.8650000000000004 0.0007605480737970299 1.4750000000000003 0.37500000000000006 0.0015087822616884907 0.065000000000000016 0.87500000000000011 7.7450162525864727e-05 -6.9999999999999609 0.028493582048260805 0.115 2.5550000000000002 2.0150000000000001 1.8050000000000004 8.1387976630903345e-05 4.9374420194535015e-05
decision_type=2 2 2 2 2 2 2 2 2 2 2 2 2 2 2 2 2 2 2
left_child=-1 5 3 -3 -5 6 7 9 -9 11 -11 -2 -13 -14 15 16 -7 18 -17
right_child=1 2 -4 4 -6 14 -8 8 -10 10 -12 12 13 -15 -16 17 -18 -19 -20
leaf_value=-0.0015397090343703132 0.0083309726891258699 0.018897316664266587 -0.0023142826319189221 0.0012649249874939778 0.01407828054369918 0.0023001865377357449 -0.0017435558068183931 -0.0021480440126171907 0.017498352504095645 0.017866103437560493 0.0020410380328119951 -0.0013003091962065923 0.012233928813114915 -0.0011905065696866332 -0.0015408929709489153 0.0032572326518725968 -0.0018629131272692875 0.0023860762601334295 0.018362447642505112
leaf_weight=1862 23 20 30 27 24 706 721 22 33 22 164 445 23 24 172 39 280 265 32
leaf_count=1862 23 20 30 27 24 706 721 22 33 22 164 445 23 24 172 39 280 265 32
internal_value=0 0.000889136 0.00673811 0.0105631 0.00729474 0.000690298 -9.02827e-05 0.00148645 0.00963979 0.000846744 0.00391282 -0.000260616 -0.000662255 0.0053789 0.001462 0.00185269 0.00111797 0.00400875 0.0100652
internal_weight=0 3072 101 71 51 2971 1477 756 55 701 186 515 492 47 1494 1322 986 336 71
internal_count=4934 3072 101 71 51 2971 1477 756 55 701 186 515 492 47 1494 1322 986 336 71
is_linear=0
shrinkage=0.0466033


Tree=18
num_leaves=20
num_cat=0
split_feature=2 2 20 22 7 22 0 0 18 21 11 15 5 0 1 14 14 15 7
split_gain=2.8623 1.52488 1.05521 1.61762 0.842613 0.827902 0.824663 1.52742 0.813516 0.731739 0.638081 0.982016 0.602611 1.00233 1.53966 0.851485 3.16001 1.51127 0.798712
threshold=5.3023220642760116e-05 0.00039476482329121225 0.010302608131656401 -0.00040196985020102266 0.0024293753586436266 0.0035895062764245149 0.00043325905704161266 0.00024715196267545767 -0.072801367859805829 -0.0036798758736898414 -2.0000000000000235 2.6225000000000005 6.5250000000000012 3.8387150197558272e-05 7.1334953898401381e-05 1.2350000000000001 1.155 1.6250000000000002 0.0029225816754877569
decision_type=2 2 2 2 2 2 2 2 2 2 2 2 2 2 2 2 2 2 2
left_child=-1 5 3 4 -3 12 7 -5 -8 -7 11 -10 -2 14 -14 16 18 -18 -15
right_child=1 2 -4 6 -6 9 8 -9 10 -11 -12 -13 13 15 -16 -17 17 -19 -20
leaf_value=-0.0014532741034222435 -4.496655250642504e-05 0.017239575269010252 0.012907119522520242 -0.0019486439157786117 0.0046097742221186183 0.012345035590260312 0.006934780458515733 0.011793277448043475 -0.0059149566863464309 0.0019185263612913441 -0.0074752974201239544 0.0072948825531870811 -0.0017629056682099712 0.0030191004539447961 0.014196250180836199 0.00019026494148401105 0.023036648342668397 0.0072952246211929733 -0.0041017820206388743
leaf_weight=1862 1895 23 27 33 22 23 21 36 25 38 40 23 22 76 31 620 20 37 60
leaf_count=1862 1895 23 27 33 22 23 21 36 25 38 40 23 22 76 31 620 20 37 60
internal_value=0 0.000839222 0.00429279 0.0032498 0.011065 0.000533272 0.00127404 0.00522105 -0.00122452 0.00584983 -0.00317163 0.000414758 0.000415811 0.00142409 0.00757169 0.00102333 0.00369949 0.0128185 -0.000122465
internal_weight=0 3072 250 223 45 2822 178 69 109 61 88 48 2761 866 53 813 193 57 136
internal_count=4934 3072 250 223 45 2822 178 69 109 61 88 48 2761 866 53 813 193 57 136
is_linear=0
shrinkage=0.0461372


Tree=19
num_leaves=20
num_cat=0
split_feature=1 3 3 3 14 15 15 22 7 18 6 21 7 6 8 20 18 19 12
split_gain=2.6099 1.37331 1.45832 0.849287 1.34176 1.78034 1.12017 1.19781 0.828147 0.872838 0.822444 1.27288 1.66088 2.65889 1.33828 1.29087 1.5563 1.06236 0.994646
threshold=5.2947928287792676e-05 4.4250000000000007 5.9650000000000007 1.4650000000000001 0.37500000000000006 1.7350000000000001 -0.094999999999999987 0.0018993318980233822 0.030515226888548467 -0.014094118853246849 8.2500000000000036 -0.0019019036692760614 -0.016070927414211008 -1.0000000000000007 -0.50000000000002254 0.0068010458736190724 -0.0013072314220808898 0.00098386584580700842 2.0000000000000009
decision_type=2 2 2 2 2 2 2 2 2 2 2 2 2 2 2 2 2 2 2
left_child=-1 3 -3 4 5 6 -2 8 -8 -10 11 14 13 -13 15 16 -5 -15 -16
right_child=1 2 -4 10 -6 -7 7 -9 9 -11 -12 12 -14 17 18 -17 -18 -19 -20
leaf_value=-0.0012984580102996476 -0.0039865442561796728 0.0096431470475929447 -0.0023679916654364163 0.00013743686154762502 -0.0016153571748497028 0.011948639393368769 0.00048999126749095729 0.010887409831835703 0.00045755126907689602 0.013183338277913926 -0.00095505347923428993 -0.00050837046248559839 5.5417414232358291e-06 0.019516151229310462 0.00096476441011682094 0.018480331100942882 0.012090498088217862 0.0073995809582907274 0.0076854410219561239
leaf_weight=1997 90 71 30 47 674 31 495 27 22 23 253 70 698 26 221 21 44 36 58
leaf_count=1997 90 71 30 47 674 31 495 27 22 23 253 70 698 26 221 21 44 36 58
internal_value=0 0.000841755 0.00607548 0.000655364 -0.000166919 0.00125205 0.000747336 0.00149875 0.00102931 0.00696184 0.00141517 0.00190629 0.000894081 0.00559257 0.00405498 0.00827258 0.00591694 0.0124807 0.00236189
internal_weight=0 2937 101 2836 1362 688 657 567 540 45 1474 1221 830 132 391 112 91 62 279
internal_count=4934 2937 101 2836 1362 688 657 567 540 45 1474 1221 830 132 391 112 91 62 279
is_linear=0
shrinkage=0.0456759


Tree=20
num_leaves=20
num_cat=0
split_feature=0 15 2 3 10 21 14 15 14 15 3 1 22 19 7 21 15 15 7
split_gain=2.85251 1.30518 2.12275 2.52201 1.17601 1.06325 0.915715 2.56288 1.74521 1.34978 1.29248 1.49297 1.78657 1.41373 1.8405 1.07616 0.986903 1.21022 1.45884
threshold=5.9624884708605153e-05 2.8850000000000002 0.00024586357762412678 2.0450000000000004 -13.500000000000021 0.0051910688482241793 1.2350000000000001 1.6050000000000002 1.155 1.4025000000000001 2.1950000000000007 0.0005691685285342925 -0.00030758686999154955 -0.0014171121029019627 0.0013974297135425087 0.0036459952716770831 2.0050000000000003 1.7750000000000001 0.0087422430363819376
decision_type=2 2 2 2 2 2 2 2 2 2 2 2 2 2 2 2 2 2 2
left_child=-1 4 -3 -4 -2 -5 7 8 9 -6 -8 12 -12 14 -14 -15 17 18 -9
right_child=1 2 3 5 6 -7 10 16 -10 -11 11 -13 13 15 -16 -17 -18 -19 -20
leaf_value=-0.0011686424769031735 0.0094865692583353898 0.0019762800709675933 0.026509563513100149 0.010776417157272013 0.00096016664739590201 -0.0030586472756805876 -0.002312083090911572 0.0043542689220471822 0.014339083368363587 -0.0048720484479851684 -0.002693797316816118 -0.005145824959470054 0.0087409128936437458 0.0074188885785508576 -0.0077319462845722832 0.019693922351759215 0.018037419340440206 -0.0012855607498851087 0.019117939348022143
leaf_weight=2377 38 295 20 41 1104 21 491 44 23 109 72 59 39 57 30 26 21 36 27
leaf_count=2377 38 295 20 41 1104 21 491 44 23 109 72 59 39 57 30 26 21 36 27
internal_value=0 0.00123831 0.00395436 0.0110706 0.00076774 0.00609035 0.000612775 0.00139226 0.000694797 0.000436085 -0.000760897 0.00193038 0.00379421 0.00686747 0.0015788 0.0112641 0.00812717 0.00618217 0.00996862
internal_weight=0 2553 377 82 2176 62 2138 1364 1236 1213 774 283 224 152 69 83 128 107 71
internal_count=4930 2553 377 82 2176 62 2138 1364 1236 1213 774 283 224 152 69 83 128 107 71
is_linear=0
shrinkage=0.05


Tree=21
num_leaves=20
num_cat=0
split_feature=0 8 17 6 19 17 0 12 19 8 7 2 9 18 21 5 16 10 5
split_gain=2.57644 0.96763 1.07523 1.2526 1.35117 0.804961 0.895641 0.80378 0.860497 0.996512 0.776057 0.765611 0.721137 0.707869 0.696218 0.696054 0.838517 1.54452 0.702507
threshold=6.4169239987704624e-05 -2.9999999999999942 7.0000000000000044 11.999999999999991 -0.00010943194516133124 3.9999999999999707 0.00010878919686774466 11.000000000000023 0.0070142224585086907 9.9999999999999769 -0.0043739675529162461 0.00020450453634981801 4.0000000000000018 -0.060344974285215618 -0.0014498209064877641 4.6850000000000014 5.9999999999999725 6.5000000000000178 2.5950000000000002
decision_type=2 2 2 2 2 2 2 2 2 2 2 2 2 2 2 2 2 2 2
left_child=15 2 3 5 -5 6 10 8 9 13 -2 -7 -11 14 -3 18 -17 -18 -1
right_child=1 7 -4 4 -6 11 -8 -9 -10 12 -12 -13 -14 -15 -16 16 17 -19 -20
leaf_value=0.0052343287480038567 0.014030927745625378 0.001639581455366455 -0.0047910275784405799 0.001692096676145281 0.017915992777455935 0.0027298617362976076 -0.00022503698987143858 0.0097505962997674958 -0.0024950306644623589 0.013328785209783487 0.0021368661196902393 0.01656469700857997 0.0015175371430814267 0.0013359004022408746 -0.0029129629619934591 -0.0003488584896860517 0.013599764625541867 -0.00052353967437330563 -0.001727897291928359
leaf_weight=37 24 137 33 21 33 20 143 25 188 28 32 20 24 1492 217 629 32 49 1746
leaf_count=37 24 137 33 21 33 20 143 25 188 28 32 20 24 1492 217 629 32 49 1746
internal_value=0 0.00122999 0.00376531 0.00472899 0.0116067 0.00317503 0.00187408 0.000838465 0.000731656 0.00105126 0.00723432 0.00964728 0.00787744 0.000858978 -0.0011511 -0.00105621 0.000267756 0.00505604 -0.00158342
internal_weight=0 2437 326 293 54 239 199 2111 2086 1898 56 40 52 1846 354 2493 710 81 1783
internal_count=4930 2437 326 293 54 239 199 2111 2086 1898 56 40 52 1846 354 2493 710 81 1783
is_linear=0
shrinkage=0.05


Tree=22
num_leaves=20
num_cat=0
split_feature=0 15 2 2 22 10 14 15 14 15 3 1 22 3 3 18 15 15 7
split_gain=2.32738 1.20675 2.04261 2.51013 1.07887 1.00296 0.841883 2.3105 1.56764 1.21045 1.20734 1.32718 1.59421 1.13755 2.02901 1.58324 0.882087 1.1042 1.30775
threshold=5.9624884708605153e-05 2.8650000000000007 0.00023094253407232539 0.00029961794808363559 8.5496989259969971e-05 -13.500000000000021 1.2350000000000001 1.6050000000000002 1.155 1.4025000000000001 2.1950000000000007 0.0005691685285342925 -0.00030758686999154955 2.5050000000000003 3.1350000000000002 -0.01720899470899467 2.0050000000000003 1.7750000000000001 0.0087422430363819376
decision_type=2 2 2 2 2 2 2 2 2 2 2 2 2 2 2 2 2 2 2
left_child=-1 5 -3 -4 -5 -2 7 8 9 -7 -8 12 -12 15 -15 -14 17 18 -9
right_child=1 2 3 4 -6 6 10 16 -10 -11 11 -13 13 14 -16 -17 -18 -19 -20
leaf_value=-0.001055665953154568 0.0087104737464534614 0.0017776069578656272 0.02555985770055226 0.010731898467892256 -0.0027418054174631837 0.00084836859107557418 -0.0023339648750374921 0.0041164951906962829 0.013528797564947088 -0.0046746489156140108 -0.0025984217102328938 -0.0049559839840593008 0.0019246690720319749 -0.0024651739994684856 0.013460465855896473 0.01821267814249606 0.017023418772788273 -0.0013177298733757603 0.01809478678085186
leaf_weight=2377 38 303 21 39 24 1104 482 44 23 109 72 58 25 60 30 37 21 36 27
leaf_count=2377 38 303 21 39 24 1104 482 44 23 109 72 58 25 60 30 37 21 36 27
internal_value=0 0.00111847 0.00369021 0.0105893 0.00559906 0.000658978 0.000515201 0.0012595 0.000597269 0.000352071 -0.000813632 0.00178495 0.00353037 0.00643348 0.00284337 0.0116449 0.00765421 0.00581539 0.00943218
internal_weight=0 2553 387 84 63 2166 2128 1364 1236 1213 764 282 224 152 90 62 128 107 71
internal_count=4930 2553 387 84 63 2166 2128 1364 1236 1213 764 282 224 152 90 62 128 107 71
is_linear=0
shrinkage=0.05


Tree=23
num_leaves=20
num_cat=0
split_feature=0 15 2 2 8 17 6 0 17 17 21 14 1 3 5 20 5 12 19
split_gain=2.10389 1.0532 1.67113 2.11825 0.987828 0.986481 1.04952 0.981131 1.042 0.97414 0.960856 0.953941 1.09063 2.01905 0.818482 1.44574 0.782652 0.779777 0.866859
threshold=6.4169239987704624e-05 2.8650000000000007 0.00023094253407232539 0.00029961794808363559 -2.9999999999999853 7.0000000000000044 11.999999999999991 0.00010878919686774466 3.0000000000000022 2.1666666666666727 -0.0003747989295963538 2.7450000000000006 0.0001508460846474173 1.8650000000000004 5.3750000000000009 -0.00029461467348873555 4.8750000000000009 11.000000000000023 0.0052663790668910923
decision_type=2 2 2 2 2 2 2 2 2 2 2 2 2 2 2 2 2 2 2
left_child=-1 4 9 -4 5 6 7 16 -9 11 -5 12 14 -14 15 -3 -2 18 -6
right_child=1 2 3 10 17 -7 -8 8 -10 -11 -12 -13 13 -15 -16 -17 -18 -19 -20
leaf_value=-0.00095453202101333616 0.0032674005875984826 0.013500948778043191 0.023996348455548287 0.012932013362646103 0.00051141395505358272 -0.0057910189584449486 0.011114489926916103 -0.001208623340851023 0.0082935337178610471 -0.0035671245814724406 0.0003106135874986649 0.012768824910745026 0.017953196857814435 -0.00013441193021006053 -0.0033062204893897565 -0.00404166358968486 0.014866831984657509 0.0095777399329976601 -0.0029493472043697431
leaf_weight=2493 33 24 20 25 1542 27 46 131 37 66 38 24 27 36 85 23 26 22 205
leaf_count=2493 33 24 20 25 1542 27 46 131 37 66 38 24 27 36 85 23 26 22 205
internal_value=0 0.0011114 0.00357605 0.00981965 0.000673029 0.00332601 0.00422769 0.00283213 0.000884114 0.00175774 0.00531911 0.00336249 0.00220479 0.00761742 -0.000378517 0.00491627 0.00837901 0.000223117 0.000105314
internal_weight=0 2437 368 83 2069 300 273 227 168 285 63 219 195 63 132 47 59 1769 1747
internal_count=4930 2437 368 83 2069 300 273 227 168 285 63 219 195 63 132 47 59 1769 1747
is_linear=0
shrinkage=0.05


Tree=24
num_leaves=20
num_cat=0
split_feature=0 0 8 8 1 0 2 19 19 14 3 3 14 14 7 6 1 1 20
split_gain=1.91537 0.7991 1.22902 1.38599 0.697559 1.06324 2.01748 0.878059 0.714363 0.683783 0.966533 1.08344 1.27346 1.30604 0.776389 1.44855 0.767186 0.962446 1.05019
threshold=4.2959957601579263e-05 0.0010988899644920446 -5.0000000000000009 1.0000000000000007 0.00053737710335938812 0.00054901410283091925 0.00033799561729511385 0.0065163145618046822 0.0059419278695325159 0.31500000000000006 1.5550000000000004 1.8050000000000004 0.75500000000000012 2.2850000000000006 0.030515226888548467 -1.0000000000000007 0.00019355594328943979 9.7721174708813492e-05 0.00093553805852708571
decision_type=2 2 2 2 2 2 2 2 2 2 2 2 2 2 2 2 2 2 2
left_child=-1 4 -3 -4 5 7 -7 8 9 14 -11 12 -12 16 -2 -16 17 -14 -19
right_child=1 2 3 -5 -6 6 -8 -9 -10 10 11 -13 13 -15 15 -17 -18 18 -20
leaf_value=-0.0011865448829515902 0.0016968518431713436 0.016184570622586072 -0.0048113519093021754 0.011083759165679415 -0.0032927323132753376 0.015075090346591814 -0.0042475572533228183 -0.0018658681227793905 0.0083303419647343235 -0.00073298081149668413 0.012928376646919383 0.00032044164698688028 -0.0014510185797424878 0.009722869581094494 0.01573629392760581 0.00072065932779676392 -0.0067296512424945831 0.0012718965113162996 0.013015164051092033
leaf_weight=1890 671 21 32 24 105 35 22 294 33 916 36 541 85 54 29 36 28 45 33
leaf_count=1890 671 21 32 24 105 35 22 294 33 916 36 541 85 54 29 36 28 45 33
internal_value=0 0.000840448 0.00586913 0.00200084 0.000709767 0.000856814 0.00761723 0.000719241 0.0010224 0.000924922 0.00038399 0.00162869 0.00414742 0.00285716 0.00220229 0.00741994 0.000916068 0.00222944 0.0062402
internal_weight=0 3040 77 56 2963 2858 57 2801 2507 2474 1738 822 281 245 736 65 191 163 78
internal_count=4930 3040 77 56 2963 2858 57 2801 2507 2474 1738 822 281 245 736 65 191 163 78
is_linear=0
shrinkage=0.05


Tree=25
num_leaves=20
num_cat=0
split_feature=2 2 2 16 16 13 5 3 3 6 22 3 16 22 5 11 16 14 22
split_gain=1.64364 1.14071 0.935197 0.998808 0.856852 0.961389 0.837253 0.781497 0.732851 0.692603 0.989786 1.21098 0.608736 0.628017 0.564505 0.605273 1.06895 1.8219 0.743417
threshold=0.00039476482329121225 5.3023220642760116e-05 0.00040917202179151669 -13.00000000000002 -6.9999999999999885 -1.0000000180025095e-35 16.685000000000006 3.3150000000000004 0.56500000000000006 24.500000000000014 0.0035895062764245149 1.3750000000000002 6.0000000000000027 -1.2078534636139613e-05 3.0150000000000001 8.9999999999999982 8.9999999999999929 0.21500000000000002 -0.00014493920609276453
decision_type=2 2 2 2 2 2 2 2 2 2 2 2 2 2 2 2 2 2 2
left_child=1 -1 -2 -4 -5 -6 7 12 -3 10 14 -12 13 -7 -10 16 -16 -18 -19
right_child=2 8 3 4 5 6 -8 -9 9 -11 11 -13 -14 -15 15 -17 17 18 -20
leaf_value=-0.0012198076697484571 0.014272263087332249 0.0087302641799816717 0.013394625733296077 -0.006020515412092209 0.0097629785451085072 0.0038200856282793248 -0.0077433033592321666 0.011377500674941324 -0.0024628382571582688 -0.0065935468508137602 -0.0015238189138472081 0.013333900924772026 0.0072228648734313471 -0.0060070659159808552 0.0003876099449866019 -0.0032017466894120254 0.01800918893321701 0.0083409487558849926 -0.0017594042747300501
leaf_weight=1862 20 26 21 29 43 29 22 22 179 36 24 32 27 37 2315 109 23 29 49
leaf_count=1862 20 26 21 29 43 29 22 22 179 36 24 32 27 37 2315 109 23 29 49
internal_value=0 -0.000259219 0.00390175 0.00299996 0.00195552 0.00324055 0.00119336 0.00290299 0.000374592 0.000296893 0.000386768 0.00696631 0.000898262 -0.00168908 0.000250505 0.000442857 0.000607287 0.00564246 0.00199586
internal_weight=0 4684 250 230 209 180 137 115 2822 2796 2760 56 93 66 2704 2525 2416 101 78
internal_count=4934 4684 250 230 209 180 137 115 2822 2796 2760 56 93 66 2704 2525 2416 101 78
is_linear=0
shrinkage=0.05


Tree=26
num_leaves=20
num_cat=0
split_feature=5 16 21 3 14 14 6 12 18 14 0 17 5 3 21 19 18 6 3
split_gain=1.50876 0.942734 1.52873 1.37036 1.17676 0.837801 0.974223 1.54344 0.963788 0.98286 0.933798 0.875887 0.810859 1.58133 0.774662 1.22736 0.929722 0.965905 0.820155
threshold=6.5250000000000012 8.9999999999999929 -0.0014498209064877641 1.155 0.39500000000000007 2.5650000000000004 8.7499999999999929 2.0000000000000009 0.046412574524724699 2.0950000000000002 0.00024715196267545767 -1.0000000180025095e-35 2.5950000000000002 0.8650000000000001 0.0087793400632140157 0.0065163145618046822 -0.045557176942662363 -8.2500000000000888 1.8050000000000004
decision_type=2 2 2 2 2 2 2 2 2 2 2 2 2 2 2 2 2 2 2
left_child=1 12 3 -3 -5 6 14 8 -8 10 -10 -12 13 -1 15 18 -16 -18 -2
right_child=5 2 -4 4 -6 -7 7 -9 9 -11 11 -13 -14 -15 16 -17 17 -19 -20
leaf_value=0.011714095104899673 0.0055231607759572534 -0.0017838705064994948 -0.00071138492829742885 0.021358644325907034 0.0057010938723882042 -0.0042928484971063181 -0.0058166158184701326 0.011504634418948131 -0.0037263716012239457 -0.0082614202229749599 0.0016733006263772649 0.015485285882922736 -0.00077406444335528682 -0.0048550210117052003 -0.0012836741283535958 -0.0035867853974923497 0.0034028646314427967 0.017588429764977525 0.0017490087177705121
leaf_weight=36 213 21 105 24 24 57 102 22 25 21 24 22 3621 24 20 80 21 28 444
leaf_count=36 213 21 105 24 24 57 102 22 25 21 24 22 3621 24 20 80 21 28 444
internal_value=0 -0.00050854 0.0030878 0.00886917 0.0135299 0.00160669 0.00193572 -0.00104633 -0.00246963 0.00124116 0.00405178 0.00827903 -0.000678539 0.00508645 0.00273488 0.00226058 0.00780091 0.0115089 0.00297259
internal_weight=0 3855 174 69 48 1079 1022 216 194 92 71 46 3681 60 806 737 69 49 657
internal_count=4934 3855 174 69 48 1079 1022 216 194 92 71 46 3681 60 806 737 69 49 657
is_linear=0
shrinkage=0.05


Tree=27
num_leaves=20
num_cat=0
split_feature=3 3 2 1 21 19 0 8 3 5 12 21 4 1 19 3 20 6 13
split_gain=1.44245 1.46574 1.2336 0.919542 0.936664 1.20367 0.885369 1.11623 0.941635 0.936458 0.947581 0.770791 0.764429 0.751812 0.73239 0.730146 0.709039 0.692343 1.04787
threshold=2.0150000000000001 2.0850000000000004 0.0003445088108923069 0.00036298420079258227 -0.0076289524818936574 -0.0032448730329202586 0.00020844858457957848 -3.0000000000000004 2.1950000000000007 6.6550000000000011 -5.2499999999999982 -0.0016941790545052513 -3.0000000000000133 0.00016864124010515096 -0.0017939318787163481 2.2950000000000004 0.00024703679426307806 0.99999999999988998 0.49999999999999495
decision_type=2 2 2 2 2 2 2 2 2 2 2 2 2 2 2 2 2 2 2
left_child=12 14 6 -4 -5 -6 7 -3 -9 -10 -11 -7 13 -1 -2 -12 -16 18 -13
right_child=1 2 3 4 5 11 -8 8 9 10 15 17 -14 -15 16 -17 -18 -19 -20
leaf_value=0.011428061251839003 0.0020641737133264542 0.011403118011852106 0.011276073209368267 0.010499839193653316 -0.0080543229934470408 -0.004784332620708839 -0.0043076789744620056 -0.0054216831697729128 0.011346729634248693 0.009738192642512529 0.0073352700471878063 0.018272770959883926 -0.00044351414488367797 -0.0010236625813625077 0.019179995002394375 -0.0031569393217256389 0.0067529708302269389 0.0006027869507670403 0.0033960305025865292
leaf_weight=27 25 24 39 32 29 23 106 58 23 23 20 20 4251 22 22 97 24 40 29
leaf_count=27 25 24 39 32 29 23 106 58 23 23 20 20 4251 22 22 97 24 40 29
internal_value=0 0.00218276 0.00132902 0.00434056 0.00277706 0.00102437 -0.000489918 0.00116185 4.96736e-05 0.00199654 0.000460434 0.00337511 -0.00037194 0.00583749 0.00895261 -0.0013634 0.0126963 0.00548373 0.00946817
internal_weight=0 634 563 212 173 141 351 245 221 163 140 112 4300 49 71 117 46 89 49
internal_count=4934 634 563 212 173 141 351 245 221 163 140 112 4300 49 71 117 46 89 49
is_linear=0
shrinkage=0.05


Tree=28
num_leaves=20
num_cat=0
split_feature=2 3 3 14 0 6 22 3 2 17 20 6 8 0 0 8 2 0 1
split_gain=1.35435 0.933637 1.13984 0.811818 0.759687 0.654098 0.679003 0.860559 0.688975 0.955608 0.650332 0.544065 0.80519 0.60458 1.07008 0.826926 0.771967 0.978691 0.711222
threshold=5.3023220642760116e-05 4.4250000000000007 5.9650000000000007 1.8650000000000004 0.0007605480737970299 24.500000000000014 0.0035895062764245149 1.3250000000000004 0.00065272114878945785 1.0000000000000007 -0.011541446003826448 16.499999999999986 -1.9999999999999993 0.00036480529136813123 0.00048546996558780745 0.50000000000004496 0.00039476482329121225 0.00021536178199205505 0.00040598016524474103
decision_type=2 2 2 2 2 2 2 2 2 2 2 2 2 2 2 2 2 2 2
left_child=-1 5 3 -3 -5 6 8 -8 10 -10 -2 13 -13 16 -15 18 -12 -18 -16
right_child=1 2 -4 4 -6 -7 7 -9 9 -11 11 12 -14 14 15 -17 17 -19 -20
leaf_value=-0.0011055227742199291 -0.0038066479478679272 0.017321452647447586 -0.0028404423718651137 -0.00031777046344898366 0.011908246949315072 -0.0051709331279876187 -0.0022728011899051212 0.010339226720756607 0.00060517737021048871 0.014714929163455966 0.00045054039921783005 0.011786127835512162 0.00082021142415543825 -0.0059332511765827047 0.012332284397312574 -0.0041148293932730499 0.00046547330915927885 0.015304796360433102 0.00118859990603394
leaf_weight=1862 92 20 30 27 24 51 21 38 30 20 2390 26 47 101 21 44 25 20 45
leaf_count=1862 92 20 30 27 24 51 21 38 30 20 2390 26 47 101 21 44 25 20 45
internal_value=0 0.000603447 0.00533103 0.00878376 0.00543565 0.000442731 0.000540778 0.0058502 0.000431286 0.00624908 0.000327804 0.000467697 0.00472588 0.000350219 -0.00221728 0.00119466 0.0005727 0.00706073 0.00473432
internal_weight=0 3072 101 71 51 2971 2920 59 2861 50 2811 2719 73 2646 211 110 2435 45 66
internal_count=4934 3072 101 71 51 2971 2920 59 2861 50 2811 2719 73 2646 211 110 2435 45 66
is_linear=0
shrinkage=0.05


Tree=29
num_leaves=20
num_cat=0
split_feature=5 4 18 14 3 15 21 5 3 2 2 20 22 2 1 8 2 15 18
split_gain=1.25523 1.0896 1.25382 0.834367 1.02826 1.53537 1.12948 0.90954 2.04652 0.834928 0.760756 0.958578 1.22029 1.02725 0.799326 1.59717 0.777016 1.68954 0.776044
threshold=4.8150000000000004 2.4999999999999916 0.0047389462406340907 0.37500000000000006 1.3650000000000004 0.065000000000000016 -0.0015093924210979879 2.5950000000000002 0.8650000000000001 9.8164538617059988e-05 0.00039476482329121225 0.0062824350522842085 -0.0006433359546245131 0.00069406867351463257 0.00015869640977432114 -3.0000000000000133 0.00019715062642201804 2.8250000000000006 0.10247502270663046
decision_type=2 2 2 2 2 2 2 2 2 2 2 2 2 2 2 2 2 2 2
left_child=1 3 -3 4 7 -6 -7 8 -1 -5 14 12 -12 -13 15 -2 -17 -18 -16
right_child=10 2 -4 9 5 6 -8 -9 -10 -11 11 13 -14 -15 18 16 17 -19 -20
leaf_value=0.014003891396251592 0.0077025805310242711 0.016103161666542295 0.00089267048807371234 -0.0011929869467112904 -0.0038758749142289162 0.015605443843773435 0.0023842406521240871 -0.00070549349319066438 -0.0045576985649488592 -0.0046372500150950987 0.011509517167827913 0.017486313244570856 0.00015638229845006484 0.0028445000797510146 -0.00040722439271908065 0.00046149189904521129 0.001115091159096304 0.018170519359409811 -0.007496917293202586
leaf_weight=33 90 20 42 1412 32 35 30 906 27 201 28 23 153 25 659 1104 53 20 41
leaf_count=33 90 20 42 1412 32 35 30 906 27 201 28 23 153 25 659 1104 53 20 41
internal_value=0 -0.000753633 0.00579928 -0.000905457 0.00018211 0.00508959 0.00950335 -0.000310669 0.00565118 -0.00162219 0.000851086 0.00357856 0.00191267 0.00986037 0.000533551 0.00128274 0.000791841 0.00578781 -0.000822478
internal_weight=0 2738 62 2676 1063 97 65 966 60 1613 2196 229 181 48 1967 1267 1177 73 700
internal_count=4934 2738 62 2676 1063 97 65 966 60 1613 2196 229 181 48 1967 1267 1177 73 700
is_linear=0
shrinkage=0.05


end of trees

feature_importances:
f_3=84
f_2=49
f_1=47
f_0=44
f_15=44
f_14=42
f_5=39
f_22=25
f_8=24
f_17=24
f_6=19
f_21=18
f_19=16
f_7=15
f_20=15
f_18=12
f_4=11
f_10=11
f_16=11
f_12=8
f_11=5
f_13=5
f_9=2

parameters:
[boosting: gbdt]
[objective: regression]
[metric: binary_logloss]
[tree_learner: serial]
[device_type: cpu]
[data: ]
[valid: ]
[num_iterations: 10]
[learning_rate: 0.05]
[num_leaves: 20]
[num_threads: 0]
[deterministic: 0]
[force_col_wise: 0]
[force_row_wise: 0]
[histogram_pool_size: -1]
[max_depth: -1]
[min_data_in_leaf: 20]
[min_sum_hessian_in_leaf: 0.001]
[bagging_fraction: 0.7]
[pos_bagging_fraction: 1]
[neg_bagging_fraction: 1]
[bagging_freq: 5]
[bagging_seed: 3]
[feature_fraction: 0.9]
[feature_fraction_bynode: 1]
[feature_fraction_seed: 2]
[extra_trees: 0]
[extra_seed: 6]
[early_stopping_round: 0]
[first_metric_only: 0]
[max_delta_step: 0]
[lambda_l1: 0]
[lambda_l2: 0]
[linear_lambda: 0]
[min_gain_to_split: 0]
[drop_rate: 0.1]
[max_drop: 50]
[skip_drop: 0.5]
[xgboost_dart_mode: 0]
[uniform_drop: 0]
[drop_seed: 4]
[top_rate: 0.2]
[other_rate: 0.1]
[min_data_per_group: 100]
[max_cat_threshold: 32]
[cat_l2: 10]
[cat_smooth: 10]
[max_cat_to_onehot: 4]
[top_k: 20]
[monotone_constraints: ]
[monotone_constraints_method: basic]
[monotone_penalty: 0]
[feature_contri: ]
[forcedsplits_filename: ]
[refit_decay_rate: 0.9]
[cegb_tradeoff: 1]
[cegb_penalty_split: 0]
[cegb_penalty_feature_lazy: ]
[cegb_penalty_feature_coupled: ]
[path_smooth: 0]
[interaction_constraints: ]
[verbosity: 0]
[saved_feature_importance_type: 0]
[linear_tree: 0]
[max_bin: 255]
[max_bin_by_feature: ]
[min_data_in_bin: 3]
[bin_construct_sample_cnt: 200000]
[data_random_seed: 1]
[is_enable_sparse: 1]
[enable_bundle: 1]
[use_missing: 1]
[zero_as_missing: 0]
[feature_pre_filter: 1]
[pre_partition: 0]
[two_round: 0]
[header: 0]
[label_column: ]
[weight_column: ]
[group_column: ]
[ignore_column: ]
[categorical_feature: ]
[forcedbins_filename: ]
[precise_float_parser: 0]
[objective_seed: 5]
[num_class: 1]
[is_unbalance: 0]
[scale_pos_weight: 1]
[sigmoid: 1]
[boost_from_average: 1]
[reg_sqrt: 0]
[alpha: 0.9]
[fair_c: 1]
[poisson_max_delta_step: 0.7]
[tweedie_variance_power: 1.5]
[lambdarank_truncation_level: 30]
[lambdarank_norm: 1]
[label_gain: ]
[eval_at: ]
[multi_error_top_k: 1]
[auc_mu_weights: ]
[num_machines: 1]
[local_listen_port: 12400]
[time_out: 120]
[machine_list_filename: ]
[machines: ]
[gpu_platform_id: -1]
[gpu_device_id: -1]
[gpu_use_dp: 0]
[num_gpu: 1]

end of parameters

pandas_categorical:[]
