tree
version=v3
num_class=1
num_tree_per_iteration=1
label_index=0
max_feature_idx=22
objective=regression
feature_names=f_0 f_1 f_2 f_3 f_4 f_5 f_6 f_7 f_8 f_9 f_10 f_11 f_12 f_13 f_14 f_15 f_16 f_17 f_18 f_19 f_20 f_21 f_22
feature_infos=[2.811842593898112e-07:0.0089292451603560918] [2.1333248529010825e-06:0.0055990001705921817] [4.7857545124566229e-06:0.003721014941950642] [0.53000000000000003:6.5599999999999996] [-33.000000000000007:48] [2.4100000000000001:21.82] [-101.00000000000016:144.99999999999994] [-3.0196613872200984:0.53086419753086433] [-81:74] [-46:33.999999999999986] [-51.000000000000021:33.999999999999986] [-33.000000000000007:29.000000000000004] [-41:96.000000000000014] [-36.000000000000007:32.999999999999986] [-0.83999999999999997:2.9100000000000001] [-1.3200000000000001:3.8500000000000001] [-52:73.999999999999972] [-28.000000000000004:24.000000000000004] [-0.29572649572649579:1.1559792027729636] [-0.02958455728073861:0.047292143401983289] [-0.054746473503621829:0.033993115318416534] [-0.078445945945946005:0.045346674363414774] [-0.019984292877423981:0.018327052533256172]
tree_sizes=1816 1860 1865 1863 1894 1865 1857 1858 1872 1867 1893 1882 1903 1873 1868 1866 1884 1899 1887 1891 1912 1850 1868 1873 1891 1887 1886 1880 1886 1891

Tree=0
num_leaves=20
num_cat=0
split_feature=3 3 1 16 8 3 15 14 15 3 6 15 13 12 1 1 15 1 18
split_gain=12.3109 5.72299 4.28101 2.52405 2.83351 2.41128 2.22266 1.91833 2.53966 1.89365 1.73115 1.63511 1.37716 1.35114 2.20206 4.7733 6.51158 1.98609 1.28718
threshold=1.3350000000000002 3.3350000000000004 3.7209050673793614e-05 10.250000000000005 3.999999999999996 2.5050000000000003 3.6250000000000004 0.63500000000000012 1.6650000000000003 2.4450000000000007 12.999999999999924 0.63500000000000012 -1.0000000180025095e-35 0.99999999999998435 0.0004192411074517845 0.00034222665961144055 1.655 0.00011346445510722313 0.012416491696888745
decision_type=2 2 2 2 2 2 2 2 2 2 2 2 2 2 2 2 2 2 2
left_child=7 2 11 4 -3 6 9 8 10 12 -1 -2 -4 14 15 -14 -17 -15 -19
right_child=1 3 5 -5 -6 -7 -8 -9 -10 -11 -12 -13 13 17 -16 16 -18 18 -20
leaf_value=0.098472552597554372 0.10925599240937177 0.10581154786227488 0.10123638432723157 0.12725599294581358 0.12620837386697303 0.097595173348401995 0.11833291575680824 0.096180966325974906 0.11448676179603007 0.11725599264779035 0.10900599240192119 0.095936264121256484 0.10544597502466724 0.098245122516004896 0.096843293626746124 0.10239884934787014 0.14090816726572353 0.10338407105210887 0.1126472968582666
leaf_weight=1570 25 90 510 25 21 171 26 973 26 25 40 294 579 184 63 21 23 203 46
leaf_count=1570 25 90 510 25 21 171 26 973 26 25 40 294 579 184 63 21 23 203 46
internal_value=0.100269 0.102953 0.10233 0.112903 0.10967 0.103252 0.103827 0.097939 0.0989846 0.103599 0.0987343 0.0969801 0.10339 0.104371 0.105752 0.106652 0.122529 0.102184 0.105095
internal_weight=0 2306 2170 136 111 1851 1680 2609 1636 1654 1610 319 1629 1119 686 623 44 433 249
internal_count=4915 2306 2170 136 111 1851 1680 2609 1636 1654 1610 319 1629 1119 686 623 44 433 249
is_linear=0
shrinkage=1


Tree=1
num_leaves=20
num_cat=0
split_feature=5 3 3 5 14 1 4 5 1 2 5 5 1 3 3 3 22 4 3
split_gain=12.0032 3.64915 6.55191 5.58129 4.5208 3.90551 3.5352 3.78343 3.35107 2.57107 3.62793 4.33954 2.23127 3.09131 2.11146 5.0696 2.03122 1.91808 1.90555
threshold=6.3650000000000011 1.8950000000000002 3.3350000000000004 16.685000000000006 0.55500000000000016 0.00012750937328038326 1.2500000000000291 15.805000000000001 8.2670292446242413e-05 0.00026444997171336189 6.8950000000000005 8.1950000000000021 0.0001001949238932376 1.7550000000000001 0.74500000000000011 0.88500000000000012 -0.0023981015856253114 -1.0000000180025095e-35 0.57500000000000007
decision_type=2 2 2 2 2 2 2 2 2 2 2 2 2 2 2 2 2 2 2
left_child=8 4 -3 6 5 -2 7 -4 18 10 -6 12 -12 17 -10 -16 -17 -14 -1
right_child=1 2 3 -5 9 -7 -8 -9 14 -11 11 -13 13 -15 15 16 -18 -19 -20
leaf_value=0.01007637269794941 0.02923790348605031 -0.00025015703294480193 0.0033069398922797965 -0.0021661468660054001 -0.0015440709100050087 0.0069588382803910491 0.035676552727818493 0.027655337116232626 -0.0043733983232988327 -0.0042305031259145054 0.0088661728557986284 0.0015561358664523473 0.0178408059076621 0.007890688901146253 0.024203924322500826 0.0089280529121557872 0.00040999450102633485 0.036395327734450499 -0.0026033411349592043
leaf_weight=30 42 552 39 46 85 37 24 27 179 56 71 88 26 30 24 75 1047 30 2407
leaf_count=30 42 552 39 46 85 37 24 27 179 56 71 88 26 30 24 75 1047 30 2407
internal_value=0 0.00448427 0.00217176 0.0120019 0.00790579 0.0188034 0.0192434 0.0132676 -0.0013469 0.00567545 0.00735647 0.0104444 0.0154264 0.0208423 0.000676924 0.00146576 0.000979383 0.0277807 -0.00244725
internal_weight=0 1153 688 136 465 79 90 66 3762 386 330 245 157 86 1325 1146 1122 56 2437
internal_count=4915 1153 688 136 465 79 90 66 3762 386 330 245 157 86 1325 1146 1122 56 2437
is_linear=0
shrinkage=0.05


Tree=2
num_leaves=20
num_cat=0
split_feature=5 15 5 15 3 5 14 1 1 14 14 15 2 15 15 3 2 3 3
split_gain=10.8329 4.59415 7.27565 5.94557 4.1369 5.03711 3.05799 3.02434 2.84621 2.65704 5.16867 5.29463 4.19239 2.45814 2.34317 2.05633 1.99541 3.08144 3.64482
threshold=6.3650000000000011 0.44500000000000006 7.8750000000000009 -0.39499999999999996 3.3350000000000004 16.685000000000006 1.9350000000000003 8.2670292446242413e-05 0.00088222965584378379 1.0750000000000004 1.2950000000000002 1.9550000000000003 0.00011783744018100877 1.6725000000000001 3.6250000000000004 2.0050000000000003 0.00013083847145797933 2.2850000000000006 2.1950000000000007
decision_type=2 2 2 2 2 2 2 2 2 2 2 2 2 2 2 2 2 2 2
left_child=7 2 3 -2 9 6 -6 14 -8 -3 11 12 13 -11 -1 -9 -12 18 -18
right_child=1 4 -4 -5 5 -7 8 15 -10 10 16 -13 -14 -15 -16 -17 17 -19 -20
leaf_value=-0.0025276999716928386 0.0076791368167975858 -0.0050865019655279946 -0.0027893603612215091 0.038100107531580663 0.03199579979160002 -0.0020578392659840379 0.0046948777955202834 0.00039311239775841587 0.027611981220543386 0.029613568664838871 -0.0025046568431637507 0.034912057982927021 -0.0024555531387426416 0.0061893748562960402 0.0095272097827457797 0.016164724528789521 0.0046975327341399571 -0.0015888053533762538 0.023451374445495936
leaf_weight=2396 29 114 39 36 28 46 42 1304 20 24 220 22 49 21 41 21 243 191 29
leaf_count=2396 29 114 39 36 28 46 42 1304 20 24 220 22 49 21 41 21 243 191 29
internal_value=0 0.00426006 0.0142838 0.0245277 0.00326629 0.0114018 0.0182812 -0.00127955 0.0120875 0.00205442 0.00307328 0.0128314 0.00766362 0.0186823 -0.00232489 0.000643078 0.00141596 0.0032789 0.00669702
internal_weight=0 1153 104 65 1049 136 90 3762 62 913 799 116 94 45 2437 1325 683 463 272
internal_count=4915 1153 104 65 1049 136 90 3762 62 913 799 116 94 45 2437 1325 683 463 272
is_linear=0
shrinkage=0.05


Tree=3
num_leaves=20
num_cat=0
split_feature=5 15 5 15 3 5 2 3 14 1 3 3 5 5 15 14 15 5 15
split_gain=9.77666 4.14622 6.56627 5.36587 3.73355 4.546 2.76174 2.81881 2.75984 2.56871 2.49199 3.70789 2.40394 2.88114 2.83751 2.33994 7.02886 2.32272 2.16449
threshold=6.3650000000000011 0.44500000000000006 7.8750000000000009 -0.39499999999999996 3.3350000000000004 16.685000000000006 5.3316309206050639e-05 2.0150000000000001 1.9350000000000003 0.00088222965584378379 1.7750000000000001 1.7250000000000003 7.1150000000000011 8.1950000000000021 1.6650000000000003 0.32500000000000007 1.7150000000000001 5.0650000000000004 3.6250000000000004
decision_type=2 2 2 2 2 2 2 2 2 2 2 2 2 2 2 2 2 2 2
left_child=6 2 3 -2 10 8 18 15 -6 -10 11 12 -3 14 -14 16 17 -8 -1
right_child=1 4 -4 -5 5 -7 7 -9 9 -11 -12 -13 13 -15 -16 -17 -18 -19 -20
leaf_value=-0.0028471854532610748 0.0072951801506609751 -0.0050480257902966175 -0.0026498922648338172 0.036195103782746534 0.030396010034850669 -0.0019549474929985793 0.0025315774689343845 0.017121355903024476 0.0044601340556428551 0.026231381818652158 0.00029896347057874217 0.019137088358402252 0.02588764410465956 -0.0026535860435278331 0.0067194054524103812 -0.0017199127686223345 0.025165412743245404 -0.0033383449362912061 0.010479110791798562
leaf_weight=1783 29 61 39 36 28 46 616 24 42 20 652 45 26 54 75 1045 31 232 31
leaf_count=1783 29 61 39 36 28 46 616 24 42 20 652 45 26 54 75 1045 31 232 31
internal_value=0 0.00404706 0.0135696 0.0233013 0.00310297 0.0108317 -0.00121557 9.17285e-05 0.0173671 0.0114831 0.0019517 0.00608038 0.00336024 0.00666929 0.0116538 -0.000120699 0.00178053 0.000925655 -0.00261945
internal_weight=0 1153 104 65 1049 136 3762 1948 90 62 913 261 216 155 101 1924 879 848 1814
internal_count=4915 1153 104 65 1049 136 3762 1948 90 62 913 261 216 155 101 1924 879 848 1814
is_linear=0
shrinkage=0.05


Tree=4
num_leaves=20
num_cat=0
split_feature=3 1 3 16 8 15 3 3 14 15 4 15 1 22 13 16 19 13 1
split_gain=8.87613 3.89323 3.01792 1.97959 2.07632 1.94415 1.74951 1.67816 1.57457 2.16813 1.50997 1.42369 1.13981 1.11723 1.11496 1.16074 1.10536 2.20667 1.06587
threshold=1.3350000000000002 3.7209050673793614e-05 3.3350000000000004 10.250000000000005 3.999999999999996 3.6250000000000004 2.5050000000000003 2.4450000000000007 0.63500000000000012 1.6650000000000003 0.50000000000000611 0.63500000000000012 0.00039019123253236908 -0.0040697456773429721 -1.0000000180025095e-35 -12.999999999999993 0.00219410000894027 -3.0000000000000133 5.6483204824939644e-05
decision_type=2 2 2 2 2 2 2 2 2 2 2 2 2 2 2 2 2 2 2
left_child=8 11 5 4 12 6 7 13 9 10 -1 -2 -4 -3 15 -15 -17 -18 -19
right_child=1 2 3 -5 -6 -7 -8 -9 -10 -11 -12 -13 -14 14 -16 16 17 18 -20
leaf_value=-0.0020262659782933636 0.0086054478734731675 0.01276135853043309 0.013197037100791932 0.023001139044761656 0.021584172085637138 0.015891831547573763 -0.0024541695043444633 0.01572850061953068 -0.0035723476043738665 0.013291125214443759 0.0018107815482653678 -0.0038233372085049854 0.00063440434634685515 0.012328727338463068 0.0033858774132381067 -0.0014604109705971561 0.014686209612659047 0.01029061570763588 -0.0026822296363350592
leaf_weight=1290 25 27 25 25 21 27 170 25 973 26 320 294 65 20 1108 343 35 20 76
leaf_count=1290 25 27 25 25 21 27 170 25 973 26 320 294 65 20 1108 343 35 20 76
internal_value=0 0.00227813 0.0031013 0.0102901 0.0074273 0.00257311 0.00237596 0.0028724 -0.00197959 -0.00103231 -0.00126362 -0.00284929 0.00412402 0.0026751 0.00250511 0.000529623 3.17705e-05 0.00393878 2.04465e-05
internal_weight=0 2306 1987 136 111 1851 1824 1654 2609 1636 1610 319 90 1629 1602 494 474 131 96
internal_count=4915 2306 1987 136 111 1851 1824 1654 2609 1636 1610 319 90 1629 1602 494 474 131 96
is_linear=0
shrinkage=0.05


Tree=5
num_leaves=20
num_cat=0
split_feature=5 2 3 3 14 1 5 3 5 3 3 3 3 14 5 5 2 2 5
split_gain=8.1165 3.72829 2.47267 3.74688 4.2207 3.06444 2.99018 2.12901 1.88036 2.01017 3.25614 1.86269 2.78594 2.05617 2.62336 1.83627 2.64182 1.76851 2.65554
threshold=6.4450000000000012 0.00013937020689781807 3.0950000000000002 1.8950000000000002 0.50500000000000012 0.00013183116095693762 9.6950000000000021 0.56500000000000006 5.0850000000000009 0.81500000000000006 0.99500000000000011 1.5350000000000004 1.2750000000000001 0.35500000000000004 4.7750000000000012 16.830000000000002 0.00049118316245852273 0.00026444997171336189 6.8950000000000005
decision_type=2 2 2 2 2 2 2 2 2 2 2 2 2 2 2 2 2 2 2
left_child=1 7 3 4 5 -2 -4 -1 9 -3 -11 12 -12 14 -14 16 -8 18 -6
right_child=2 8 6 -5 17 -7 15 -9 -10 10 11 -13 13 -15 -16 -17 -18 -19 -20
leaf_value=0.011067269562232879 0.032235012114048008 -0.0048736012023356231 0.027495241276919841 -0.00017616942665486966 -0.0020628293294732165 0.0059766954369843009 0.0017373432405292989 -0.0021020719647777144 -0.0012066089760944638 0.024107964201406998 0.00082740345908925434 -0.0056011681755383817 0.0094201050403684688 -0.0016895659267902375 0.027229685021134528 -0.0019025255881604695 0.018535976715385913 -0.0036597486071545506 0.0082568443093735452
leaf_weight=31 25 54 20 530 82 20 44 3064 267 22 153 42 101 29 26 42 50 58 260
leaf_count=31 25 54 20 530 82 20 44 3064 267 22 153 42 101 29 26 42 50 58 260
internal_value=0 -0.00122747 0.00359915 0.002664 0.00604668 0.0205646 0.00944385 -0.00197017 0.0020847 0.00414274 0.00544805 0.00427849 0.00562135 0.0103231 0.0130662 0.00678923 0.0106728 0.00441341 0.00578254
internal_weight=0 3789 1131 975 445 45 156 3095 694 427 373 351 309 156 127 136 94 400 342
internal_count=4920 3789 1131 975 445 45 156 3095 694 427 373 351 309 156 127 136 94 400 342
is_linear=0
shrinkage=0.05


Tree=6
num_leaves=20
num_cat=0
split_feature=5 2 15 5 3 5 15 16 8 3 14 14 1 1 15 14 2 6 3
split_gain=7.32514 3.36478 2.73463 5.59009 2.87236 2.69864 2.39666 2.3105 2.96371 1.98484 1.95435 2.50935 2.60207 5.08504 2.05198 1.99228 3.60953 2.25463 1.92143
threshold=6.4450000000000012 0.00013937020689781807 0.44500000000000006 7.8750000000000009 3.0950000000000002 9.6950000000000021 1.6450000000000002 -3.0000000000000133 -0.99999999999999245 2.5050000000000003 1.0950000000000004 2.1150000000000007 0.00032148717581161789 0.00051092773114651692 2.3150000000000008 1.2750000000000001 0.00014087488952148748 6.4999999999999512 0.56500000000000006
decision_type=2 2 2 2 2 2 2 2 2 2 2 2 2 2 2 2 2 2 2
left_child=1 18 3 -2 9 -6 -3 -8 -9 10 -4 12 15 14 -14 16 17 -12 -1
right_child=2 6 4 -5 5 -7 7 8 -10 -11 11 -13 13 -15 -16 -17 -18 -19 -20
leaf_value=0.010513906024636761 0.023876751910733143 0.00099634436759142553 -0.0039842465310357513 -0.0016808163560926915 0.026120478808879855 0.0064497725271126811 -0.0036097218282520774 0.0015894273295998574 0.02643775559961796 -0.0036706137496071893 0.024337156843394044 -0.00082626881698767349 0.013872995637357236 -0.0033866917869697015 0.036001637950539588 0.0021837571334146276 -0.0055172522707531849 0.0041054227699836099 -0.0019969684311356545
leaf_weight=31 46 624 96 40 20 136 20 20 30 148 40 210 20 24 22 284 24 21 3064
leaf_count=31 46 624 96 40 20 136 20 20 30 148 40 210 20 24 22 284 24 21 3064
internal_value=0 -0.0011661 0.0034192 0.0119895 0.00271389 0.00897166 0.00198047 0.0107532 0.0164984 0.00161579 0.00267164 0.00366228 0.00582917 0.014973 0.0254642 0.00419369 0.0109092 0.0173721 -0.00187166
internal_weight=0 3789 1131 86 1045 156 694 70 50 889 741 645 435 66 42 369 85 61 3095
internal_count=4920 3789 1131 86 1045 156 694 70 50 889 741 645 435 66 42 369 85 61 3095
is_linear=0
shrinkage=0.05


Tree=7
num_leaves=20
num_cat=0
split_feature=2 15 14 6 2 5 15 5 1 3 3 3 5 14 15 0 15 14 15
split_gain=6.63168 3.99349 5.06508 3.45814 3.01846 2.51956 8.58725 3.83739 2.07398 1.98359 3.02954 1.75351 1.6445 3.57099 3.24478 3.44963 2.46626 1.36958 2.03157
threshold=0.00012631167037905871 2.9150000000000005 2.1350000000000002 7.0000000000000071 0.00019431273379102616 6.3950000000000005 1.4950000000000003 7.3650000000000011 0.00043498491542526724 3.0950000000000002 5.5100000000000007 0.56500000000000006 4.5050000000000008 0.15500000000000003 1.6450000000000002 0.00014303656366073875 -0.21499999999999997 1.5550000000000004 1.9550000000000003
decision_type=2 2 2 2 2 2 2 2 2 2 2 2 2 2 2 2 2 2 2
left_child=5 9 3 4 -3 11 7 -7 -4 12 -11 -1 13 16 -15 -16 -2 18 -8
right_child=1 2 8 -5 -6 6 17 -9 -10 10 -12 -13 -14 14 15 -17 -18 -19 -20
leaf_value=0.00998821085499179 0.0026824346743524077 -0.00096932174265384682 -8.6217778689652978e-05 0.033565126028325822 0.023363441544083451 0.010052987586321503 -0.00041569647867055167 0.038117947464897523 0.017154492952284359 0.019032921930775049 0.00080523516912505322 -0.0019656761508756483 0.00014277685892405767 -0.001434263969817873 -0.00094714326163133 0.027081932240854142 0.02326257236906 -0.0034187646313554292 0.014560931332169041
leaf_weight=31 24 25 103 27 26 29 84 21 21 40 53 2955 1015 181 21 23 37 173 31
leaf_count=31 24 25 103 27 26 29 84 21 21 40 53 2955 1015 181 21 23 37 173 31
internal_value=0 0.00254276 0.00911306 0.0190958 0.0114356 -0.00137843 0.00271313 0.0218403 0.00283358 0.00159067 0.0086451 -0.00184157 0.0010864 0.00443527 0.00152619 0.0137044 0.0151655 -0.000607555 0.00362148
internal_weight=0 1596 202 78 51 3324 338 50 124 1394 93 2986 1301 286 225 44 61 288 115
internal_count=4920 1596 202 78 51 3324 338 50 124 1394 93 2986 1301 286 225 44 61 288 115
is_linear=0
shrinkage=0.05


Tree=8
num_leaves=20
num_cat=0
split_feature=5 2 15 1 3 5 15 16 8 3 14 14 1 15 4 3 15 3 1
split_gain=5.99746 2.73631 2.33941 4.9619 2.31743 2.47991 1.93973 1.99321 2.6195 1.76733 1.71842 2.14763 1.95108 3.88409 1.64773 1.56557 1.3863 2.59088 1.69123
threshold=6.4450000000000012 0.00013937020689781807 0.44500000000000006 0.00015623240502877277 3.0950000000000002 16.830000000000002 1.6450000000000002 -3.0000000000000133 -0.99999999999999245 2.5050000000000003 1.0950000000000004 2.0950000000000002 0.00032148717581161789 2.2750000000000004 -0.99999999999998412 0.56500000000000006 0.48500000000000004 1.5150000000000003 0.00014342512558861154
decision_type=2 2 2 2 2 2 2 2 2 2 2 2 2 2 2 2 2 2 2
left_child=1 15 3 -2 9 -6 16 -8 -9 10 -4 12 14 -14 -12 -1 17 18 -3
right_child=2 6 4 -5 5 -7 7 8 -10 -11 11 -13 13 -15 -16 -17 -18 -19 -20
leaf_value=0.0094888006126688379 0.024205404854355714 -0.0019972317107021811 -0.0037894810394694411 8.0698435293867228e-05 0.011889091866058216 -0.0023234860794175238 -0.0036653771996498111 0.00099460244178771972 0.0243554595982035 -0.0035329195821808806 -0.0015424443408846855 -0.00058826222147107671 0.0033833365182618837 0.028895050570368772 0.0061069337721688282 -0.0018042561930042566 -0.0011208700047185024 -0.0035386631155715272 0.009669814660823603
leaf_weight=31 39 40 96 47 114 42 20 20 30 148 96 223 37 25 264 3064 360 85 139
leaf_count=31 39 40 96 47 114 42 20 20 30 148 96 223 37 25 264 3064 360 85 139
internal_value=0 -0.00105488 0.00309412 0.011021 0.00244176 0.00806263 0.00178266 0.00967498 0.0150111 0.00145542 0.00245174 0.00338067 0.005478 0.0136703 0.0040671 -0.00169114 0.0008973 0.00364935 0.00706265
internal_weight=0 3789 1131 86 1045 156 694 70 50 889 741 645 422 62 360 3095 624 264 179
internal_count=4920 3789 1131 86 1045 156 694 70 50 889 741 645 422 62 360 3095 624 264 179
is_linear=0
shrinkage=0.05


Tree=9
num_leaves=20
num_cat=0
split_feature=2 15 14 6 2 5 15 5 1 3 3 22 3 14 15 5 14 1 15
split_gain=5.4482 3.40549 4.46997 3.09601 2.59462 2.03434 7.33161 3.39964 1.81395 1.67121 2.5989 1.52255 1.42908 1.22581 1.83523 1.2218 2.92582 2.0046 1.79141
threshold=0.00012631167037905871 2.9150000000000005 2.1350000000000002 7.0000000000000071 0.00019431273379102616 6.3950000000000005 1.4950000000000003 7.3650000000000011 0.00043498491542526724 3.0950000000000002 5.4250000000000016 0.0035778385161516772 0.56500000000000006 1.5550000000000004 1.9550000000000003 4.5050000000000008 0.15500000000000003 0.00017515493369612829 1.5550000000000004
decision_type=2 2 2 2 2 2 2 2 2 2 2 2 2 2 2 2 2 2 2
left_child=5 9 3 4 -3 12 7 -7 -4 11 -11 15 -1 14 -8 16 17 -2 -18
right_child=1 2 8 -5 -6 6 13 -9 -10 10 -12 -13 -14 -15 -16 -17 18 -19 -20
leaf_value=0.0090143603663290703 0.0060496259693588531 -0.00099862946569919601 -0.00025720315289150161 0.031441239157208693 0.02156117787727943 0.0090064384300133273 -0.00047699647201668652 0.035422165478978841 0.01586649533183802 0.01818403217035371 0.0011070435334529197 0.010445306441042482 -0.0017771795229409551 -0.0033003404133581703 0.013757549851171433 -0.00016050109464611155 -0.001787500675248949 0.025051659572383634 0.008689755072647876
leaf_weight=31 35 25 103 27 26 29 84 21 21 37 56 41 2955 173 31 989 158 23 55
leaf_count=31 35 25 103 27 26 29 84 21 21 37 56 41 2955 173 31 989 158 23 55
internal_value=0 0.00230514 0.00837249 0.0177505 0.0105024 -0.00124898 0.00242754 0.020101 0.00247342 0.00142594 0.00790111 0.000963073 -0.00166514 -0.000640773 0.00336014 0.000654525 0.00362892 0.0135849 0.000917894
internal_weight=0 1596 202 78 51 3324 338 50 124 1394 93 1301 2986 288 115 1260 271 58 213
internal_count=4920 1596 202 78 51 3324 338 50 124 1394 93 1301 2986 288 115 1260 271 58 213
is_linear=0
shrinkage=0.05


Tree=10
num_leaves=20
num_cat=0
split_feature=3 1 15 3 3 3 4 2 14 14 15 14 15 7 7 22 12 19 7
split_gain=5.6903 2.53017 1.73793 1.61198 1.5002 1.4685 1.30503 1.23957 5.07165 3.18477 1.21829 1.16807 1.89089 1.0666 1.03245 1.10239 1.0867 1.39729 1.24322
threshold=1.3350000000000002 3.7209050673793614e-05 3.6250000000000004 3.3350000000000004 2.5050000000000003 2.4450000000000007 0.50000000000000611 0.00069406867351463257 1.8050000000000004 2.0350000000000006 0.63500000000000012 0.6150000000000001 1.4025000000000001 0.0066438782846267594 0.044427792155437136 -0.0040697456773429721 -1.0000000180025095e-35 -0.0054842115306477637 -0.0059517710226509859
decision_type=2 2 2 2 2 2 2 2 2 2 2 2 2 2 2 2 2 2 2
left_child=6 10 3 4 5 14 -1 8 -5 -9 -2 12 -8 -10 15 -3 -17 18 -18
right_child=1 2 -4 7 -6 -7 11 9 13 -11 -12 -13 -14 -15 -16 16 17 -19 -20
leaf_value=-0.0021152186559345995 0.0083185411393642428 0.012904507413506509 0.013898071251583821 0.031465694680809973 -0.0025289391375639863 0.014429775521159172 0.0015182131938886324 -0.0060200658746254751 0.010841327008198608 0.018131342033545175 -0.0031787842410762298 -0.0022645901237587328 0.016708243198015473 -0.0042538445293903359 -0.003634616592898965 0.00035422843768883548 0.013428019334016175 0.0024802018949280306 0.0040609640488912776
leaf_weight=2083 25 25 33 23 170 25 298 39 22 21 294 206 22 25 72 482 58 901 91
leaf_count=2083 25 25 33 23 170 25 298 39 22 21 294 206 22 25 72 482 58 901 91
internal_value=0 0.00185577 0.00251938 0.00232721 0.00194381 0.00240353 -0.00155328 0.00770654 0.0122268 0.00243293 -0.00227774 0.00067206 0.00256253 0.00281198 0.00221896 0.00248965 0.0023197 0.00322194 0.0077072
internal_weight=0 2306 1987 1954 1824 1654 2609 130 70 60 319 526 320 47 1629 1557 1532 1050 149
internal_count=4915 2306 1987 1954 1824 1654 2609 130 70 60 319 526 320 47 1629 1557 1532 1050 149
is_linear=0
shrinkage=0.05


Tree=11
num_leaves=20
num_cat=0
split_feature=3 1 5 18 15 14 10 5 5 2 2 22 1 5 2 15 8 15 14
split_gain=5.1355 2.28348 3.25135 2.08533 1.99736 6.06772 1.90936 1.71176 6.63961 2.32439 1.73095 1.65023 1.6231 4.58048 4.50284 4.18677 1.86238 1.52226 1.60584
threshold=1.3350000000000002 3.7209050673793614e-05 4.4050000000000011 0.016895407191618753 2.0050000000000003 1.3150000000000002 -1.0000000180025095e-35 5.2750000000000012 5.5750000000000011 0.00017009170847804675 4.7479795296443295e-05 1.4649331643856735e-05 0.00018246761830986467 7.2750000000000012 0.00011783744018100877 1.6650000000000003 4.0000000000000027 2.3150000000000008 2.0950000000000002
decision_type=2 2 2 2 2 2 2 2 2 2 2 2 2 2 2 2 2 2 2
left_child=-1 -2 3 6 12 -6 -3 -7 11 10 -10 -9 13 16 15 -15 -4 -11 -19
right_child=1 2 4 -5 5 7 -8 8 9 17 -12 -13 -14 14 -16 -17 -18 18 -20
leaf_value=-0.001460856169390811 -0.0021422141601556335 0.028930572425946596 -0.001495080930745508 0.0010582749150427324 0.029199174888432027 -0.0030903553885336106 0.0099870797584298999 0.030523151506483555 0.013886343101598324 -0.00026236616751378023 -0.0010828876498738362 0.011700680313897984 -0.0022327933719441776 0.03081875779666007 0.0015834125350993962 0.0034095670022070415 0.010283510018140079 0.010329759188573207 0.0035242853061236605
leaf_weight=2609 319 22 381 28 22 104 32 25 20 103 353 21 372 36 67 22 36 155 188
leaf_count=2609 319 22 381 28 22 104 32 25 20 103 353 21 372 36 67 22 36 155 188
internal_value=0 0.00174535 0.00236947 0.0120206 0.00195405 0.00349334 0.0177048 0.00290972 0.00363112 0.00260332 -0.000280248 0.0219303 0.000285072 0.0020132 0.0103246 0.0204222 -0.000478224 0.00501492 0.00659965
internal_weight=0 2306 1987 82 1905 991 54 969 865 819 373 46 914 542 125 58 417 446 343
internal_count=4915 2306 1987 82 1905 991 54 969 865 819 373 46 914 542 125 58 417 446 343
is_linear=0
shrinkage=0.0495


Tree=12
num_leaves=20
num_cat=0
split_feature=3 1 15 3 3 3 4 16 15 19 14 15 7 22 8 19 6 19 3
split_gain=4.63967 2.06301 1.48509 1.31663 1.33961 1.25493 1.17779 1.14302 1.09951 1.09016 1.05418 1.70653 0.89947 0.976332 0.79149 0.785482 0.893921 0.914159 1.55744
threshold=1.3350000000000002 3.7209050673793614e-05 3.6250000000000004 3.3350000000000004 2.5050000000000003 2.4450000000000007 0.50000000000000611 10.250000000000005 0.63500000000000012 -0.0080580718334899975 0.6150000000000001 1.4025000000000001 0.044427792155437136 -0.0040697456773429721 -1.9999999999999993 -0.0011336267558403332 12.999999999999924 0.0003306483528257021 0.79500000000000015
decision_type=2 2 2 2 2 2 2 2 2 2 2 2 2 2 2 2 2 2 2
left_child=6 8 3 4 5 12 -1 9 -2 -5 11 15 13 -3 -6 -8 17 18 -17
right_child=1 2 -4 7 14 -7 10 -9 -10 -11 -12 -13 -14 -15 -16 16 -18 -19 -20
leaf_value=-0.0018978804049991247 0.0078503315206602219 0.011828385582956671 0.012538813002705573 0.014939379141686483 0.0037018102531135083 0.013037872852689026 -0.0020818611108139157 0.016477465499890966 -0.0028547706993080069 0.0022373169789692863 -0.002036959252928031 0.015628550794199107 -0.0033803935454785826 0.0020653690739499539 -0.0042509805493878613 -0.0011543060864859596 0.012822081781641714 -0.0023350503087569687 0.010515592728835579
leaf_weight=2083 25 25 33 20 39 25 99 24 294 86 206 22 72 1532 131 53 21 68 57
leaf_count=2083 25 25 33 20 39 25 99 24 294 86 206 22 72 1532 131 53 21 68 57
internal_value=0 0.00164237 0.00222966 0.00205556 0.00171596 0.00214173 -0.00137466 0.00682043 -0.00201581 0.00463393 0.000697341 0.00245755 0.0019745 0.00222213 -0.00242652 0.00148519 0.00325975 0.00213161 0.00489282
internal_weight=0 2306 1987 1954 1824 1654 2609 130 319 106 526 320 1629 1557 170 298 199 178 110
internal_count=4915 2306 1987 1954 1824 1654 2609 130 319 106 526 320 1629 1557 170 298 199 178 110
is_linear=0
shrinkage=0.049005


Tree=13
num_leaves=20
num_cat=0
split_feature=3 5 1 5 15 14 5 2 1 5 15 2 17 15 15 5 2 5 5
split_gain=4.19608 1.89275 3.01148 2.0822 1.87176 6.23662 4.45793 2.35333 1.69877 4.51035 3.98042 4.18866 1.67755 1.45812 1.46991 2.80732 1.84895 1.37155 2.74163
threshold=1.3350000000000002 4.4050000000000011 8.5650613048432475e-05 5.3250000000000011 2.0050000000000003 1.3150000000000002 5.5750000000000011 0.00017009170847804675 0.00016988577464674426 7.3150000000000004 1.6650000000000003 0.00011023774731996452 2.0000000000000013 0.74500000000000011 0.10500000000000002 5.0650000000000004 0.00015205818360894923 16.830000000000002 15.805000000000001
decision_type=2 2 2 2 2 2 2 2 2 2 2 2 2 2 2 2 2 2 2
left_child=-1 2 -2 13 8 -6 -7 -8 9 -5 11 -11 -4 14 -3 16 -16 18 -9
right_child=1 3 12 4 5 6 7 17 -10 10 -12 -13 -14 -15 15 -17 -18 -19 -20
leaf_value=-0.0012942202586062942 -0.0013281787931116217 -0.0048735851541656565 0.02127985620931485 -0.00065887651285096523 0.03035464739847293 0.01674973233188087 -0.00059267661515580757 0.0041261480130865879 -0.0025912923410533386 0.030509786788410043 -0.0012277629066901584 0.0069606747340542549 0.0039210435297517667 -0.0029560678641269199 0.022417339396478702 -0.0050206474178439058 0.0057429323709046838 -0.0039198686258350842 0.017980377233592786
leaf_weight=2609 46 43 38 341 20 52 399 368 293 32 43 40 20 387 24 37 45 41 37
leaf_count=2609 46 43 38 341 20 52 399 368 293 32 43 40 20 387 24 37 45 41 37
internal_value=0 0.00154626 0.00794192 0.0012442 0.0020904 0.00356007 0.00296264 0.00211421 0.000291083 0.00214313 0.0104517 0.0174269 0.0152941 -0.00138597 0.00269208 0.00576117 0.0115427 0.00453583 0.00539184
internal_weight=0 2306 104 2202 1666 917 897 845 749 456 115 72 58 536 149 106 69 446 405
internal_count=4915 2306 104 2202 1666 917 897 845 749 456 115 72 58 536 149 106 69 446 405
is_linear=0
shrinkage=0.048515


Tree=14
num_leaves=20
num_cat=0
split_feature=3 1 5 18 15 14 15 15 5 3 2 1 15 3 15 3 2 15 2
split_gain=3.79881 1.73164 2.661 1.85045 1.61974 4.88437 1.4591 2.53598 3.15375 3.5749 2.56002 1.41943 2.7276 2.13896 2.53924 1.78221 2.31974 4.1193 3.93859
threshold=1.3350000000000002 3.7209050673793614e-05 4.4050000000000011 0.016895407191618753 2.0050000000000003 1.3150000000000002 0.33500000000000008 0.065000000000000016 6.3650000000000011 1.5150000000000003 7.7682058746477917e-05 0.00029424454832396879 3.2050000000000005 1.885 3.6250000000000004 1.5750000000000004 5.5951455578367064e-05 2.6125000000000003 0.00017009170847804675
decision_type=2 2 2 2 2 2 2 2 2 2 2 2 2 2 2 2 2 2 2
left_child=-1 -2 3 -3 6 -6 7 10 9 -9 -4 13 -13 14 15 -7 -17 -18 -19
right_child=1 2 4 -5 5 11 -8 8 -10 -11 -12 12 -14 -15 -16 16 17 18 -20
leaf_value=-0.0012191169049905568 -0.0018283004262275289 0.015651158889672404 0.014073583673515621 0.00043584159830788253 0.025342614304216984 -0.0024311081000352396 -0.0010783803275945785 0.013859142729116092 0.022779815542309841 -0.0049841791553357096 -0.0036729118319758884 0.0034769714874329249 0.017640446347304065 -0.0019362156269964238 0.020163579710339281 0.01658216828165093 -0.0051471883828973905 0.0038277813992702685 0.021495757352867559
leaf_weight=2609 319 54 22 28 22 116 645 45 27 48 127 206 37 276 20 33 93 152 36
leaf_count=2609 319 54 22 28 22 116 645 45 27 48 127 206 37 276 20 33 93 152 36
internal_value=0 0.00145653 0.00198389 0.0104557 0.00161923 0.00296423 0.000160919 0.00313247 0.00832897 0.00413356 -0.00105262 0.00245615 0.00563355 0.00139265 0.00343435 0.00265624 0.00453565 0.00312093 0.00721101
internal_weight=0 2306 1987 82 1905 991 914 269 120 93 149 969 243 726 450 430 314 281 188
internal_count=4915 2306 1987 82 1905 991 914 269 120 93 149 969 243 726 450 430 314 281 188
is_linear=0
shrinkage=0.0480298


Tree=15
num_leaves=20
num_cat=0
split_feature=2 15 14 6 2 2 15 3 5 15 5 3 3 5 3 3 3 3 16
split_gain=3.49054 2.47107 3.8534 2.66647 2.1902 1.37199 2.28947 1.23602 1.25455 5.58059 2.2603 1.03797 2.43146 1.33985 1.76278 2.31071 1.36507 2.20014 1.85869
threshold=0.00012631167037905871 2.9150000000000005 2.1350000000000002 7.0000000000000071 0.00019431273379102616 0.00018179789135096901 3.2050000000000005 0.56500000000000006 6.3950000000000005 1.4950000000000003 7.3650000000000011 3.0950000000000002 5.4250000000000016 5.0650000000000004 0.81500000000000006 0.99500000000000011 1.5150000000000003 1.3350000000000002 4.9999999999999973
decision_type=2 2 2 2 2 2 2 2 2 2 2 2 2 2 2 2 2 2 2
left_child=7 11 3 4 -3 -4 -7 -1 -9 10 -10 13 -13 14 -2 -16 17 -17 -19
right_child=1 2 5 -5 -6 6 -8 8 9 -11 -12 12 -14 -15 15 16 -18 18 -20
leaf_value=0.0084901621382761396 -0.0042477715859463834 -0.0015049071447684917 -0.0045322610417995752 0.027023722460808905 0.018206453581290184 -0.0024493157132473029 0.014406456225917491 -0.0013629211997596431 0.0077556078156358448 -0.00085059204525464319 0.028239159998830247 0.015344706967544842 -0.00036349354706047282 -0.00048637169137239627 0.017875035091726912 0.0011498047396200635 -0.0045455480974845855 0.012259758933500514 -0.0018781726648901586
leaf_weight=31 71 25 51 27 26 38 35 2955 29 288 21 37 56 818 25 217 48 95 27
leaf_count=31 71 25 51 27 26 38 35 2955 29 288 21 37 56 818 25 217 48 95 27
internal_value=0 0.00174531 0.00666036 0.0149408 0.00854402 0.00145167 0.00563222 -0.00096007 -0.00104903 0.00169516 0.0163587 0.00103308 0.00588601 0.00068618 0.00267199 0.00386447 0.0029594 0.00402205 0.00913087
internal_weight=0 1596 202 78 51 124 73 3324 3293 338 50 1394 93 1301 483 412 387 339 122
internal_count=4920 1596 202 78 51 124 73 3324 3293 338 50 1394 93 1301 483 412 387 339 122
is_linear=0
shrinkage=0.0475495


Tree=16
num_leaves=20
num_cat=0
split_feature=0 14 15 14 2 15 12 3 8 2 3 15 3 2 11 9 18 4 3
split_gain=3.1997 1.75396 1.67095 4.01952 2.11395 1.96973 2.31352 1.8136 1.37981 1.69519 1.33688 1.27811 2.57955 2.3428 1.8111 1.15565 1.04357 1.40636 1.03369
threshold=9.8661938225889988e-05 -0.11499999999999998 1.6450000000000002 0.60250000000000015 0.00023457935563335288 0.48500000000000004 -4.2499999999999973 1.5150000000000003 3.9999999999999374 0.00049118316245852273 0.56500000000000006 2.8850000000000002 1.9950000000000003 0.00021627578868432511 -0.50000000000000033 -5.5000000000000151 -0.0042948409338667828 0.99999999999999545 2.1850000000000005
decision_type=2 2 2 2 2 2 2 2 2 2 2 2 2 2 2 2 2 2 2
left_child=1 16 5 4 -4 6 -2 -5 11 -10 -3 18 13 14 15 -13 -1 -18 -9
right_child=2 10 3 7 -6 -7 -8 8 9 -11 -12 12 -14 -15 -16 -17 17 -19 -20
leaf_value=-0.00048665279146117255 0.015318193317241064 0.010610654982712553 0.025988442992721499 -0.0028450116171491106 0.0066143645404944411 -0.0016271842229106017 0.0016762838626238315 -0.0016704995931715835 0.0033576611865026797 0.021301563954030756 -0.0013088063302038584 0.0056665390826960826 1.1674677609822238e-05 0.024565403217694144 0.0016988464149391843 0.020084022119832772 0.013421087102338969 -0.00074504572993993841 0.0030750070108173321
leaf_weight=51 30 21 24 134 26 572 337 183 28 20 2953 22 112 20 62 28 44 24 229
leaf_count=51 30 21 24 134 26 572 337 183 28 20 2953 22 112 20 62 28 44 24 229
internal_value=0 -0.00100041 0.00148421 0.00294814 0.0159139 9.97914e-05 0.00279143 0.00217452 0.00312995 0.0108343 -0.00122464 0.00256621 0.00526623 0.00972464 0.00707451 0.0137403 0.00460359 0.00842128 0.000967173
internal_weight=0 3093 1827 888 50 939 367 838 704 48 2974 656 244 132 112 50 119 68 412
internal_count=4920 3093 1827 888 50 939 367 838 704 48 2974 656 244 132 112 50 119 68 412
is_linear=0
shrinkage=0.047074


Tree=17
num_leaves=20
num_cat=0
split_feature=2 15 14 6 2 2 15 3 3 8 0 2 3 14 7 14 3 3 15
split_gain=2.91138 2.09697 3.36502 2.38624 1.91166 1.19706 2.08483 1.03459 1.14236 2.22984 1.11909 1.25514 1.22515 1.06922 1.70627 1.0115 2.12609 2.83469 4.09517
threshold=0.00012631167037905871 2.9150000000000005 2.1350000000000002 7.0000000000000071 0.00019431273379102616 0.00018179789135096901 3.1550000000000007 0.56500000000000006 1.4950000000000003 -2.0000000000000235 4.1750721876030799e-05 4.7132909682723587e-05 1.6050000000000002 1.2050000000000003 -0.0059517710226509859 0.70500000000000007 1.0150000000000003 1.1450000000000002 0.12500000000000003
decision_type=2 2 2 2 2 2 2 2 2 2 2 2 2 2 2 2 2 2 2
left_child=7 -2 3 4 -3 -4 -7 -1 15 -10 -11 12 -12 14 -13 16 -9 18 -18
right_child=1 2 5 -5 -6 6 -8 8 9 10 11 13 -14 -15 -16 -17 17 -19 -20
leaf_value=0.0076150226443993316 0.00091964627994060703 -0.0015480023751370286 -0.0042484795954644177 0.024787206362140921 0.016500877770386627 -0.0033779460534771465 0.012410556110606281 -0.001826755282185832 0.0099312830210077641 -0.0024511688767362427 0.0018354479226048886 0.015035489107159905 0.014416211274661198 -0.00075122851219551858 -0.0002260785973116084 -0.0024588793139141943 0.025133079895093596 -0.00045152316806105689 0.0039527061805589422
leaf_weight=31 1394 25 51 27 26 34 39 935 52 269 40 26 29 336 41 1131 24 296 114
leaf_count=31 1394 25 51 27 26 34 39 935 52 269 40 26 29 336 41 1131 24 296 114
internal_value=0 0.00156269 0.00600033 0.0135843 0.00765339 0.00122975 0.00505701 -0.000858905 -0.000938678 0.000602511 -5.21399e-05 0.0013151 0.00712302 0.000320697 0.00569632 -0.00142754 -0.000575504 0.00212016 0.00763625
internal_weight=0 1596 202 78 51 124 73 3324 3293 793 741 472 69 403 67 2500 1369 434 138
internal_count=4920 1596 202 78 51 124 73 3324 3293 793 741 472 69 403 67 2500 1369 434 138
is_linear=0
shrinkage=0.0466033


Tree=18
num_leaves=20
num_cat=0
split_feature=0 14 15 14 11 15 12 1 15 1 14 5 5 10 15 18 4 20 5
split_gain=2.66563 1.55333 1.48681 3.67548 2.08207 1.76293 2.09719 1.39631 1.69709 1.27809 2.17194 1.48166 2.06944 1.27751 0.99923 0.92384 1.26884 0.902773 0.889108
threshold=9.8661938225889988e-05 -0.11499999999999998 1.6450000000000002 0.60250000000000015 -0.99999999999998967 0.48500000000000004 -4.2499999999999973 0.00029424454832396879 3.2050000000000005 0.00048762204348006986 2.1350000000000002 8.5200000000000014 9.8250000000000011 -6.0000000000000266 3.5025000000000004 -0.0042948409338667828 0.99999999999999545 -0.0004001641649868381 6.6550000000000011
decision_type=2 2 2 2 2 2 2 2 2 2 2 2 2 2 2 2 2 2 2
left_child=1 15 5 4 -4 6 -2 14 9 10 11 -9 -13 -11 -5 -1 17 -17 -3
right_child=2 18 3 7 -6 -7 -8 8 -10 13 -12 12 -14 -15 -16 16 -18 -19 -20
leaf_value=-0.0004198333701846685 0.014233280254351529 -0.0013519724385243721 0.0037694695822185153 0.00021927135705359805 0.022844936873256286 -0.0015531579531701462 0.0015032832600503079 0.0035642793137185633 0.015925343169362907 0.0084181537939978981 -0.0046338644138577377 0.025129190821365267 0.0063566760951094684 -0.0023823441987082658 0.0087357398134511512 0.005840613041183486 -0.00073866359027799356 0.019057963125780404 0.0014386404199229819
leaf_weight=51 30 2707 21 543 29 572 337 37 26 31 26 25 25 94 31 22 24 22 267
leaf_count=51 30 2707 21 543 29 572 337 37 26 31 26 25 25 94 31 22 24 22 267
internal_value=0 -0.000894615 0.00132806 0.00268149 0.0148332 4.81347e-05 0.00254388 0.00195644 0.00473343 0.00351079 0.00706677 0.0105635 0.0157429 0.000296179 0.00067922 0.0042742 0.00779472 0.0124493 -0.00110144
internal_weight=0 3093 1827 888 50 939 367 838 264 238 113 87 50 125 574 119 68 44 2974
internal_count=4920 3093 1827 888 50 939 367 838 264 238 113 87 50 125 574 119 68 44 2974
is_linear=0
shrinkage=0.0461372


Tree=19
num_leaves=20
num_cat=0
split_feature=0 5 3 14 22 15 0 15 18 17 22 6 18 13 6 15 3 1 5
split_gain=2.43399 1.63764 3.94173 1.53085 1.49984 2.80216 1.75032 1.01482 0.990089 0.948255 0.909537 1.13379 1.46618 1.06917 0.753913 0.750571 2.69079 2.79949 1.7193
threshold=7.5828411615817324e-05 3.2850000000000006 0.89500000000000013 -0.11499999999999998 0.0035778385161516772 1.6725000000000001 0.001463739289640599 3.5650000000000004 -0.0042948409338667828 2.0000000000000013 -0.0021971008552632561 -5.9999999999999822 0.012416491696888745 1.0000000000000122 0.99999999999988998 2.8650000000000007 2.1450000000000005 0.00033002821698263244 7.1150000000000011
decision_type=2 2 2 2 2 2 2 2 2 2 2 2 2 2 2 2 2 2 2
left_child=3 -2 -3 8 6 -6 7 10 -1 -8 11 13 -13 -4 -10 -12 17 18 -17
right_child=1 2 4 -5 5 -7 9 -9 14 -11 15 12 -14 -15 -16 16 -18 -19 -20
leaf_value=-0.00052820969919615678 -0.0025317790559276567 0.019884118928984482 0.017250251434959576 -0.001192927037257789 0.0011147927527270988 0.022335267452724884 0.0038317115308283355 0.010574111927753364 0.01441230047378572 0.016997550219732861 1.3650239123061687e-05 -0.0040961744535015013 0.010988604821988287 0.0028103068154290319 0.0035150523879447773 -0.00031792257133190962 -0.0043989079517509208 0.018943806094813512 0.0084339462361743382
leaf_weight=42 237 24 23 2608 37 20 25 22 26 21 1421 41 20 20 27 115 85 27 79
leaf_count=42 237 24 23 2608 37 20 25 22 26 21 1421 41 20 20 27 115 85 27 79
internal_value=0 0.00105638 0.00148587 -0.000985465 0.00126013 0.00856057 0.001041 0.000822512 0.00470991 0.0098422 0.000705344 0.00485376 0.000849655 0.010534 0.00886087 0.000455526 0.0025075 0.00516382 0.00324598
internal_weight=0 2217 1980 2703 1956 57 1899 1853 95 46 1831 104 61 43 53 1727 306 221 194
internal_count=4920 2217 1980 2703 1956 57 1899 1853 95 46 1831 104 61 43 53 1727 306 221 194
is_linear=0
shrinkage=0.0456759


Tree=20
num_leaves=20
num_cat=0
split_feature=3 1 15 4 15 22 14 15 4 12 3 3 3 2 1 19 7 19 20
split_gain=2.44742 1.12732 1.10974 0.958209 0.847641 0.82271 0.809613 1.39628 0.75349 0.940222 1.3627 1.32944 1.22284 1.14844 1.12396 0.942035 1.26081 1.20005 1.11876
threshold=1.3350000000000002 3.7209050673793614e-05 3.6250000000000004 0.50000000000000611 0.63500000000000012 -0.0040697456773429721 0.6150000000000001 1.4025000000000001 8.4999999999999982 -1.0000000180025095e-35 5.1950000000000012 2.5050000000000003 2.4450000000000007 0.00069406867351463257 4.5382039864946874e-05 -0.0054842115306477637 -0.0059517710226509859 -0.006920586090244484 0.00043523751082963363
decision_type=2 2 2 2 2 2 2 2 2 2 2 2 2 2 2 2 2 2 2
left_child=3 4 5 -1 -2 -3 7 -5 9 14 11 12 15 -12 -7 16 18 -18 -11
right_child=1 2 -4 6 -6 8 -8 -9 -10 10 13 -13 -14 -15 -16 -17 17 -19 -20
leaf_value=-0.0014768036416822538 0.0073199620544910429 0.0096103722409855933 0.010775989316629642 0.0015880482558836074 -0.0022702354595673328 0.0084679872016696373 -0.0015333240417745508 0.014641104536977681 0.008889768306504597 0.020018182500548987 0.019101921433494207 -0.0034274879009707979 0.014491647817194461 0.0032411736547946928 -0.00089101157492210324 0.0014181430754153538 -0.0013646923530269677 0.01042654060067669 0.0058225711754390178
leaf_weight=2083 25 31 33 298 294 34 206 22 33 23 21 114 20 25 568 948 71 31 35
leaf_count=2083 25 31 33 298 294 34 206 22 33 23 21 114 20 25 568 948 71 31 35
internal_value=0 0.00124044 0.0016834 -0.000995287 -0.00151865 0.00152984 0.000911555 0.00248545 0.00139958 0.0012688 0.00203122 0.00171823 0.00223827 0.0104819 -0.00036243 0.00201709 0.00556586 0.00221892 0.0114519
internal_weight=0 2306 1987 2609 319 1954 526 320 1923 1890 1288 1242 1128 46 602 1108 160 102 58
internal_count=4915 2306 1987 2609 319 1954 526 320 1923 1890 1288 1242 1128 46 602 1108 160 102 58
is_linear=0
shrinkage=0.05


Tree=21
num_leaves=20
num_cat=0
split_feature=3 5 1 5 5 14 3 18 5 3 5 14 3 3 5 5 2 6 17
split_gain=2.2088 1.40156 2.17383 1.36203 1.28102 1.741 1.76399 1.52998 1.16646 2.39796 2.82343 2.27055 1.55655 1.42852 1.99983 1.40804 2.74414 2.01326 1.91159
threshold=1.3350000000000002 4.4050000000000011 8.2670292446242413e-05 5.3250000000000011 5.6850000000000014 1.4425000000000001 1.6650000000000003 -0.03274870441702165 6.3650000000000011 1.885 8.1950000000000021 2.6650000000000005 1.9950000000000003 3.0550000000000002 9.9450000000000021 7.5150000000000006 0.00011362653502752781 -3.2500000000000413 -0.49999999999999417
decision_type=2 2 2 2 2 2 2 2 2 2 2 2 2 2 2 2 2 2 2
left_child=-1 2 -2 -3 5 -5 7 -7 11 10 15 12 -6 -11 -15 -10 17 -17 -18
right_child=1 3 -4 4 8 6 -8 -9 9 13 -12 -13 -14 14 -16 16 18 -19 -20
leaf_value=-0.00094552278224537326 -0.0019324290433100294 -0.0012818198810929239 0.012800149733741438 0.00047208756829301523 -0.0038922831252164824 0.0038331383559852845 0.00027558347531433762 0.020635470366548926 0.0043270101033888028 -0.0011469548756134844 -0.0019294577797776776 0.011560211540950884 0.0067604544882973036 0.016897140357356805 0.0017973784995930536 0.0085981484679948719 -0.003797865738019799 0.028926223516464233 0.011323625287204458
leaf_weight=2609 42 536 62 84 284 20 29 42 182 535 114 31 39 26 140 21 33 29 57
leaf_count=2609 42 536 62 84 284 20 29 42 182 535 114 31 39 26 140 21 33 29 57
internal_value=0 0.00117842 0.00685045 0.000910533 0.00161588 0.00566286 0.0104543 0.0152154 0.00114088 0.00192123 0.00483279 -0.00136549 -0.00260604 0.000110325 0.0041624 0.00722688 0.0109967 0.0203884 0.00577908
internal_weight=0 2306 104 2202 1666 175 91 62 1491 1137 436 354 323 701 166 322 140 50 90
internal_count=4915 2306 104 2202 1666 175 91 62 1491 1137 436 354 323 701 166 322 140 50 90
is_linear=0
shrinkage=0.05


Tree=22
num_leaves=20
num_cat=0
split_feature=3 5 1 17 5 15 14 5 2 1 5 15 2 5 5 5 5 15 2
split_gain=1.99344 1.26491 1.97234 1.53418 1.22924 1.24614 5.23181 3.90231 1.46968 1.38451 3.3397 3.20557 2.96968 1.27292 2.05945 1.69893 2.19138 2.56983 1.00936
threshold=1.3350000000000002 4.4050000000000011 8.5650613048432475e-05 2.0000000000000013 5.3250000000000011 2.0050000000000003 1.3150000000000002 5.5750000000000011 0.00017009170847804675 0.00016988577464674426 7.3150000000000004 1.6650000000000003 0.00011023774731996452 16.830000000000002 15.805000000000001 9.9450000000000021 7.9050000000000011 3.2050000000000005 0.00019967570176131056
decision_type=2 2 2 2 2 2 2 2 2 2 2 2 2 2 2 2 2 2 2
left_child=-1 2 -2 -4 -3 9 -7 -8 -9 10 -6 12 -12 14 15 16 17 -10 -18
right_child=1 4 3 -5 5 6 7 8 13 -11 11 -13 -14 -15 -16 -17 18 -19 -20
leaf_value=-0.00089824661561107666 -0.0012238389893394451 -0.001217728867126045 0.01853955688053056 0.001430916301906109 -0.00073973531903059962 0.028063489571213726 0.015501191674803311 -0.00081570992306957864 -0.0028104219788854775 -0.0026597867392435825 0.026917817210778596 -0.0016885152909644815 0.0064822768885642286 -0.0050341565161943439 0.015455636784837051 -0.0026379714254289865 0.016374740824103357 0.013488349727084559 0.0068450665735936434
leaf_weight=2609 46 536 38 20 341 20 52 399 110 293 32 43 40 41 37 96 40 31 91
leaf_count=2609 46 536 38 20 341 20 52 399 110 293 32 43 40 41 37 96 40 31 91
internal_value=0 0.0011195 0.00650793 0.01264 0.000865007 0.00153508 0.00277095 0.00220701 0.00138891 2.20131e-05 0.00174519 0.00911352 0.0155647 0.0033612 0.0042111 0.00308054 0.00509883 0.000772996 0.00975489
internal_weight=0 2306 104 58 2202 1666 917 897 845 749 456 115 72 446 405 368 272 141 131
internal_count=4915 2306 104 58 2202 1666 917 897 845 749 456 115 72 446 405 368 272 141 131
is_linear=0
shrinkage=0.05


Tree=23
num_leaves=20
num_cat=0
split_feature=3 5 1 5 15 14 5 2 1 5 15 2 5 5 5 5 15 6 2
split_gain=1.79908 1.14158 1.78429 1.10939 1.12464 4.72171 3.52184 1.32638 1.24952 3.01408 2.89303 2.68014 1.15343 2.23742 1.53329 1.97772 2.31927 1.10375 1.01492
threshold=1.3350000000000002 4.4050000000000011 8.2670292446242413e-05 5.3250000000000011 2.0050000000000003 1.3150000000000002 5.5750000000000011 0.00017009170847804675 0.00016988577464674426 7.3150000000000004 1.6650000000000003 0.00011023774731996452 16.685000000000006 15.805000000000001 9.9450000000000021 7.9050000000000011 3.2050000000000005 -1.9999999999999793 0.00040917202179151669
decision_type=2 2 2 2 2 2 2 2 2 2 2 2 2 2 2 2 2 2 2
left_child=-1 2 -2 -3 8 -6 -7 -8 9 -5 11 -11 13 14 15 16 -9 -4 -17
right_child=1 3 17 4 5 6 7 12 -10 10 -12 -13 -14 -15 -16 18 -18 -19 -20
leaf_value=-0.00085333430394958661 -0.0017746156879833769 -0.001156842443786228 0.0037227719878921146 -0.00070274858312173319 0.026660315059125424 0.014726132089988546 -0.00077492444446884603 -0.002669900899583643 -0.0025267974273285769 0.0255719262175262 -0.0016040897040173066 0.0061581630073487756 -0.0043972442133559126 0.016517006967103842 -0.0025060727804278333 0.0071828280793172182 0.01281393217223306 0.017242372967302799 0.018559730378910899
leaf_weight=2609 42 536 26 341 20 52 399 110 293 32 43 40 45 33 96 107 31 36 24
leaf_count=2609 42 536 26 341 20 52 399 110 293 32 43 40 45 33 96 107 31 36 24
internal_value=0 0.00106353 0.00618253 0.000821756 0.00145833 0.0026324 0.00209666 0.00131946 2.09124e-05 0.00165793 0.00865785 0.0147865 0.00319314 0.00404493 0.00292651 0.00484389 0.000734346 0.0115729 0.00926715
internal_weight=0 2306 104 2202 1666 917 897 845 749 456 115 72 446 401 368 272 141 62 131
internal_count=4915 2306 104 2202 1666 917 897 845 749 456 115 72 446 401 368 272 141 62 131
is_linear=0
shrinkage=0.05


Tree=24
num_leaves=20
num_cat=0
split_feature=4 3 14 15 3 3 14 3 14 15 3 1 15 15 7 22 8 2 2
split_gain=1.62741 1.51609 0.817044 1.41713 0.868908 7.28646 1.44121 1.63333 0.893717 2.42742 8.44018 0.786567 0.95385 0.786712 0.786123 0.979637 0.854548 1.80845 2.03178
threshold=8.4999999999999982 1.3350000000000002 0.63500000000000012 1.6650000000000003 0.77500000000000013 0.8650000000000001 0.51500000000000012 0.99500000000000011 0.115 0.14500000000000005 1.155 3.7209050673793614e-05 3.6250000000000004 0.63500000000000012 -0.035784399018146833 -0.0040697456773429721 3.9999999999999374 0.00013775144926440633 0.00039476482329121225
decision_type=2 2 2 2 2 2 2 2 2 2 2 2 2 2 2 2 2 2 2
left_child=1 2 3 4 -1 -6 8 -8 -7 10 -10 13 14 -3 -13 -16 -17 -18 -19
right_child=-2 11 -4 -5 5 6 7 -9 9 -11 -12 12 -14 -15 15 16 17 18 -20
leaf_value=-0.0019653026461735747 0.010490368387183629 0.0071211605221033099 -0.0020057339100636169 0.011404603203901879 0.027152100875973702 -0.0028077427095246823 0.018251508616265798 0.0020141002453737344 0.028784644533880056 -0.0011302100224120002 -0.0012014719572934237 -0.0022395450928354567 0.0097125256151864032 -0.0021179349909276782 0.01071979815938643 0.00094713259596664902 0.013554788900669232 -0.0019359983249821447 0.015052385264160958
leaf_weight=554 37 25 973 26 25 331 21 59 32 496 88 158 33 294 28 1582 43 88 22
leaf_count=554 37 25 973 26 25 331 21 59 32 496 88 158 33 294 28 1582 43 88 22
internal_value=0 -3.55287e-05 -0.000858921 -0.00017519 -0.000362658 0.00048132 -0.00016792 0.00627642 -0.000712321 0.000413628 0.00679483 0.00090813 0.00128394 -0.00139387 0.00113915 0.00144195 0.00129222 0.0048604 0.00146168
internal_weight=0 4878 2605 1632 1606 1052 1027 80 947 616 120 2273 1954 319 1921 1763 1735 153 110
internal_count=4915 4878 2605 1632 1606 1052 1027 80 947 616 120 2273 1954 319 1921 1763 1735 153 110
is_linear=0
shrinkage=0.05


Tree=25
num_leaves=20
num_cat=0
split_feature=0 14 3 22 22 2 1 1 17 14 5 0 2 14 3 16 5 5 5
split_gain=1.72167 1.2242 1.17074 1.14783 0.890305 1.46477 0.867565 1.50978 1.89537 1.29536 0.934712 1.34576 1.08918 0.997964 0.880394 0.839198 1.09692 0.833136 0.970761
threshold=9.8661938225889988e-05 -0.11499999999999998 0.56500000000000006 -0.0021971008552632561 0.003136960419897528 0.00020477772997301913 0.00034222665961144055 0.00039019123253236908 3.0000000000000142 1.8225000000000005 16.830000000000002 0.001463739289640599 0.00033799561729511385 1.7650000000000003 1.4450000000000001 4.0000000000000027 4.5750000000000011 6.3650000000000011 5.8950000000000005
decision_type=2 2 2 2 2 2 2 2 2 2 2 2 2 2 2 2 2 2 2
left_child=1 17 -3 15 6 -6 -5 8 9 -8 11 12 13 -9 -14 16 -2 18 -1
right_child=3 2 -4 4 5 -7 7 10 -10 -11 -12 -13 14 -15 -16 -17 -18 -19 -20
leaf_value=0.0053920461609959607 0.011312197071189682 0.010773480186859767 -0.0010740992618498259 8.4479951019158283e-05 0.015748140180053619 -0.00034440755844116215 0.0074484000387399097 0.00031372647732496261 -0.0029177753999829296 0.024624250030943328 -0.0059741591446493807 0.011828783639904226 0.0084077785412470501 0.016109008863568305 -0.0026377622853033245 0.012790135365417777 -0.0024129307753330952 0.013219058602338747 -0.0056236298488719126
leaf_weight=70 24 21 2953 1351 26 31 23 20 20 21 38 33 21 20 128 34 37 21 28
leaf_count=70 24 21 2953 1351 26 31 23 20 20 21 38 33 21 20 128 34 37 21 28
internal_value=0 -0.000791461 -0.000990441 0.00114437 0.000850861 0.00699605 0.000641741 0.00296538 0.0098448 0.015646 0.00127199 0.00251232 0.000885632 0.00821137 -0.00108101 0.00649557 0.00298712 0.00418136 0.00224471
internal_weight=0 3093 2974 1827 1732 57 1675 324 64 44 260 222 189 40 149 95 61 119 98
internal_count=4920 3093 2974 1827 1732 57 1675 324 64 44 260 222 189 40 149 95 61 119 98
is_linear=0
shrinkage=0.05


Tree=26
num_leaves=20
num_cat=0
split_feature=2 15 14 22 2 2 15 3 8 5 3 3 3 2 14 3 3 5 7
split_gain=1.57813 1.37209 2.67848 2.14852 1.42681 0.930845 1.65908 0.915715 0.787123 0.73634 1.31204 2.07295 1.27785 1.52071 1.48574 1.18106 1.31437 2.59601 1.20391
threshold=0.00012631167037905871 2.9150000000000005 2.1350000000000002 -1.2082328990137279e-05 0.00017181302364744735 0.00018179789135096901 3.1550000000000007 0.56500000000000006 -8.4999999999999947 5.0650000000000004 0.81500000000000006 0.99500000000000011 1.7250000000000003 0.00013633704530260099 -0.40499999999999997 1.5150000000000003 1.2750000000000001 4.7950000000000008 -0.021851616129574477
decision_type=2 2 2 2 2 2 2 2 2 2 2 2 2 2 2 2 2 2 2
left_child=7 9 3 -3 -5 -4 -7 -1 -9 10 -2 -12 14 -14 -11 16 18 -18 -13
right_child=1 2 5 4 -6 6 -8 8 -10 12 11 15 13 -15 -16 -17 17 -19 -20
leaf_value=0.0078638372882719968 -0.0040340395801713768 -0.00090557540004903626 -0.0046747308407051897 0.0076135611669583755 0.023955235915148962 -0.0039438643328407238 0.011167119099543646 0.0082518841916074358 -0.00083623616923411421 0.0095034551685271064 0.017279376491904259 0.010293240031158482 0.012165829775234064 0.00061307187581844367 -0.0036922721128885439 -0.0049166978802531961 0.0038210835565741248 0.020605299382337502 -0.0011530406966611937
leaf_weight=31 71 22 51 22 34 34 39 24 3269 23 25 27 30 564 294 48 130 28 154
leaf_count=31 71 22 51 22 34 34 39 24 3269 23 25 27 30 564 294 48 130 28 154
internal_value=0 0.00122335 0.0050746 0.012334 0.0175353 0.000508185 0.00412913 -0.00068948 -0.00077 0.000665282 0.00224349 0.00332529 -0.000171461 0.00119654 -0.00273485 0.00242387 0.00346324 0.0067955 0.000554416
internal_weight=0 1596 202 78 56 124 73 3324 3293 1394 483 412 911 594 317 387 339 158 181
internal_count=4920 1596 202 78 56 124 73 3324 3293 1394 483 412 911 594 317 387 339 158 181
is_linear=0
shrinkage=0.05


Tree=27
num_leaves=20
num_cat=0
split_feature=0 15 14 5 5 8 7 3 20 8 9 20 21 21 3 15 5 3 3
split_gain=1.45953 1.276 1.24874 1.17097 0.993976 0.98829 1.88293 0.976894 0.936497 0.826875 0.826101 0.792522 0.983925 0.882936 0.796003 1.3581 2.12955 1.45893 1.26014
threshold=0.00010453882925299587 3.5025000000000004 -0.11499999999999998 6.3950000000000005 5.8950000000000005 -11.00000000000002 -0.0063986881377035001 0.56500000000000006 0.0020364327916304607 -9 -1.1666666666666934 0.0066656490020644563 -0.0080494587344949169 -0.0036632730043522073 2.2950000000000004 2.8650000000000007 8.3850000000000033 2.1850000000000005 1.8150000000000002
decision_type=2 2 2 2 2 2 2 2 2 2 2 2 2 2 2 2 2 2 2
left_child=2 5 3 4 8 6 -2 -4 10 -9 -1 13 -13 -7 15 17 18 -15 -17
right_child=1 -3 7 -5 -6 11 -8 9 -10 -11 -12 12 -14 14 -16 16 -18 -19 -20
leaf_value=0.0083320030321677521 0.019716862700879575 0.010036692519982656 0.0098416140036923557 0.014974117687060721 -0.0056424996132651969 -0.0021242312880700109 0.00027434574157902692 0.0091530840750783694 0.012782409987770594 -0.0010472621474382842 -0.00500134566368965 0.010933926057171178 0.0019641105085611344 0.00030614088792888715 -0.002214739261858765 0.0076452673905912571 0.020772052946544828 0.011536955311894418 -0.0032905599925407143
leaf_weight=21 20 39 21 21 30 307 33 20 26 3006 26 37 176 801 174 68 21 30 43
leaf_count=21 20 39 21 21 30 307 33 20 26 3006 26 37 176 801 174 68 21 30 43
internal_value=0 0.00109404 -0.0007051 0.0042134 0.00201946 0.000890088 0.00761114 -0.000905262 0.00516822 -0.000979844 0.000956108 0.000675112 0.00352225 0.000255139 0.00089759 0.00145994 0.00617119 0.000711585 0.00340887
internal_weight=0 1749 3171 124 103 1710 53 3047 73 3026 47 1657 213 1444 1137 963 132 831 111
internal_count=4920 1749 3171 124 103 1710 53 3047 73 3026 47 1657 213 1444 1137 963 132 831 111
is_linear=0
shrinkage=0.05


Tree=28
num_leaves=20
num_cat=0
split_feature=2 15 14 6 2 5 2 15 8 5 14 15 15 14 19 3 3 0 0
split_gain=1.33183 1.16266 2.34143 2.08784 1.36118 0.849109 0.816857 1.47034 0.717816 0.684218 2.24396 1.88845 1.72161 1.23147 1.25171 0.767767 1.81808 0.898047 1.09269
threshold=0.00012631167037905871 2.9150000000000005 2.1350000000000002 7.0000000000000071 0.00019431273379102616 2.5950000000000002 0.00018179789135096901 3.1550000000000007 -8.4999999999999947 4.5050000000000008 0.15500000000000003 -0.21499999999999997 1.4150000000000003 1.3650000000000004 8.569315604167739e-05 3.0950000000000002 5.5100000000000007 0.0010988899644920446 0.0001647799411906393
decision_type=2 2 2 2 2 2 2 2 2 2 2 2 2 2 2 2 2 2 2
left_child=5 9 3 4 -3 -1 -4 -8 -7 10 11 -2 -12 14 -14 17 -17 18 -11
right_child=1 2 6 -5 -6 8 7 -9 -10 15 12 -13 13 -15 -16 16 -18 -19 -20
leaf_value=0.0057696240826272498 0.00037421481683850292 -0.0028248979449272157 -0.0044545535947762283 0.022700240049097275 0.013515236142736215 0.0080699604895451797 -0.0038072663852397135 0.010418244317556039 -0.00079432694848913417 0.0013649425106660393 -0.0028264403056639893 0.018382863388270946 0.0048540224162180248 -0.0041818756077970773 0.020111398510634898 0.012443776521831752 -0.001676713225414168 0.00900914078950882 -0.0020004378651181163
leaf_weight=51 24 25 51 27 26 23 34 39 3250 416 143 37 41 21 20 40 53 25 574
leaf_count=51 24 25 51 27 26 23 34 39 3250 416 143 37 41 21 20 40 53 25 574
internal_value=0 0.00112496 0.00467011 0.0114574 0.00550537 -0.000632281 0.000400663 0.00379266 -0.000732036 0.00061124 0.00279157 0.0112975 0.000485522 0.00626126 0.00985644 4.84463e-05 0.00439662 -0.000349957 -0.000586298
internal_weight=0 1596 202 78 51 3324 124 73 3273 1394 286 61 225 82 61 1108 93 1015 990
internal_count=4920 1596 202 78 51 3324 124 73 3273 1394 286 61 225 82 61 1108 93 1015 990
is_linear=0
shrinkage=0.05


Tree=29
num_leaves=20
num_cat=0
split_feature=0 22 14 15 18 22 2 3 12 3 5 16 18 1 3 15 14 1 15
split_gain=1.2373 0.986905 0.937623 0.917438 0.890176 0.9199 1.55764 0.866832 0.84063 0.750941 1.27043 0.706578 1.10604 0.681461 1.34386 0.996668 0.893984 1.02367 1.63597
threshold=9.8661938225889988e-05 -0.0021971008552632561 -0.11499999999999998 3.5025000000000004 -0.066487258841770522 0.003136960419897528 0.00020477772997301913 0.56500000000000006 -1 2.2850000000000006 4.5750000000000011 -3.9999999999999987 -0.0042948409338667828 0.00034222665961144055 5.5750000000000011 3.0150000000000001 2.0750000000000006 0.00039019123253236908 1.7750000000000001
decision_type=2 2 2 2 2 2 2 2 2 2 2 2 2 2 2 2 2 2 2
left_child=2 9 11 4 -3 13 -7 -4 -5 10 -2 -1 -13 -6 15 16 17 18 -15
right_child=1 3 7 8 5 6 -8 -9 -10 -11 -12 12 -14 14 -16 -17 -18 -19 -20
leaf_value=-0.0037873753458261489 0.010367011789764678 -0.0019042296965997064 0.0092798501962707159 0.00041554135270416737 0.00025310278648421879 0.01729207573377568 -0.00026880637077348577 -0.00091466439822912625 0.014431662841335589 0.014032161752270025 -0.0028362685030228216 -0.00063130377791821958 0.010338351565102738 0.0016910736449062824 -0.0048349576917561619 0.015105212107300758 -0.0063731082715094093 0.0026722977897434526 0.021914664730429651
leaf_weight=25 35 310 21 20 1071 23 28 2953 23 22 38 40 54 20 44 21 20 132 20
leaf_count=25 35 310 21 20 1071 23 28 2953 23 22 38 40 54 20 44 21 20 132 20
internal_value=0 0.000972542 -0.000668539 0.000700381 0.000516767 0.00106101 0.00765081 -0.000842679 0.00791254 0.00593447 0.00349407 0.00368348 0.00567041 0.000807937 0.00312011 0.00476341 0.00363227 0.00479569 0.0118029
internal_weight=0 1827 3093 1732 1689 1379 51 2974 43 95 73 119 94 1328 257 213 192 172 40
internal_count=4920 1827 3093 1732 1689 1379 51 2974 43 95 73 119 94 1328 257 213 192 172 40
is_linear=0
shrinkage=0.05


end of trees

feature_importances:
f_3=108
f_15=92
f_5=87
f_14=58
f_2=54
f_1=45
f_22=15
f_8=13
f_0=12
f_6=12
f_4=11
f_18=10
f_7=9
f_16=9
f_19=8
f_12=6
f_17=5
f_13=4
f_20=4
f_9=2
f_10=2
f_11=2
f_21=2

parameters:
[boosting: gbdt]
[objective: regression]
[metric: binary_logloss]
[tree_learner: serial]
[device_type: cpu]
[data: ]
[valid: ]
[num_iterations: 10]
[learning_rate: 0.05]
[num_leaves: 20]
[num_threads: 0]
[deterministic: 0]
[force_col_wise: 0]
[force_row_wise: 0]
[histogram_pool_size: -1]
[max_depth: -1]
[min_data_in_leaf: 20]
[min_sum_hessian_in_leaf: 0.001]
[bagging_fraction: 0.7]
[pos_bagging_fraction: 1]
[neg_bagging_fraction: 1]
[bagging_freq: 5]
[bagging_seed: 3]
[feature_fraction: 0.9]
[feature_fraction_bynode: 1]
[feature_fraction_seed: 2]
[extra_trees: 0]
[extra_seed: 6]
[early_stopping_round: 0]
[first_metric_only: 0]
[max_delta_step: 0]
[lambda_l1: 0]
[lambda_l2: 0]
[linear_lambda: 0]
[min_gain_to_split: 0]
[drop_rate: 0.1]
[max_drop: 50]
[skip_drop: 0.5]
[xgboost_dart_mode: 0]
[uniform_drop: 0]
[drop_seed: 4]
[top_rate: 0.2]
[other_rate: 0.1]
[min_data_per_group: 100]
[max_cat_threshold: 32]
[cat_l2: 10]
[cat_smooth: 10]
[max_cat_to_onehot: 4]
[top_k: 20]
[monotone_constraints: ]
[monotone_constraints_method: basic]
[monotone_penalty: 0]
[feature_contri: ]
[forcedsplits_filename: ]
[refit_decay_rate: 0.9]
[cegb_tradeoff: 1]
[cegb_penalty_split: 0]
[cegb_penalty_feature_lazy: ]
[cegb_penalty_feature_coupled: ]
[path_smooth: 0]
[interaction_constraints: ]
[verbosity: 0]
[saved_feature_importance_type: 0]
[linear_tree: 0]
[max_bin: 255]
[max_bin_by_feature: ]
[min_data_in_bin: 3]
[bin_construct_sample_cnt: 200000]
[data_random_seed: 1]
[is_enable_sparse: 1]
[enable_bundle: 1]
[use_missing: 1]
[zero_as_missing: 0]
[feature_pre_filter: 1]
[pre_partition: 0]
[two_round: 0]
[header: 0]
[label_column: ]
[weight_column: ]
[group_column: ]
[ignore_column: ]
[categorical_feature: ]
[forcedbins_filename: ]
[precise_float_parser: 0]
[objective_seed: 5]
[num_class: 1]
[is_unbalance: 0]
[scale_pos_weight: 1]
[sigmoid: 1]
[boost_from_average: 1]
[reg_sqrt: 0]
[alpha: 0.9]
[fair_c: 1]
[poisson_max_delta_step: 0.7]
[tweedie_variance_power: 1.5]
[lambdarank_truncation_level: 30]
[lambdarank_norm: 1]
[label_gain: ]
[eval_at: ]
[multi_error_top_k: 1]
[auc_mu_weights: ]
[num_machines: 1]
[local_listen_port: 12400]
[time_out: 120]
[machine_list_filename: ]
[machines: ]
[gpu_platform_id: -1]
[gpu_device_id: -1]
[gpu_use_dp: 0]
[num_gpu: 1]

end of parameters

pandas_categorical:[]
