tree
version=v3
num_class=1
num_tree_per_iteration=1
label_index=0
max_feature_idx=22
objective=regression
feature_names=f_0 f_1 f_2 f_3 f_4 f_5 f_6 f_7 f_8 f_9 f_10 f_11 f_12 f_13 f_14 f_15 f_16 f_17 f_18 f_19 f_20 f_21 f_22
feature_infos=[2.811842593898112e-07:0.0089292451603560918] [2.1333248529010825e-06:0.0055990001705921817] [4.7857545124566229e-06:0.003721014941950642] [0.53000000000000003:6.5599999999999996] [-33.000000000000007:48] [2.4100000000000001:21.82] [-101.00000000000016:144.99999999999994] [-3.0196613872200984:0.53086419753086433] [-81:74] [-46:33.999999999999986] [-51.000000000000021:33.999999999999986] [-33.000000000000007:29.000000000000004] [-41:192.00000000000003] [-36.000000000000007:32.999999999999986] [-0.83999999999999997:2.9100000000000001] [-1.3200000000000001:3.8500000000000001] [-52:73.999999999999972] [-28.000000000000004:24.000000000000004] [-0.29572649572649579:1.1559792027729636] [-0.02958455728073861:0.047292143401983289] [-0.054746473503621829:0.033993115318416534] [-0.078445945945946005:0.045346674363414774] [-0.019984292877423981:0.018327052533256172]
tree_sizes=1833 1882 1888 1886 1879 1895 1897 1901 1909 1901 1894 1901 1899 1889 1874 1898 1910 1910 1923 1932 1898 1895 1896 1898 1900 1925 1919 1925 1917 1916

Tree=0
num_leaves=20
num_cat=0
split_feature=1 15 1 1 1 21 20 11 6 19 15 2 3 6 6 18 21 3 14
split_gain=10.0289 4.95195 3.21186 2.49304 1.48086 1.33361 1.32726 1.63081 1.26391 1.58838 1.5392 0.921951 0.654054 0.894366 1.18763 0.628711 1.23009 0.589485 1.00804
threshold=0.0003034757790248153 2.9150000000000005 0.00039019123253236908 8.5272096956839468e-05 0.00039019123253236908 -0.0018765972359490177 0.0074875413268140631 -10.00000000000003 5.9999999999999174 0.0011376564866558694 0.65500000000000014 0.00029961794808363559 1.635 6.9999999999999627 7.9999999999999414 0.08215968505669359 -0.0013024467404840754 1.7850000000000004 -0.15499999999999997
decision_type=2 2 2 2 2 2 2 2 2 2 2 2 2 2 2 2 2 2 2
left_child=3 4 -3 -1 8 -4 7 -6 9 10 -2 -11 13 -5 -15 -16 -17 18 -14
right_child=1 2 5 12 6 -7 -8 -9 -10 11 -12 -13 17 14 15 16 -18 -19 -20
leaf_value=0.048541118044880448 0.078533026149089996 0.053830645196709041 0.085675883291947141 0.049602503120206309 0.065080645196709044 0.06924731186337571 0.061866359482423333 0.050150738654652971 0.051528013617761673 0.047580645196709043 0.061217008833072684 0.062580645196709042 0.048542183658247501 0.065080645196709044 0.049366359482423329 0.049366359482423329 0.064971949544535126 0.051241733062817832 0.056671554287618137
leaf_weight=2707 21 24 21 915 20 30 35 214 38 21 33 20 52 20 84 28 23 478 143
leaf_count=2707 21 24 21 915 20 30 35 214 38 21 33 20 52 20 84 28 23 478 143
internal_value=0.0500849 0.0571194 0.068914 0.0494908 0.054919 0.076012 0.0527851 0.0514268 0.0592348 0.0623175 0.067951 0.0548977 0.0509656 0.0501975 0.0537097 0.0520251 0.0564042 0.0521869 0.0545037
internal_weight=0 477 75 4450 402 51 269 234 133 95 54 41 1743 1070 155 135 51 673 195
internal_count=4927 477 75 4450 402 51 269 234 133 95 54 41 1743 1070 155 135 51 673 195
is_linear=0
shrinkage=1


Tree=1
num_leaves=20
num_cat=0
split_feature=1 14 2 5 3 17 3 5 1 8 1 19 5 11 8 3 21 21 9
split_gain=9.05109 3.21984 2.25086 1.52527 3.81818 1.89546 1.49183 2.28869 1.80824 1.24638 1.21473 0.663262 0.636317 0.701395 0.801103 1.14456 0.690393 1.21097 0.663327
threshold=0.0003034757790248153 2.4950000000000006 7.1332188761906388e-05 8.8850000000000033 2.2650000000000001 6.9999999999999902 4.4250000000000007 16.175000000000004 0.00059874566246757713 -7.0000000000000169 0.00035345311012263718 -9.275147422493911e-05 6.8650000000000011 -2.9999999999999911 1.0000000000000007 1.2950000000000002 -0.002156328890762282 -0.0029577276440133633 -3.9999999999999698
decision_type=2 2 2 2 2 2 2 2 2 2 2 2 2 2 2 2 2 2 2
left_child=2 3 -1 5 -5 9 -6 -8 -9 -2 11 -11 13 14 -4 -16 17 -14 -17
right_child=1 -3 12 4 6 -7 7 8 -10 10 -12 -13 16 -15 15 18 -18 -19 -20
leaf_value=-0.0016506719640047526 0.013859622482033002 0.026319628171622755 0.00069872675492213326 0.025081757409498098 -0.00078392904968215861 0.016371972572345 0.021748879857893505 0.017240293659269809 -0.00076813068564819253 0.011032114149286197 -0.0011662878502498974 0.0009456537131752288 0.0027182653037287436 -0.00056597925007447316 -0.0010594517376054735 0.0057964110001921662 0.00081019133713152542 0.013510056687218528 0.017082594108322396
leaf_weight=2302 21 20 325 32 52 26 28 20 46 39 165 28 161 1146 34 30 398 31 23
leaf_count=2302 21 20 325 32 52 26 28 20 46 39 165 28 161 1146 34 30 398 31 23
internal_value=0 0.00668281 -0.000564426 0.00582343 0.00943985 0.00351619 0.00601148 0.00977064 0.00468897 0.00219504 0.0011392 0.00681688 0.000599699 7.01185e-05 0.00183946 0.00610081 0.00199815 0.00446069 0.0106942
internal_weight=0 477 4450 457 178 279 146 94 66 253 232 67 2148 1558 412 87 590 192 53
internal_count=4927 477 4450 457 178 279 146 94 66 253 232 67 2148 1558 412 87 590 192 53
is_linear=0
shrinkage=0.05


Tree=2
num_leaves=20
num_cat=0
split_feature=1 15 1 1 17 1 8 21 20 5 6 11 21 15 3 21 1 15 18
split_gain=8.16861 4.16665 2.85168 2.07557 1.39018 1.54373 1.24055 1.13446 1.12557 0.814042 0.802805 0.792784 0.951912 0.915014 0.730193 0.986754 1.67873 0.675247 1.13481
threshold=0.0003034757790248153 2.9150000000000005 0.00039019123253236908 8.5272096956839468e-05 6.9999999999999902 0.00033002821698263244 -6.9999999999999609 -0.0018765972359490177 -0.00095376952671988302 6.6250000000000009 3.0000000000000697 -3.0000000000000133 -0.0017245803522640266 1.6450000000000002 2.2150000000000003 0.0013710409920387747 0.00053737710335938812 0.23500000000000001 -0.0096625768161240893
decision_type=2 2 2 2 2 2 2 2 2 2 2 2 2 2 2 2 2 2 2
left_child=3 4 -3 -1 5 10 -7 -4 -6 11 -2 12 -5 -14 -8 -16 -17 18 -11
right_child=1 2 7 9 8 6 14 -9 -10 17 -12 -13 13 -15 15 16 -18 -19 -20
leaf_value=-0.0014026945485762004 0.016854826052641048 0.002955191357371708 0.032769021072557997 -0.00084252202003780351 0.0041509832069277766 0.014036617586389183 -0.0013443203912726766 0.017616678501168888 0.020369550407580709 0.017146690422669055 0.0040181866625235195 -0.0007290296544937788 0.0027262988882206327 0.011393007359061486 0.00047621737544735281 0.018520610839128492 0.00084035278394304486 0.0018224979458632423 0.0019642008002847436
leaf_weight=2707 29 24 21 144 20 20 145 30 23 20 21 859 139 39 90 25 29 510 32
leaf_count=2707 29 24 21 144 20 20 145 30 23 20 21 859 139 39 90 25 29 510 32
internal_value=0 0.00634867 0.0171677 -0.000536204 0.0043302 0.0033126 0.00199369 0.0238559 0.012826 0.000809515 0.0114634 6.41179e-05 0.00218 0.00462518 0.00116027 0.00368226 0.00902566 0.00237591 0.00780362
internal_weight=0 477 75 4450 402 359 309 51 43 1743 50 1181 322 178 289 144 54 562 52
internal_count=4927 477 75 4450 402 359 309 51 43 1743 50 1181 322 178 289 144 54 562 52
is_linear=0
shrinkage=0.05


Tree=3
num_leaves=20
num_cat=0
split_feature=1 15 1 2 17 1 15 21 20 11 3 7 11 3 3 3 18 6 8
split_gain=7.37217 3.7604 2.57364 1.88014 1.25464 1.42589 1.05676 1.02385 1.01583 0.947617 0.858522 0.864428 0.647596 0.624841 0.562804 0.549234 0.535571 0.527676 0.602848
threshold=0.0003034757790248153 2.9150000000000005 0.00039019123253236908 7.1332188761906388e-05 6.9999999999999902 0.00039019123253236908 0.17500000000000002 -0.0018765972359490177 -0.00095376952671988302 -10.74999999999997 2.2150000000000003 0.0019542707518576123 1.9999999999999909 5.1500000000000012 3.1350000000000002 5.9350000000000014 0.18938772514077964 -2.0000000000000902 1.0000000000000007
decision_type=2 2 2 2 2 2 2 2 2 2 2 2 2 2 2 2 2 2 2
left_child=3 4 -3 16 5 6 -2 -4 -6 -7 12 -12 -8 -11 17 -15 -1 -5 -19
right_child=1 2 7 14 8 9 10 -9 -10 13 11 -13 -14 15 -16 -17 -18 18 -20
leaf_value=-0.0015804463770171862 0.018085888251662255 0.0028074317301313087 0.031130569907171387 -0.00058839748873635461 0.0039434340409934526 0.011332374038174749 -0.0031460543104913086 0.016735844326515991 0.019351072852378307 -0.0014711661209516665 0.018519982947036624 0.003819405548274517 0.007266171941799778 0.0099161391504682048 0.0066678397508489117 -0.00069094766741213589 0.005927976236368219 0.00041802773034663372 0.0028363886265281623
leaf_weight=2278 20 24 21 777 20 20 32 30 23 170 20 20 28 26 37 23 24 985 349
leaf_count=2278 20 24 21 777 20 20 32 30 23 170 20 20 28 26 37 23 24 985 349
internal_value=0 0.00603124 0.0163093 -0.000509394 0.00411369 0.00314697 0.00759404 0.0226631 0.0121847 0.00091413 0.00549567 0.0111697 0.00171298 -3.73078e-05 0.000554554 0.0049373 -0.00150217 0.000447405 0.00105072
internal_weight=0 477 75 4450 402 359 120 51 43 239 100 40 60 219 2148 49 2302 2111 1334
internal_count=4927 477 75 4450 402 359 120 51 43 239 100 40 60 219 2148 49 2302 2111 1334
is_linear=0
shrinkage=0.05


Tree=4
num_leaves=20
num_cat=0
split_feature=2 15 1 1 10 13 4 18 3 21 18 1 17 1 7 3 4 11 3
split_gain=6.72366 3.90213 2.50349 1.32408 1.05634 1.04354 1.01077 0.904934 0.860642 0.659948 0.942368 0.708698 0.941001 0.63796 1.38394 1.04002 0.588554 0.742889 0.945539
threshold=0.00021627578868432511 2.9150000000000005 0.00039019123253236908 8.5272096956839468e-05 -13.500000000000021 0.99999999999998956 0.99999999999999545 -0.11241639928698742 3.1350000000000002 0.0074885982529182557 0.0059960053262316801 0.0004192411074517845 -5.0000000000000027 0.0003034757790248153 0.0082228390220154841 1.7750000000000001 0.99999999999999545 -3.0000000000000133 1.155
decision_type=2 2 2 2 2 2 2 2 2 2 2 2 2 2 2 2 2 2 2
left_child=3 4 5 -1 -2 -3 -4 -6 16 11 -11 12 -9 -14 15 -15 -5 18 -18
right_child=1 2 6 8 7 -7 -8 9 -10 10 -12 -13 13 14 -16 -17 17 -19 -20
leaf_value=-0.0013226479886715963 0.013656632367359556 0.012560045702213592 0.030293423961848021 -0.00029403830490233617 0.011074075950009208 -0.0032205449603497985 0.015876063271876305 0.01013764132995431 0.0092165466664092879 0.0022324694119192456 0.014953979873098433 -0.00089391768195254862 0.00055408098301442537 0.0026027604090896519 -0.0035001440454394588 0.014663357956287188 0.012772803978416429 0.00034908378398732138 0.0028018513341631856
leaf_weight=2690 23 22 20 1022 31 20 31 41 28 37 24 172 217 33 31 39 29 285 132
leaf_count=2690 23 22 20 1022 31 20 31 41 28 37 24 172 217 33 31 39 29 285 132
internal_value=0 0.00450771 0.0140853 -0.000659489 0.00313315 0.00504548 0.0215299 0.00274588 0.000532955 0.00231124 0.00723765 0.00174743 0.00300592 0.00209217 0.0053326 0.00913558 0.000367328 0.00188284 0.00459786
internal_weight=0 741 93 4186 648 42 51 625 1496 594 61 533 361 320 103 72 1468 446 161
internal_count=4927 741 93 4186 648 42 51 625 1496 594 61 533 361 320 103 72 1468 446 161
is_linear=0
shrinkage=0.05


Tree=5
num_leaves=20
num_cat=0
split_feature=2 1 13 0 21 8 22 2 2 5 2 7 14 22 7 1 5 3 5
split_gain=4.67332 2.09547 1.65175 1.47269 1.07365 0.828386 0.678826 1.17414 1.14388 0.729502 0.628922 0.58953 0.814381 1.26166 0.552221 0.800221 1.78241 1.39378 0.733472
threshold=0.00045753307835964309 8.5272096956839468e-05 -1.9999999999999891 0.0010988899644920446 0.008839826537648145 -2.9999999999999853 0.0017453956687131236 0.00014137904056517531 0.0001129696825137527 6.6550000000000011 9.5799671580603082e-05 0.03220479568605817 0.55500000000000016 -2.4158528263540365e-05 0.019556573981167061 0.00027957813942096414 8.8850000000000033 2.3650000000000007 8.2250000000000032
decision_type=2 2 2 2 2 2 2 2 2 2 2 2 2 2 2 2 2 2 2
left_child=1 -1 3 -2 5 -4 9 8 -8 11 -11 -3 13 -13 15 18 -17 -18 -12
right_child=2 6 4 -5 -6 -7 7 -9 -10 10 14 12 -14 -15 -16 16 17 -19 -20
leaf_value=-0.001283262551301665 0.0080010142243866402 -0.00047091480034093069 0.011072131119668484 0.025517015398613049 0.014766673516968025 0.0008428456457821947 0.0036265550879761577 0.00081715898122638466 0.019817275963723662 0.0090885082131315926 0.0027831495113787245 0.014632967994387808 -0.0026046747013049967 0.00033806838998288818 -0.0012804237386102187 0.0012033080025999384 0.01961677282928459 0.0029336149937340193 -0.0016199568373461565
leaf_weight=2706 28 1104 25 21 23 95 24 80 20 29 256 29 34 33 136 88 31 21 150
leaf_count=2706 28 1104 25 21 23 95 24 80 20 29 256 29 34 33 136 88 31 21 150
internal_value=0 -0.000371683 0.00758538 0.0155079 0.00487068 0.00297395 0.000840471 0.00442545 0.010986 0.00060785 0.00187699 -0.000144114 0.0036141 0.00702439 0.00157034 0.00228042 0.00554012 0.0128793 0.00115639
internal_weight=0 4741 192 49 143 120 2035 124 44 1911 711 1200 96 62 682 546 140 52 406
internal_count=4933 4741 192 49 143 120 2035 124 44 1911 711 1200 96 62 682 546 140 52 406
is_linear=0
shrinkage=0.05


Tree=6
num_leaves=20
num_cat=0
split_feature=2 1 13 3 21 8 22 2 2 5 15 1 19 1 5 0 0 3 7
split_gain=4.21767 1.89116 1.49071 1.36385 0.968966 0.747619 0.61264 1.05967 1.03235 0.658376 0.742464 0.699142 1.0984 0.788839 1.54885 1.45866 0.705383 0.655472 0.532051
threshold=0.00045753307835964309 8.5272096956839468e-05 -1.9999999999999891 5.5500000000000007 0.008839826537648145 -2.9999999999999853 0.0017453956687131236 0.00014137904056517531 0.0001129696825137527 6.6550000000000011 3.1950000000000007 0.00012811894660760535 -0.00098366285940898446 0.00027957813942096414 8.8850000000000033 0.00037851369996101301 0.00010878919686774466 1.8050000000000004 0.03220479568605817
decision_type=2 2 2 2 2 2 2 2 2 2 2 2 2 2 2 2 2 2 2
left_child=1 -1 3 -2 5 -4 9 8 -8 18 11 12 17 -13 -15 -16 -14 -11 -3
right_child=2 6 4 -5 -6 -7 7 -9 -10 10 -12 13 16 14 15 -17 -18 -19 -20
leaf_value=-0.0012190994425247928 0.021659892701126379 -0.00044736910199719496 0.010518524497747421 0.0046877274289727211 0.014028339784430422 0.0008007033267303517 0.0034452271414920689 0.00077630097279325128 0.018826412111520769 0.019107017787173393 -0.0016008204893406593 0.0002757273199167221 0.0072928012293927815 0.00076308496372432129 0.019289138287838018 0.0035451966367902295 -0.002968998902449102 0.0064592330317412103 0.0034333928352377066
leaf_weight=2706 29 1104 25 20 23 95 24 80 20 20 132 314 34 98 28 31 33 21 96
leaf_count=2706 29 1104 25 20 23 95 24 80 20 20 132 314 34 98 28 31 33 21 96
internal_value=0 -0.000353099 0.00720611 0.0147325 0.00462715 0.00282525 0.000798447 0.00420418 0.0104367 0.000577458 0.00178314 0.00255461 0.00618299 0.00172263 0.00461643 0.0110169 0.00223848 0.0126289 -0.000136908
internal_weight=0 4741 192 49 143 120 2035 124 44 1911 711 579 108 471 157 59 67 41 1200
internal_count=4933 4741 192 49 143 120 2035 124 44 1911 711 579 108 471 157 59 67 41 1200
is_linear=0
shrinkage=0.05


Tree=7
num_leaves=20
num_cat=0
split_feature=2 1 8 6 18 15 5 15 1 5 0 1 5 0 14 17 5 15 0
split_gain=3.80645 1.70678 1.38295 1.17567 1.07374 0.546213 0.500547 0.743804 1.03234 1.12748 2.68979 0.827507 1.27581 1.37988 0.719827 1.24081 0.756024 0.721429 0.760138
threshold=0.00045753307835964309 8.5272096956839468e-05 -4.7499999999999867 -17.500000000000068 0.034626486406473596 2.6950000000000007 6.8650000000000011 3.1950000000000007 0.00013474926225671689 7.6250000000000009 0.00010498343943650644 0.00027957813942096414 8.8850000000000033 0.00037851369996101301 0.34500000000000003 6.9999999999999973 4.745000000000001 -0.054999999999999993 0.00019312742079740771
decision_type=2 2 2 2 2 2 2 2 2 2 2 2 2 2 2 2 2 2 2
left_child=1 -1 -2 -4 5 -5 14 8 9 10 -8 -10 -13 -14 15 16 17 -3 -19
right_child=2 6 3 4 -6 -7 7 -9 11 -11 -12 12 13 -15 -16 -17 -18 18 -20
leaf_value=-0.0011581443890334498 0.016516450516158535 -0.0014357548602856698 0.015723545976321807 -0.0011423065327107907 0.010859140695205757 0.0077302619476209995 0.024150985747575762 -0.0015106838580419999 -4.8845863009957108e-05 0.0024257434012948491 0.00095708238333463676 0.0009055489419322265 0.018324681344841207 0.0031257496098987762 -0.00087844665472706159 0.013683997141197324 -0.00080780860252019501 0.0058885281861704945 -0.00012670527457406646
leaf_weight=2706 31 80 22 82 35 22 25 131 278 61 25 95 28 32 720 20 294 170 76
leaf_count=2706 31 80 22 82 35 22 25 131 278 61 25 95 28 32 720 20 294 170 76
internal_value=0 -0.000335444 0.0068458 0.00498376 0.00328393 0.000734583 0.000758525 0.00187161 0.00268609 0.00698804 0.012554 0.00158329 0.00451059 0.0102186 0.000206075 0.00142616 0.00103075 0.00268883 0.00403016
internal_weight=0 4741 192 161 139 104 2035 675 544 111 50 433 155 60 1360 640 620 326 246
internal_count=4933 4741 192 161 139 104 2035 675 544 111 50 433 155 60 1360 640 620 326 246
is_linear=0
shrinkage=0.05


Tree=8
num_leaves=20
num_cat=0
split_feature=2 2 13 0 21 9 20 7 21 19 0 22 1 4 15 1 3 15 16
split_gain=3.43532 1.57321 1.29355 1.31647 0.831913 0.514844 0.753168 0.441396 0.733478 0.638455 1.35868 0.57092 0.476137 1.1646 0.587652 0.853473 1.33865 0.925101 0.497023
threshold=0.00045753307835964309 6.5708049601884884e-05 -1.9999999999999891 0.00083847046510839821 0.0085061583363441624 0.99999999999999678 0.0033301006263700699 -0.0056072931953236585 0.0057919741712164638 0.0046750928441400283 0.00013874302603978929 0.0037806153323564078 0.00031305571796313986 -0.99999999999998412 0.93500000000000016 0.00015480307203539608 1.4850000000000001 0.72500000000000009 2.0000000000000013
decision_type=2 2 2 2 2 2 2 2 2 2 2 2 2 2 2 2 2 2 2
left_child=1 -1 3 -2 5 6 -4 8 12 10 -10 -9 14 -14 15 16 17 18 -3
right_child=2 7 4 -5 -6 -7 -8 11 9 -11 -12 -13 13 -15 -16 -17 -18 -19 -20
leaf_value=-0.0013159923683955632 0.0048008818503307259 -0.0017627414993264458 0.0016813466437160971 0.021222759883564254 0.012005888760365823 -0.0018478837674078736 0.013161954097449781 -0.00010505241140879888 0.019627435589209201 0.0015800208503077198 0.0014180267229676248 0.0069730762006907634 0.012834840567250337 0.00081736777857359909 -0.00047955191527229864 -0.0012381218742424003 0.012916780238677011 0.011661010847559997 0.0069151938050275759
leaf_weight=2156 23 77 50 26 27 46 20 1617 20 43 21 29 28 72 502 96 38 21 21
leaf_count=2156 23 77 50 26 27 46 20 1617 20 43 21 29 28 72 502 96 38 21 21
internal_value=0 -0.000318672 0.00650351 0.0135145 0.00410114 0.00226124 0.00496152 0.000513136 0.00137817 0.00583653 0.0103007 1.96534e-05 0.000940162 0.00418226 0.000510744 0.00247568 0.00474654 0.00213756 9.68161e-05
internal_weight=0 4741 192 49 143 116 70 2585 939 84 41 1646 855 100 755 253 157 119 98
internal_count=4933 4741 192 49 143 116 70 2585 939 84 41 1646 855 100 755 253 157 119 98
is_linear=0
shrinkage=0.05


Tree=9
num_leaves=20
num_cat=0
split_feature=2 1 8 6 12 18 10 22 2 14 5 15 1 4 2 1 5 4 7
split_gain=3.10038 1.42347 1.20258 0.995691 0.779038 0.72605 1.0584 0.515186 0.937274 0.974411 0.542912 0.597337 0.5816 0.844966 0.825414 0.611145 1.25429 1.20252 0.477511
threshold=0.00045753307835964309 8.5272096956839468e-05 -5.0000000000000151 -17.500000000000068 -6.4999999999999938 -0.0083205563704451518 -2.9999999999999853 0.0017453956687131236 0.00014137904056517531 0.63500000000000012 6.6550000000000011 3.1950000000000007 0.00012811894660760535 0.50000000000000611 0.00011702140484441631 0.00027957813942096414 8.8850000000000033 -0.99999999999998412 0.03220479568605817
decision_type=2 2 2 2 2 2 2 2 2 2 2 2 2 2 2 2 2 2 2
left_child=1 -1 -2 -4 -5 -6 -7 10 9 -9 18 12 13 14 -12 -14 -17 -18 -3
right_child=2 7 3 4 5 6 -8 8 -10 -11 11 -13 15 -15 -16 16 17 -19 -20
leaf_value=-0.0010540628584111433 0.016405725732445718 -0.00044915647738599692 0.014558962275358765 0.012049123378736634 -0.0018936902034416129 -0.0025005948770305386 0.011387060982558657 0.017467955553105898 0.00059560205321758982 0.0025711229394959367 0.009085523019786235 -0.0014467366293750028 0.00024812910943084463 0.011472459514744772 -0.0021197896628152757 0.00060116227107996851 0.019430780898602236 0.0045220748864506421 0.0032273217201388132
leaf_weight=2706 25 1104 22 21 67 23 34 21 80 23 27 132 314 39 42 98 21 38 96
leaf_count=2706 25 1104 22 21 67 23 34 21 80 23 27 132 314 39 42 98 21 38 96
internal_value=0 -0.000302738 0.00617834 0.00464729 0.00314345 0.00163524 0.00578327 0.00069632 0.00381944 0.00968097 0.000493668 0.00158853 0.00228051 0.00558985 0.0022649 0.00152168 0.00406878 0.00982856 -0.000155038
internal_weight=0 4741 192 167 145 124 57 2035 124 44 1911 711 579 108 69 471 157 59 1200
internal_count=4933 4741 192 167 145 124 57 2035 124 44 1911 711 579 108 69 471 157 59 1200
is_linear=0
shrinkage=0.05


Tree=10
num_leaves=20
num_cat=0
split_feature=2 15 3 2 3 12 4 19 15 15 2 22 10 9 14 15 2 3 2
split_gain=4.15706 2.99362 2.42328 2.7554 0.979621 0.887125 0.857132 0.853573 0.855499 1.04877 0.632508 0.5862 0.91973 0.647153 0.571991 0.974592 1.0714 0.571349 1.21364
threshold=0.00021627578868432511 2.9150000000000005 2.0350000000000006 0.00069406867351463257 3.1350000000000002 -7.4999999999999947 2.4999999999999916 0.012978984079297652 0.13500000000000004 -0.054999999999999993 5.4481488476495705e-05 1.2081891058057794e-05 6.9999999999999627 -5.000000000000048 1.2350000000000001 1.6150000000000004 0.00011702140484441631 1.7550000000000001 0.00013519346800575557
decision_type=2 2 2 2 2 2 2 2 2 2 2 2 2 2 2 2 2 2 2
left_child=4 5 -3 -4 10 6 -2 8 9 -7 -1 -10 13 -13 15 17 -17 -12 -19
right_child=1 2 3 -5 -6 7 -8 -9 11 -11 14 12 -14 -15 -16 16 -18 18 -20
leaf_value=-0.0012279162940042226 0.002242582088167017 0.025644806787992521 -0.0010574390930010052 0.019290305088673319 0.0088287816249898506 0.0018364766064812158 0.016199752891605551 0.011771155645449956 -0.00052273687605674461 0.01349789207620967 3.6057666707917942e-05 0.0072322393368397441 0.010584094155241143 -0.00059116031215698632 -0.00089893273648102674 0.012399122341432506 0.0013039450178092176 0.012136280440515089 -0.0006634573533159235
leaf_weight=1898 22 24 41 28 28 51 22 21 325 31 1112 35 33 108 980 36 55 31 46
leaf_count=1898 22 24 41 28 28 51 22 21 325 31 1112 35 33 108 980 36 55 31 46
internal_value=0 0.00357077 0.0119597 0.00719962 -0.000492223 0.0023668 0.00922117 0.00186748 0.00151074 0.00624506 -0.000554991 0.000735866 0.00305999 0.00132366 1.01474e-05 0.000706162 0.00569325 0.000324476 0.00448968
internal_weight=0 741 93 69 4186 648 44 604 583 82 4158 501 176 143 2260 1280 91 1189 77
internal_count=4927 741 93 69 4186 648 44 604 583 82 4158 501 176 143 2260 1280 91 1189 77
is_linear=0
shrinkage=0.05


Tree=11
num_leaves=20
num_cat=0
split_feature=2 15 3 2 3 12 15 3 2 15 15 21 18 2 13 22 14 5 16
split_gain=3.75175 2.70174 2.18701 2.48675 0.884108 0.800631 0.624329 1.37936 1.24717 0.859195 1.10958 0.783093 1.24388 0.570839 0.551114 0.550325 0.516221 1.01907 1.23936
threshold=0.00021627578868432511 2.9150000000000005 2.0350000000000006 0.00069406867351463257 3.1350000000000002 -7.4999999999999947 0.33500000000000008 1.3350000000000002 0.00023822684534959994 1.4750000000000003 1.7750000000000001 0.0036517664344160043 -0.00073570284587232127 5.4481488476495705e-05 3.0000000000000142 8.1765958360069404e-05 1.2350000000000001 6.5250000000000012 1.0000000000000122
decision_type=2 2 2 2 2 2 2 2 2 2 2 2 2 2 2 2 2 2 2
left_child=4 5 -3 -4 13 15 7 -7 -9 -8 -11 -12 14 -1 -13 -2 17 -15 -19
right_child=1 2 3 -5 -6 6 9 8 -10 10 11 12 -14 16 -16 -17 -18 18 -20
leaf_value=-0.0011548553241624863 0.01420841236319393 0.024118940551299605 -0.00099452147573777811 0.018142531564459205 0.0083034690827397378 0.016627011078223584 -0.0019157005450688303 0.013709114291572146 0.00053511956528922843 0.013761508042272179 0.00012690290343016388 -0.0039754074253141878 0.015960375535301864 0.00017862423156565888 0.0073779499920085083 0.0031366039216518407 -0.00084544619776270532 0.0010903845893154884 0.01080889316856423
leaf_weight=1898 22 24 41 28 28 20 172 21 109 20 198 22 22 1142 20 22 980 87 51
leaf_count=1898 22 24 41 28 28 20 172 21 109 20 198 22 22 1142 20 22 980 87 51
internal_value=0 0.00335831 0.0112481 0.00677124 -0.000462936 0.00222598 0.00175636 0.00452506 0.00266323 0.000841596 0.00252335 0.00166548 0.00642544 -0.000521969 0.00143095 0.00867251 9.54363e-06 0.000664145 0.00468201
internal_weight=0 741 93 69 4186 648 604 150 130 454 282 262 64 4158 42 44 2260 1280 138
internal_count=4927 741 93 69 4186 648 604 150 130 454 282 262 64 4158 42 44 2260 1280 138
is_linear=0
shrinkage=0.0495


Tree=12
num_leaves=20
num_cat=0
split_feature=2 15 3 2 3 10 9 18 1 0 17 2 8 2 14 15 2 3 15
split_gain=3.38952 2.44089 1.97586 2.24666 0.798748 0.693599 0.819469 0.696356 0.882165 1.07146 1.19427 1.44067 0.749309 0.515724 0.46638 0.850898 0.938475 0.433626 0.642832
threshold=0.00021627578868432511 2.9150000000000005 2.0350000000000006 0.00069406867351463257 3.1350000000000002 -13.500000000000021 -8.9999999999999893 -0.12054156582207202 0.00046152713966101001 0.00048546996558780745 -3.0000000000000133 0.0003445088108923069 0.999999999999999 5.4481488476495705e-05 1.2350000000000001 1.6450000000000002 0.00011702140484441631 1.4150000000000003 0.96500000000000008
decision_type=2 2 2 2 2 2 2 2 2 2 2 2 2 2 2 2 2 2 2
left_child=4 5 -3 -4 13 -2 -7 -8 9 10 11 12 -9 -1 15 17 -17 -15 -19
right_child=1 2 3 -5 -6 6 7 8 -10 -11 -12 -13 -14 14 -16 16 -18 18 -20
leaf_value=-0.0010867131154162631 0.010452265897874274 0.022695802611052061 -0.00093583975324679799 0.01707203167556386 0.0078135228260673047 -0.004365175816778792 0.01084960572947748 -0.0014700410147255351 -0.0011370331703503675 0.011940152011744438 0.0010542825745889096 0.019266582772549241 0.01023584026714554 -0.00021570838789958629 -0.00079556066310227064 0.012178715637604436 0.0013670454970517141 0.0035493783975249745 -0.0016079642976916965
leaf_weight=1898 23 24 41 28 28 48 22 29 158 31 293 20 24 922 980 31 51 193 83
leaf_count=1898 23 24 41 28 28 48 22 29 158 31 293 20 24 922 980 31 51 193 83
internal_value=0 0.00316015 0.0105844 0.0063717 -0.00043562 0.00209464 0.00178707 0.00229887 0.00195993 0.00319247 0.00245154 0.00805973 0.00383074 -0.00049117 8.98049e-06 0.000624957 0.00545438 0.000294396 0.00199844
internal_weight=0 741 93 69 4186 648 625 577 555 397 366 73 53 4158 2260 1280 82 1198 276
internal_count=4927 741 93 69 4186 648 625 577 555 397 366 73 53 4158 2260 1280 82 1198 276
is_linear=0
shrinkage=0.049005


Tree=13
num_leaves=20
num_cat=0
split_feature=2 15 3 2 5 12 19 19 15 21 21 15 6 5 9 22 21 9 3
split_gain=3.06545 2.20752 1.78695 2.03186 0.748576 0.703417 0.764904 0.726506 0.713768 0.951572 0.641235 1.77899 1.2091 0.607461 1.4602 0.525044 0.609955 0.580109 0.440711
threshold=0.00021627578868432511 2.9150000000000005 2.0350000000000006 0.00069406867351463257 7.3650000000000011 -7.4999999999999947 -0.0015752291852707543 0.012978984079297652 0.13500000000000004 0.00096688452319460005 -0.002156328890762282 2.0950000000000002 3.0000000000000031 2.5950000000000002 0.50000000000005607 1.2081891058057794e-05 0.0037208999447762019 6.0000000000000036 1.7650000000000003
decision_type=2 2 2 2 2 2 2 2 2 2 2 2 2 2 2 2 2 2 2
left_child=4 5 -3 -4 13 6 -2 8 9 -7 11 12 -6 14 -1 -10 17 -17 -12
right_child=1 2 3 -5 10 7 -8 -9 15 -11 18 -13 -14 -15 -16 16 -18 -19 -20
leaf_value=0.01322182135754686 0.002055000272745802 0.021367758863258732 -0.00088107906814257546 0.016073062782953253 0.018628997255328298 0.0013426673778607894 0.01490149574369411 0.010406107991388467 -0.00062122211565125967 0.012120650885157215 0.002830068448285929 -0.00018637621463401982 0.003107399888393203 -0.00068791370402134476 -0.0018751543013365301 -0.00045513427999125744 0.0080217522581462111 0.007373722517310043 -0.0014406000110086521
leaf_weight=25 24 24 41 28 27 51 20 21 325 31 94 73 21 3764 38 109 39 28 144
leaf_count=25 24 24 41 28 27 51 20 21 325 31 94 73 21 3764 38 109 39 28 144
internal_value=0 0.00297523 0.00996503 0.00599886 -0.00041013 0.00197207 0.00789432 0.00154065 0.00122131 0.00541727 0.00170811 0.00458374 0.0118383 -0.000608837 0.00411571 0.000534542 0.00266877 0.00114492 0.000246135
internal_weight=0 741 93 69 4186 648 44 604 583 82 359 121 48 3827 63 501 176 137 238
internal_count=4927 741 93 69 4186 648 44 604 583 82 359 121 48 3827 63 501 176 137 238
is_linear=0
shrinkage=0.048515


Tree=14
num_leaves=20
num_cat=0
split_feature=2 15 3 2 3 12 4 19 15 19 21 5 9 3 3 5 5 1 5
split_gain=2.77523 1.99852 1.6208 1.72708 0.702506 0.63682 0.762599 0.657723 0.646191 0.96198 1.7061 0.516135 1.32195 0.553361 0.736336 0.870507 1.60424 1.69263 0.824358
threshold=0.00021627578868432511 2.9150000000000005 1.9950000000000003 0.00069406867351463257 3.1350000000000002 -7.4999999999999947 2.4999999999999916 0.012978984079297652 0.13500000000000004 0.0012461241637545808 -0.00012972288482498981 2.5950000000000002 0.50000000000005607 1.5550000000000004 1.7850000000000004 7.5150000000000006 8.2250000000000032 8.8545344073865536e-05 7.8450000000000006
decision_type=2 2 2 2 2 2 2 2 2 2 2 2 2 2 2 2 2 2 2
left_child=4 5 -3 -4 11 6 -2 8 9 10 -7 12 -1 -13 15 -15 17 -17 -19
right_child=1 2 3 -5 -6 7 -8 -9 -10 -11 -12 13 -14 14 -16 16 -18 18 -20
leaf_value=0.012454561939044503 0.0011130730493127329 0.020777504330620956 -0.00018758247487833562 0.01514034632396925 0.007195944446836168 0.002301177045394503 0.013759348535875031 0.0098022435714276625 0.00050352304827735788 -0.0021215400712347597 0.019980076911980435 -0.00081356520098816473 -0.0017663394110447857 0.00082875053109598572 -0.00080041388451863405 -0.00020073799952685645 -0.0027415448174273678 0.0094903503291265956 0.023280495314320002
leaf_weight=25 22 22 43 28 28 34 22 21 501 28 20 3131 38 379 491 22 32 20 20
leaf_count=25 22 22 43 28 28 34 22 21 501 28 20 3131 38 379 491 22 32 20 20
internal_value=0 0.00280258 0.00938676 0.00585723 -0.00038633 0.00185763 0.00743621 0.00145124 0.00115043 0.00510291 0.00884892 -0.000437389 0.00387688 -0.000503763 0.000502453 0.0018549 0.00599225 0.0105 0.0163854
internal_weight=0 741 93 71 4186 648 44 604 583 82 54 4158 63 4095 964 473 94 62 40
internal_count=4927 741 93 71 4186 648 44 604 583 82 54 4158 63 4095 964 473 94 62 40
is_linear=0
shrinkage=0.0480298


Tree=15
num_leaves=20
num_cat=0
split_feature=2 13 3 1 2 6 17 18 3 7 6 3 18 6 18 14 3 9 21
split_gain=1.8015 0.958207 1.20672 0.867656 0.840538 0.60869 0.792648 0.526346 0.487315 0.408399 0.501693 0.891847 0.822743 1.21525 1.15756 0.453331 0.873993 1.01288 0.669822
threshold=0.00045753307835964309 -1.9999999999999891 5.5500000000000007 0.00048762204348006986 5.7198016849672018e-05 0.99999999999988998 0.50000000000000033 0.18938772514077964 0.56500000000000006 -0.0056072931953236585 8.2500000000000036 1.385 0.078612856156068958 7.0000000000000071 0.050886890477414577 2.0125000000000002 2.0650000000000004 0.50000000000005607 0.0048183239914914031
decision_type=2 2 2 2 2 2 2 2 2 2 2 2 2 2 2 2 2 2 2
left_child=4 2 -2 -3 7 6 -5 -1 -6 10 11 -10 13 14 15 16 18 -18 -13
right_child=1 3 -4 5 8 -7 -8 -9 9 -11 -12 12 -14 -15 -16 -17 17 -19 -20
leaf_value=-0.0010819772729259386 0.016389059445384675 0.0083294661129572137 0.001206914359979094 0.0095807181788130878 0.0067683427582329678 -0.0037567707580679578 -0.0019489654156759158 0.0060030081961099675 -0.00024785857221174397 -0.00020927774362255379 -0.0012370360392683893 0.00066128158145299892 -0.0031723170734084772 0.014219967454736512 0.01083728967526291 -0.00080741924665749974 0.016034902805531211 0.0029530907596910091 0.0094642324806412919
leaf_weight=1945 29 41 20 26 26 48 28 24 362 1751 185 175 45 23 38 90 23 32 22
leaf_count=1945 29 41 20 26 26 48 28 24 362 1751 185 175 45 23 38 90 23 32 22
internal_value=0 0.00445381 0.0101923 0.00248749 -0.000244405 0.000139242 0.00360236 -0.000995619 0.000289195 0.000227848 0.000997102 0.00150737 0.00292565 0.00360657 0.00296418 0.00208939 0.00312396 0.00842367 0.00164435
internal_weight=0 192 49 143 4741 102 54 1969 2772 2746 995 810 448 403 380 342 252 55 197
internal_count=4933 192 49 143 4741 102 54 1969 2772 2746 995 810 448 403 380 342 252 55 197
is_linear=0
shrinkage=0.0475495


Tree=16
num_leaves=20
num_cat=0
split_feature=3 3 10 1 12 0 4 6 22 18 2 3 5 6 3 22 2 15 1
split_gain=1.6975 1.57445 0.983739 0.867256 0.678816 0.609453 0.496913 0.54434 0.659334 0.769779 0.890279 0.346945 0.34168 0.601122 0.590323 0.848329 0.558571 0.415979 1.12342
threshold=4.4250000000000007 5.9650000000000007 3.9999999999999871 8.5272096956839468e-05 -2.249999999999996 0.0010988899644920446 -2.0000000000000235 19.999999999999975 0.0017453956687131236 -0.049268858067588676 0.00014137904056517531 1.4850000000000001 6.6550000000000011 12.999999999999924 2.6050000000000004 -0.00092505986614921365 0.00016458524832027558 2.3150000000000008 0.00012025794169361343
decision_type=2 2 2 2 2 2 2 2 2 2 2 2 2 2 2 2 2 2 2
left_child=3 2 4 -1 -2 6 -5 8 12 -10 -11 -12 13 -8 15 -14 -15 18 -17
right_child=1 -3 -4 5 -6 -7 7 -9 9 10 11 -13 14 16 -16 17 -18 -19 -20
leaf_value=-0.00074327610780789484 0.0081026374570092406 -0.0030598461125732426 0.002512641847435763 -0.002210901297258757 0.019668772812115841 0.0063576196037732659 -0.00015006603100172983 -0.0033687480746205653 -0.003153909179683511 0.012544281481970555 0.0065882514331904035 -0.0015025373157593878 0.0094489071987313381 0.00071757960699059438 -0.0023182708532175477 0.0095930992322018262 0.010740977861037266 0.00028978392299823524 0.001385753522104981
leaf_weight=2706 22 30 26 148 23 39 1096 73 23 33 23 24 32 28 80 46 22 271 188
leaf_count=2706 22 30 26 148 23 39 1096 73 23 33 23 24 32 28 80 46 22 271 188
internal_value=0 0.00598191 0.00980237 -0.00018428 0.0140142 0.000527218 0.000418265 0.000618944 0.000774947 0.00443583 0.00661788 0.00245678 0.000561067 8.02106e-05 0.0014542 0.0020162 0.00512787 0.00154522 0.00299916
internal_weight=0 101 71 4832 45 2126 2087 1939 1866 103 80 47 1763 1146 617 537 50 505 234
internal_count=4933 101 71 4832 45 2126 2087 1939 1866 103 80 47 1763 1146 617 537 50 505 234
is_linear=0
shrinkage=0.047074


Tree=17
num_leaves=20
num_cat=0
split_feature=0 13 2 3 14 19 18 3 6 6 22 7 8 8 15 21 11 16 3
split_gain=1.5611 1.33496 0.834418 0.601443 1.41597 0.522513 0.477341 0.449686 0.44938 0.390863 0.478094 0.437282 0.499821 0.624023 0.816276 0.506822 0.736525 0.697876 0.477105
threshold=0.0010988899644920446 -1.9999999999999891 5.7198016849672018e-05 4.4250000000000007 1.8650000000000004 0.00045049126927287913 0.18938772514077964 0.56500000000000006 1.0000000000000011 19.999999999999975 0.0045452066907375474 -0.0048622126959457215 2.0000000000000244 1.0000000000000122 0.94500000000000006 0.0036517664344160043 -4.999999999999992 -1.2499999999999953 1.6650000000000003
decision_type=2 2 2 2 2 2 2 2 2 2 2 2 2 2 2 2 2 2 2
left_child=2 -2 6 7 -5 -6 -1 -4 -3 10 11 12 13 15 -15 -9 -17 -18 -19
right_child=1 8 3 4 5 -7 -8 9 -10 -11 -12 -13 -14 14 -16 16 17 18 -20
leaf_value=-0.00097556795187201143 0.016666174116510411 0.0069091459950794539 0.0063443587243693141 0.012726054796868218 -0.0060037508426132261 0.004521491755873323 0.0056372755656236692 0.00044814240983588578 -0.001934190637222653 -0.0031548743569905246 0.0059406159531925594 -0.00023961737064332698 -0.0014626017532172401 0.01096659474786453 0.0015231149445009572 -0.0031262157662671898 0.011393489744210551 -0.0001624339902660686 0.0072504182278654052
leaf_weight=1945 21 26 26 28 21 20 24 612 24 74 32 1710 152 33 50 28 30 44 33
leaf_count=1945 21 26 26 28 21 20 24 612 24 74 32 1710 152 33 50 28 30 44 33
internal_value=0 0.00680573 -0.00015493 0.000348744 0.00464754 -0.000869486 -0.000894964 0.000243709 0.00266434 0.00018702 0.000277806 0.000210491 0.000994286 0.00144422 0.00527775 0.00101827 0.00360287 0.00536375 0.0030145
internal_weight=0 71 4862 2893 69 41 1969 2824 50 2798 2724 2692 982 830 83 747 135 107 77
internal_count=4933 71 4862 2893 69 41 1969 2824 50 2798 2724 2692 982 830 83 747 135 107 77
is_linear=0
shrinkage=0.0466033


Tree=18
num_leaves=20
num_cat=0
split_feature=0 13 5 2 2 18 14 15 14 21 21 6 1 15 0 19 2 22 18
split_gain=1.41898 1.21343 0.869672 1.66014 0.63016 0.433887 0.419856 1.92718 0.653246 0.590197 0.569481 0.408471 0.382402 0.354653 0.433956 0.804162 0.405323 0.995262 0.801462
threshold=0.0010988899644920446 -1.9999999999999891 15.805000000000001 0.00065272114878945785 5.7198016849672018e-05 0.18938772514077964 1.2350000000000001 2.0250000000000004 1.155 0.0019651057598099046 -0.0026043323468016295 1.0000000000000011 0.0004192411074517845 1.1850000000000003 0.00039169424393556971 -0.002613232863334702 0.0001446516103408806 0.0014252667026509738 -0.01039136605094426
decision_type=2 2 2 2 2 2 2 2 2 2 2 2 2 2 2 2 2 2 2
left_child=2 -2 4 -4 5 -1 7 8 12 10 -10 -3 13 14 16 -16 17 -6 -19
right_child=1 11 3 -5 6 -7 -8 -9 9 -11 -12 -13 -14 -15 15 -17 -18 18 -20
leaf_value=-0.00092080228301882872 0.015730581196601527 0.0065212855894294652 0.013420561635645142 -0.0031158210881035847 0.00096209001384189516 0.005320814491756273 -0.00040082222460147816 0.014288743765691456 0.0030575095143688283 1.8734387918227929e-06 0.014067611651955154 -0.0018256104897422004 -0.0027697598273652632 -0.00081242718235816167 0.011017362876638861 -0.00018665898757531645 -0.0003260830195950392 0.015006051054209286 0.0025006212984936774
leaf_weight=1945 21 26 28 24 527 24 1256 22 20 30 20 24 80 331 25 30 456 20 24
leaf_count=1945 21 26 28 24 527 24 1256 22 20 30 20 24 80 331 25 30 456 20 24
internal_value=0 0.00642368 -0.000146233 0.00578838 -0.000210391 -0.000844724 0.000229244 0.000728527 0.00053766 0.00489369 0.00856256 0.00251478 0.000333425 0.000509118 0.000913399 0.00490608 0.000699575 0.00151866 0.00818491
internal_weight=0 71 4862 52 4810 1969 2841 1585 1563 70 40 50 1493 1413 1082 55 1027 571 44
internal_count=4933 71 4862 52 4810 1969 2841 1585 1563 70 40 50 1493 1413 1082 55 1027 571 44
is_linear=0
shrinkage=0.0461372


Tree=19
num_leaves=20
num_cat=0
split_feature=0 22 14 18 1 19 3 2 6 17 14 6 7 0 22 19 13 5 8
split_gain=1.30357 0.820213 0.734874 0.82723 0.646336 0.453921 0.570683 0.832259 0.419435 0.472551 0.96115 0.440845 0.748814 0.377339 0.661192 0.899038 0.500257 0.47324 0.942435
threshold=0.0007605480737970299 -0.00060879028329158247 1.8550000000000002 0.012535769075330385 8.5272096956839468e-05 0.009187588032260165 4.4250000000000007 0.00058708685915927975 -8.0000000000000941 6.9999999999999902 0.80500000000000016 -6.4999999999999494 -0.0041914081257393701 0.00020869323657994319 0.0017453956687131236 -0.00082847186307183341 -1.0000000000000118 6.5250000000000012 -4.7499999999999867
decision_type=2 2 2 2 2 2 2 2 2 2 2 2 2 2 2 2 2 2 2
left_child=4 -2 -3 -4 -1 6 8 -8 -6 11 -11 12 -10 14 17 16 -16 -13 -19
right_child=1 2 3 -5 5 -7 7 -9 9 10 -12 13 -14 -15 15 -17 -18 18 -20
leaf_value=-0.00063739070479784015 0.011389066276043395 -0.0013134767862642356 0.011507195965073441 -0.00023838817145812018 -0.0011864420423304749 -0.002296714260276536 0.01259749852742165 -0.00042167362441223368 0.010864253308098525 0.010449688930674895 -0.0015488664568864767 -2.9713931205461751e-05 0.0011481807822046601 -0.00061692446636356358 -0.0032572716635425078 0.013478769443355958 0.0068364318370860251 0.011724283971866345 0.0014635989027829471
leaf_weight=2706 28 51 29 22 270 120 20 21 23 30 26 680 59 485 21 20 20 20 282
leaf_count=2706 28 51 29 22 270 120 20 21 23 30 26 680 59 485 21 20 20 20 282
internal_value=0 0.00446439 0.0025635 0.00644047 -0.000170952 0.000430948 0.000596512 0.00592914 0.000483579 0.000754231 0.00487893 0.000610763 0.00387342 0.000435673 0.000925136 0.00553937 0.00166649 0.000638508 0.00214311
internal_weight=0 130 102 51 4803 2097 1977 41 1936 1666 56 1610 82 1528 1043 61 41 982 302
internal_count=4933 130 102 51 4803 2097 1977 41 1936 1666 56 1610 82 1528 1043 61 41 982 302
is_linear=0
shrinkage=0.0456759


Tree=20
num_leaves=20
num_cat=0
split_feature=2 15 13 22 1 3 15 2 2 16 1 15 20 3 15 13 15 20 3
split_gain=1.90365 1.71162 1.63792 1.26807 0.794637 0.622609 0.560873 1.6083 1.54726 0.732952 0.597942 0.882437 0.91131 1.04255 1.42194 0.452997 0.436618 0.379337 0.358361
threshold=0.00021627578868432511 2.8450000000000002 0.75000000000000633 2.4162614395639718e-05 0.00037856828575807277 3.1350000000000002 0.33500000000000008 0.00045753307835964309 0.00024586357762412678 -14.000000000000005 0.00053737710335938812 1.7150000000000001 -0.00053097626235365503 2.5750000000000006 2.1950000000000007 1.9999999999999687 3.1150000000000007 0.0068283422828471227 1.5550000000000004
decision_type=2 2 2 2 2 2 2 2 2 2 2 2 2 2 2 2 2 2 2
left_child=5 6 3 4 -3 18 7 8 -2 -8 11 -11 15 14 -14 -13 -4 -12 -1
right_child=1 2 16 -5 -6 -7 9 -9 -10 10 17 12 13 -15 -16 -17 -18 -19 -20
leaf_value=-0.00061721712156649709 0.012102792542427779 0.011266661668196322 -0.0043709345960191324 0.0031831466034054757 0.025037257982925939 0.0071187317371368408 0.0097596802793088414 0.016945042807076659 -0.00075918131525505269 -0.0016239530850676882 -0.0041802941792711771 -0.0023293716494332661 0.017114134251864421 -0.00016071675093592825 0.0027451204644008118 0.006101950550717967 0.0059516426548361784 0.0032315806352666448 0.00048271624953002978
leaf_weight=3194 30 20 21 20 22 28 21 21 106 149 97 66 36 37 33 21 20 21 964
leaf_count=3194 30 20 21 20 22 28 21 21 106 149 97 66 36 37 33 21 20 21 964
internal_value=0 0.00243728 0.00841805 0.0135454 0.0184798 -0.000312166 0.00147174 0.0040666 0.00207802 0.000624766 0.000207738 0.00126662 0.00349821 0.00661086 0.010242 -0.000294225 0.000664469 -0.00286123 -0.000362206
internal_weight=0 741 103 62 42 4186 638 157 136 481 460 342 193 106 69 87 41 118 4158
internal_count=4927 741 103 62 42 4186 638 157 136 481 460 342 193 106 69 87 41 118 4158
is_linear=0
shrinkage=0.05


Tree=21
num_leaves=20
num_cat=0
split_feature=2 18 18 19 14 21 14 8 9 9 3 14 7 12 13 5 10 3 3
split_gain=1.71804 1.03722 0.904465 0.772116 1.24926 1.34492 0.97743 1.24819 0.587674 0.852622 0.561905 0.45642 1.14542 0.712052 0.516755 0.449726 1.41652 0.379246 0.688621
threshold=0.00021627578868432511 0.033985473609480461 -0.13008570973434577 -0.004424721830860622 1.6950000000000001 0.0017824230355388828 0.39500000000000007 -2.7499999999999853 -8.9999999999999893 -5.9999999999999885 3.1350000000000002 1.9950000000000003 -0.0068788557898225569 -5.0000000000000151 0.75000000000000633 2.5950000000000002 -1.0000000180025095e-35 1.5550000000000004 1.7850000000000004
decision_type=2 2 2 2 2 2 2 2 2 2 2 2 2 2 2 2 2 2 2
left_child=10 2 -2 -3 6 -6 7 -5 -4 -10 15 13 -13 -11 -14 16 -1 -17 -19
right_child=1 3 8 4 5 -7 -8 -9 9 11 -12 12 14 -15 -16 17 -18 18 -20
leaf_value=0.013735556950711686 0.011368344316170328 0.00053413865205488706 -0.0055708629681783563 0.017546476689832554 0.0053905560374259949 0.021632799105002331 -0.0028050747836994776 0.001953084868463603 0.0086336403309057157 0.0081685676472261545 0.0067627950970615665 0.012442461221858308 0.0042520437283175335 -0.00074339967418824684 -0.0047734180722257191 -0.00067558691261918621 -0.0018369277170859279 0.0018201248539143084 -0.00085304994572356135
leaf_weight=23 21 57 34 21 25 26 34 33 36 24 28 27 35 339 29 3131 40 473 491
leaf_count=23 21 57 34 21 25 26 34 33 36 24 28 27 35 339 29 3131 40 473 491
internal_value=0 0.00231542 0.00119359 0.00543478 0.0074444 0.0136709 0.00383586 0.00801718 0.000785828 0.0012269 -0.000296558 0.000639586 0.00380592 -0.000154179 0.000162381 -0.000344096 0.00384827 -0.000408594 0.00045858
internal_weight=0 741 545 196 139 51 88 54 524 490 4186 454 91 363 64 4158 63 4095 964
internal_count=4927 741 545 196 139 51 88 54 524 490 4186 454 91 363 64 4158 63 4095 964
is_linear=0
shrinkage=0.05


Tree=22
num_leaves=20
num_cat=0
split_feature=2 15 13 22 1 3 18 18 2 14 8 21 16 1 12 14 20 21 5
split_gain=1.55053 1.46589 1.41512 1.11221 0.718474 0.507119 0.494449 0.607403 0.676127 0.635224 0.859131 0.807433 0.553197 0.422283 0.686243 0.72246 0.921952 0.408372 0.405878
threshold=0.00021627578868432511 2.8450000000000002 0.75000000000000633 2.4162614395639718e-05 0.00037856828575807277 3.1350000000000002 -0.11241639928698742 0.033985473609480461 0.00023457935563335288 0.39500000000000007 -2.7499999999999853 0.0017824230355388828 -2.249999999999996 0.0005691685285342925 -5.0000000000000151 1.8550000000000002 -0.00017707066704547578 0.0040683373122717423 2.5950000000000002
decision_type=2 2 2 2 2 2 2 2 2 2 2 2 2 2 2 2 2 2 2
left_child=5 6 3 4 -3 18 -2 8 -8 10 -9 -11 -12 14 -10 -16 -17 -4 -1
right_child=1 2 17 -5 -6 -7 7 9 13 11 12 -13 -14 -15 15 16 -18 -19 -20
leaf_value=0.0036558519324494734 0.0073634317435789859 0.010262808278203011 0.00539732256105968 0.0027957514859735968 0.023356857320124453 0.0064246553395475667 0.0075507995206862688 0.015450504269789568 0.0084786476334556948 -0.0016366205540382199 -0.001768760841029386 0.00895315888337791 0.0094906496349722157 -0.0035967063624411824 -0.0013879606120434462 -0.0012070959502900091 0.012261484586633743 -0.0045857703965157277 -0.00038816397750388574
leaf_weight=63 32 20 21 20 22 28 28 22 24 72 24 24 20 86 255 27 24 20 4095
leaf_count=63 32 20 21 20 22 28 28 22 24 72 24 24 20 86 255 27 24 20 4095
internal_value=0 0.00219965 0.00773447 0.0125004 0.0171216 -0.00028173 0.0013061 0.000986238 3.00614e-05 0.00360687 0.00738294 0.00101082 0.00334915 -0.000476142 0.000337096 -0.000301457 0.00513106 0.000527521 -0.000326891
internal_weight=0 741 103 62 42 4186 638 606 444 162 66 96 44 416 330 306 51 41 4158
internal_count=4927 741 103 62 42 4186 638 606 444 162 66 96 44 416 330 306 51 41 4158
is_linear=0
shrinkage=0.05


Tree=23
num_leaves=20
num_cat=0
split_feature=2 15 13 2 10 9 17 20 1 0 20 10 3 10 3 3 0 5 10
split_gain=1.39936 1.32297 1.27714 1.03899 0.479664 0.676652 0.564082 1.02623 0.776002 1.02636 0.805066 0.686327 0.457675 0.439473 0.401595 0.923242 0.389683 0.366305 1.27841
threshold=0.00021627578868432511 2.8450000000000002 0.75000000000000633 0.00031628170679248859 -13.500000000000021 -8.9999999999999893 6.9999999999999902 0.0020413058504801245 0.00039019123253236908 0.00039169424393556971 0.00047370918085454244 -5.9999999999999938 3.1350000000000002 7.0000000000000187 2.0150000000000001 2.5450000000000004 0.00036480529136813123 2.5950000000000002 -1.0000000180025095e-35
decision_type=2 2 2 2 2 2 2 2 2 2 2 2 2 2 2 2 2 2 2
left_child=12 4 3 -3 -2 -6 8 -8 9 11 -11 -7 17 14 -13 -16 -4 18 -1
right_child=1 2 16 -5 5 6 7 -9 -10 10 -12 13 -14 -15 15 -17 -18 -19 -20
leaf_value=0.012865986788402435 0.0083300659999899253 0.018779940466428627 -0.0042559230700135236 0.0058076569189627969 -0.0047244807588867847 0.0090117462945205184 6.393007217691495e-05 0.014924823670160204 -0.0013626843823918277 0.017122488832101226 0.0031055573374032977 -0.0017356397466851284 0.0061034226790070535 0.0058771689258077572 0.0080272606230880096 -0.0040650913698805705 0.0054960665572434666 -0.00036875578200715225 -0.0019278739579021932
leaf_weight=23 23 29 21 33 48 27 26 21 210 20 21 143 28 34 38 27 20 4095 40
leaf_count=23 23 29 21 33 48 27 26 21 210 20 21 143 28 34 38 27 20 4095 40
internal_value=0 0.00208967 0.00734775 0.0118753 0.00124079 0.000975665 0.00145822 0.0067039 0.000984088 0.00257384 0.00994308 0.00145064 -0.000267644 0.000607048 -0.000254414 0.00300428 0.000501145 -0.000310546 0.00347306
internal_weight=0 741 103 62 638 615 567 47 520 310 41 269 4186 242 208 65 41 4158 63
internal_count=4927 741 103 62 638 615 567 47 520 310 41 269 4186 242 208 65 41 4158 63
is_linear=0
shrinkage=0.05


Tree=24
num_leaves=20
num_cat=0
split_feature=0 8 8 1 15 16 15 3 1 21 1 3 15 19 10 7 7 7 3
split_gain=1.33807 0.855449 1.25802 0.693067 0.581729 0.80644 1.15058 0.516598 0.874195 0.522468 0.5159 0.988638 0.477914 0.781271 1.26351 0.949512 0.474207 0.948829 0.468651
threshold=0.0010988899644920446 -5.0000000000000009 1.0000000000000007 0.00011737382434720324 2.8650000000000007 4.2499999999999991 2.9950000000000006 1.8150000000000002 0.00015480307203539608 0.0020946485386128537 0.00053737710335938812 3.1350000000000002 0.48500000000000004 -0.0043399543449884606 -1.2500000000000175 -0.0068788557898225569 0.041139522301250071 0.053152555738762548 2.1550000000000007
decision_type=2 2 2 2 2 2 2 2 2 2 2 2 2 2 2 2 2 2 2
left_child=3 -2 -3 -1 10 6 -6 8 -8 -9 11 12 13 14 15 -5 18 -18 -14
right_child=1 2 -4 4 5 -7 7 9 -10 -11 -12 -13 16 -15 -16 -17 17 -19 -20
leaf_value=-0.0004361678931544561 0.015228128575143361 -0.0030953333480283618 0.012048199105386933 0.0049085936819513645 0.014724370887359749 -0.002066484896036295 -0.0001442131120711565 -0.0019750441543080594 0.014009808283299209 0.006318861213994437 -0.0030475086225292733 0.0089031311993797626 -0.00097921119527589074 0.00044033970789745527 0.0011574014135804333 0.019944361411035061 0.0098440476552103511 -0.00322183472259591 0.0018363085422645172
leaf_weight=3273 21 32 24 21 26 52 20 55 24 29 97 36 678 211 61 21 33 24 189
leaf_count=3273 21 32 24 21 26 52 20 55 24 29 97 36 678 211 61 21 33 24 189
internal_value=0 0.00662204 0.00339475 -2.12813e-05 0.000839799 0.00331722 0.00513509 0.00318727 0.00757616 0.000888328 0.000467554 0.000735184 0.000497667 0.00218288 0.00575256 0.0124265 -7.50144e-05 0.00434262 -0.000365447
internal_weight=0 77 56 4850 1577 206 154 128 44 84 1371 1274 1238 314 103 42 924 57 867
internal_count=4927 77 56 4850 1577 206 154 128 44 84 1371 1274 1238 314 103 42 924 57 867
is_linear=0
shrinkage=0.05


Tree=25
num_leaves=20
num_cat=0
split_feature=0 5 5 14 14 22 18 18 3 8 3 5 11 3 6 18 7 1 21
split_gain=0.888652 0.666874 1.14354 0.545273 0.415158 0.685382 1.30074 0.457387 0.444546 0.628519 0.607252 0.39408 1.0247 0.367191 1.17421 0.369001 0.473551 0.813549 0.665477
threshold=0.0018991663444948147 15.805000000000001 16.685000000000006 1.8225000000000005 0.34500000000000003 0.0010706530030759611 0.053137303149606303 -0.032896991450524986 1.5450000000000002 7.0000000000000044 2.6050000000000004 2.5950000000000002 0.50000000000000056 1.5650000000000002 0.99999999999988998 0.080679027119723315 -0.0056072931953236585 8.5272096956839468e-05 0.0036517664344160043
decision_type=2 2 2 2 2 2 2 2 2 2 2 2 2 2 2 2 2 2 2
left_child=1 4 -3 -4 5 11 7 -7 -6 10 13 12 -1 14 -10 16 17 -15 -19
right_child=-2 2 3 -5 8 6 -8 -9 9 -11 -12 -13 -14 15 -16 -17 -18 18 -20
leaf_value=0.013194744815118613 0.0081082525070418007 0.014509926221909978 0.0063134006969630717 -0.0049749967034744182 -0.00095639700630449393 0.0058487787695699622 0.011941812407328851 -0.00065166428288880823 -0.0019635016810806358 0.0076305031310766941 -0.0029903336344607946 -4.728881043782196e-05 -0.0017373584900741226 -0.0013544314738725667 0.012002988104467038 -0.0024729383771464365 -0.00024286498438364775 0.0026015848961955346 0.0098868931300545998
leaf_weight=20 33 21 20 23 2054 38 36 94 34 28 145 1245 27 113 27 113 645 179 38
leaf_count=20 33 21 20 23 2054 38 36 94 34 28 145 1245 27 113 27 113 645 179 38
internal_value=0 -0.000124337 0.00494612 0.000275421 -0.00019144 0.000513023 0.00351728 0.00121968 -0.000496095 0.000219079 5.8708e-05 0.000122377 0.00461673 0.000443487 0.00421839 0.000231843 0.00054532 0.00208586 0.00387735
internal_weight=0 4900 64 43 4836 1460 168 132 3376 1322 1294 1292 47 1149 61 1088 975 330 217
internal_count=4933 4900 64 43 4836 1460 168 132 3376 1322 1294 1292 47 1149 61 1088 975 330 217
is_linear=0
shrinkage=0.05


Tree=26
num_leaves=20
num_cat=0
split_feature=1 13 5 1 14 22 18 13 18 21 0 3 8 3 7 8 20 20 3
split_gain=0.81666 0.785176 0.505 1.09555 0.378181 0.61943 1.17834 1.16043 0.481584 0.558321 0.765771 0.390709 0.665374 0.571606 0.401528 0.688722 0.525241 0.981192 1.10562
threshold=0.0014096884168331022 0.99999999999998956 15.805000000000001 0.0005691685285342925 0.34500000000000003 0.0010706530030759611 0.046789941015245036 -1.0000000000000118 -0.012471671360790191 -0.0055689031668804114 9.6610019426992728e-05 1.5450000000000002 7.0000000000000044 2.6050000000000004 0.01070091264070361 -3.0000000000000004 -0.004231024648667924 -0.0026878718250285534 1.8250000000000004
decision_type=2 2 2 2 2 2 2 2 2 2 2 2 2 2 2 2 2 2 2
left_child=2 -2 4 -4 5 -1 8 -8 9 -7 -11 -6 13 14 16 -16 -13 18 -18
right_child=1 -3 3 -5 11 6 7 -9 -10 10 -12 12 -14 -15 15 -17 17 -19 -20
leaf_value=0.00011412697625962322 0.012079140199003397 -0.00021797379478812217 0.013274548422883859 -0.0011299996044148099 -0.00090857713923997235 -0.0031886678794398903 0.002091765310615301 0.018920349374058704 -0.0023433026099987961 0.00017041186599627787 0.012812135331332684 -0.0011909304558335304 0.0079641069251078153 -0.0030196217949209859 0.007654686839807601 -0.0017107259482145309 0.013676677214200884 0.0010844783767818768 -0.00070851142518222341
leaf_weight=1293 27 25 22 33 2054 20 20 21 59 23 25 208 27 137 21 301 34 561 22
leaf_count=1293 27 25 22 33 2054 20 20 21 59 23 25 208 27 137 21 301 34 561 22
internal_value=0 0.00616707 -0.000132203 0.00463182 -0.000186497 0.000485232 0.00334141 0.0107113 0.000962163 0.00383014 0.00675464 -0.000478144 0.000196233 3.28897e-05 0.000397488 -0.00109994 0.000981938 0.00171444 0.00802535
internal_weight=0 52 4881 55 4826 1461 168 41 127 68 48 3365 1311 1284 1147 322 825 617 56
internal_count=4933 52 4881 55 4826 1461 168 41 127 68 48 3365 1311 1284 1147 322 825 617 56
is_linear=0
shrinkage=0.05


Tree=27
num_leaves=20
num_cat=0
split_feature=0 6 18 19 2 14 15 14 21 17 19 3 1 3 21 4 5 0 13
split_gain=0.758704 0.700459 0.545672 1.0062 0.37802 0.503973 1.26213 0.469804 0.459503 0.416056 0.516948 0.374748 0.292109 0.411417 0.404713 0.419574 0.596557 0.485358 0.475961
threshold=0.0007605480737970299 -8.0000000000000941 -0.0074275924669979223 -0.0030456852952038811 5.3817447862802925e-05 1.2350000000000001 2.0050000000000003 1.155 0.0019651057598099046 6.9999999999999902 -0.0013977277655107809 0.56500000000000006 0.00032148717581161789 0.7350000000000001 -0.0071058916817854914 2.4999999999999916 5.0250000000000012 0.00021224775053836097 0.99999999999998956
decision_type=2 2 2 2 2 2 2 2 2 2 2 2 2 2 2 2 2 2 2
left_child=4 -2 -3 -4 -1 6 7 9 -9 11 -11 -6 13 -13 -15 17 -17 18 -16
right_child=1 2 3 -5 5 -7 -8 8 -10 10 -12 12 -14 14 15 16 -18 -19 -20
leaf_value=-0.00071666405927745783 0.0098737363183103947 -0.0031348127504124456 -0.0017887347812453906 0.011390419158020191 0.0062350440053985674 -0.00052975596929038019 0.011936130642890931 0.0083296535095494055 5.182869732379914e-05 0.011155177103355528 0.00016388216906267666 -0.0015276500027933163 -0.0022387174921839133 -0.0023585787052989651 0.0020515330548676633 0.0085360176329101842 -0.001345815253444016 -0.0015306433809272359 -0.00096265960253290187
leaf_weight=1884 34 38 30 28 26 1323 25 38 30 20 23 231 115 93 582 42 24 178 169
leaf_count=1884 34 38 30 28 26 1323 25 38 30 20 23 231 115 93 582 42 24 178 169
internal_value=0 0.00370657 0.00152236 0.00457362 -0.000164526 0.000191838 0.000790002 0.000612629 0.00467767 0.000428715 0.00527611 0.000285949 0.000178085 0.000388799 0.000795693 0.00109051 0.00494262 0.000816844 0.00137324
internal_weight=0 130 96 58 4803 2919 1596 1571 68 1503 43 1460 1434 1319 1088 995 66 929 751
internal_count=4933 130 96 58 4803 2919 1596 1571 68 1503 43 1460 1434 1319 1088 995 66 929 751
is_linear=0
shrinkage=0.05


Tree=28
num_leaves=20
num_cat=0
split_feature=0 5 5 14 2 14 15 14 21 21 3 0 4 4 17 16 19 0 5
split_gain=0.705875 0.526544 1.02355 0.482033 0.324562 0.449868 1.44083 0.530256 0.47309 0.48836 0.328997 0.325592 0.309893 0.650155 0.455644 0.443607 0.427322 0.403201 0.322585
threshold=0.0018991663444948147 15.805000000000001 16.685000000000006 1.8225000000000005 5.3817447862802925e-05 1.2350000000000001 2.0250000000000004 1.155 0.0019651057598099046 -0.0026043323468016295 0.56500000000000006 0.00083847046510839821 2.4999999999999916 3.4999999999999925 6.9999999999999902 -1.0000000180025095e-35 -0.0012273765506833343 0.00025403779665125493 3.5050000000000003
decision_type=2 2 2 2 2 2 2 2 2 2 2 2 2 2 2 2 2 2 2
left_child=1 4 -3 -4 -1 6 7 10 9 -9 -6 -7 14 15 17 -14 -16 18 -12
right_child=-2 2 3 -5 5 11 -8 8 -10 -11 12 -13 13 -15 16 -17 -18 -19 -20
leaf_value=-0.00068083080802223549 0.0072288009366302782 0.013445146151241802 0.0056552270054817206 -0.0049583921451931412 0.0059232919906767522 -0.00062731273436350717 0.013421815650706943 0.0028306850977241997 4.9237192918856945e-05 0.013880113810300826 -0.00086197112495891562 0.0058013383299112325 0.0031853474304080012 -0.0015745401467111978 0.010487257074564696 0.012520073009654881 0.00027515916153788569 -0.0019406521386263792 0.00091254360481956849
leaf_weight=1884 33 21 20 23 26 1295 22 20 30 20 390 20 35 44 20 20 21 243 746
leaf_count=1884 33 21 20 23 26 1295 22 20 30 20 390 20 35 44 20 20 21 243 746
internal_value=0 -0.000108469 0.00439702 -2.18251e-05 -0.000168095 0.000159139 0.000712353 0.000539221 0.00479562 0.0083554 0.000346374 -0.000529539 0.000250917 0.00295564 6.23477e-05 0.00657979 0.00525667 -9.20882e-05 0.000303335
internal_weight=0 4900 64 43 4836 2952 1637 1615 70 40 1545 1315 1519 99 1420 55 41 1379 1136
internal_count=4933 4900 64 43 4836 2952 1637 1615 70 40 1545 1315 1519 99 1420 55 41 1379 1136
is_linear=0
shrinkage=0.05


Tree=29
num_leaves=20
num_cat=0
split_feature=0 5 5 14 14 22 18 13 18 15 0 5 11 3 8 3 20 20 3
split_gain=0.637052 0.475206 0.923751 0.435034 0.305587 0.553673 1.02462 1.04785 0.43061 0.505295 0.673931 0.348923 0.925448 0.3403 0.490437 0.492895 0.347846 0.912838 1.05594
threshold=0.0018991663444948147 15.805000000000001 16.685000000000006 1.8225000000000005 0.34500000000000003 0.0010706530030759611 0.046789941015245036 -1.0000000000000118 -0.012471671360790191 1.0000000180025095e-35 9.6610019426992728e-05 2.5950000000000002 0.50000000000000056 1.5450000000000002 7.0000000000000044 2.6050000000000004 -0.004231024648667924 -0.0026878718250285534 1.8150000000000002
decision_type=2 2 2 2 2 2 2 2 2 2 2 2 2 2 2 2 2 2 2
left_child=1 4 -3 -4 5 11 8 -8 9 -7 -11 12 -1 -6 15 16 -15 18 -18
right_child=-2 2 3 -5 13 6 7 -9 -10 10 -12 -13 -14 14 -16 -17 17 -19 -20
leaf_value=0.012474606623873116 0.0068673608993942096 0.012772888974064874 0.0053724657185375696 -0.0047104725533205528 -0.00082379962089122391 -0.0030389653751626612 0.0018265585415065289 0.017817965034572853 -0.0021993680304642454 0.00024358863415925399 0.01210303144156933 -6.6057845546179509e-05 -0.001715909020492324 -0.0011950304774546077 0.0067515297992421057 -0.0026839899393761983 0.010926716801022059 0.00036997359220594835 -0.00050643817521631716
leaf_weight=20 33 21 20 23 2054 20 20 21 59 23 25 1245 27 261 28 145 46 806 36
leaf_count=20 33 21 20 23 2054 20 20 21 59 23 25 1245 27 261 28 145 46 806 36
internal_value=0 -0.000103045 0.00417717 -2.07338e-05 -0.00015969 0.000444702 0.00314491 0.0100173 0.00092627 0.00363822 0.00642038 9.35918e-05 0.00432261 -0.000421068 0.000204658 6.29941e-05 0.000409654 0.000881302 0.00590728
internal_weight=0 4900 64 43 4836 1460 168 41 127 68 48 1292 47 3376 1322 1294 1149 888 82
internal_count=4933 4900 64 43 4836 1460 168 41 127 68 48 1292 47 3376 1322 1294 1149 888 82
is_linear=0
shrinkage=0.05


end of trees

feature_importances:
f_3=69
f_2=54
f_1=51
f_15=48
f_5=39
f_21=32
f_14=29
f_18=29
f_0=27
f_6=20
f_8=20
f_22=19
f_13=18
f_19=18
f_7=16
f_20=13
f_4=11
f_9=11
f_10=11
f_17=11
f_11=9
f_12=8
f_16=7

parameters:
[boosting: gbdt]
[objective: regression]
[metric: binary_logloss]
[tree_learner: serial]
[device_type: cpu]
[data: ]
[valid: ]
[num_iterations: 10]
[learning_rate: 0.05]
[num_leaves: 20]
[num_threads: 0]
[deterministic: 0]
[force_col_wise: 0]
[force_row_wise: 0]
[histogram_pool_size: -1]
[max_depth: -1]
[min_data_in_leaf: 20]
[min_sum_hessian_in_leaf: 0.001]
[bagging_fraction: 0.7]
[pos_bagging_fraction: 1]
[neg_bagging_fraction: 1]
[bagging_freq: 5]
[bagging_seed: 3]
[feature_fraction: 0.9]
[feature_fraction_bynode: 1]
[feature_fraction_seed: 2]
[extra_trees: 0]
[extra_seed: 6]
[early_stopping_round: 0]
[first_metric_only: 0]
[max_delta_step: 0]
[lambda_l1: 0]
[lambda_l2: 0]
[linear_lambda: 0]
[min_gain_to_split: 0]
[drop_rate: 0.1]
[max_drop: 50]
[skip_drop: 0.5]
[xgboost_dart_mode: 0]
[uniform_drop: 0]
[drop_seed: 4]
[top_rate: 0.2]
[other_rate: 0.1]
[min_data_per_group: 100]
[max_cat_threshold: 32]
[cat_l2: 10]
[cat_smooth: 10]
[max_cat_to_onehot: 4]
[top_k: 20]
[monotone_constraints: ]
[monotone_constraints_method: basic]
[monotone_penalty: 0]
[feature_contri: ]
[forcedsplits_filename: ]
[refit_decay_rate: 0.9]
[cegb_tradeoff: 1]
[cegb_penalty_split: 0]
[cegb_penalty_feature_lazy: ]
[cegb_penalty_feature_coupled: ]
[path_smooth: 0]
[interaction_constraints: ]
[verbosity: 0]
[saved_feature_importance_type: 0]
[linear_tree: 0]
[max_bin: 255]
[max_bin_by_feature: ]
[min_data_in_bin: 3]
[bin_construct_sample_cnt: 200000]
[data_random_seed: 1]
[is_enable_sparse: 1]
[enable_bundle: 1]
[use_missing: 1]
[zero_as_missing: 0]
[feature_pre_filter: 1]
[pre_partition: 0]
[two_round: 0]
[header: 0]
[label_column: ]
[weight_column: ]
[group_column: ]
[ignore_column: ]
[categorical_feature: ]
[forcedbins_filename: ]
[precise_float_parser: 0]
[objective_seed: 5]
[num_class: 1]
[is_unbalance: 0]
[scale_pos_weight: 1]
[sigmoid: 1]
[boost_from_average: 1]
[reg_sqrt: 0]
[alpha: 0.9]
[fair_c: 1]
[poisson_max_delta_step: 0.7]
[tweedie_variance_power: 1.5]
[lambdarank_truncation_level: 30]
[lambdarank_norm: 1]
[label_gain: ]
[eval_at: ]
[multi_error_top_k: 1]
[auc_mu_weights: ]
[num_machines: 1]
[local_listen_port: 12400]
[time_out: 120]
[machine_list_filename: ]
[machines: ]
[gpu_platform_id: -1]
[gpu_device_id: -1]
[gpu_use_dp: 0]
[num_gpu: 1]

end of parameters

pandas_categorical:[]
