tree
version=v3
num_class=1
num_tree_per_iteration=1
label_index=0
max_feature_idx=22
objective=regression
feature_names=f_0 f_1 f_2 f_3 f_4 f_5 f_6 f_7 f_8 f_9 f_10 f_11 f_12 f_13 f_14 f_15 f_16 f_17 f_18 f_19 f_20 f_21 f_22
feature_infos=[2.811842593898112e-07:0.0089292451603560918] [2.1333248529010825e-06:0.0055990001705921817] [4.7857545124566229e-06:0.003721014941950642] [0.53000000000000003:6.5599999999999996] [-33.000000000000007:48] [2.4100000000000001:21.82] [-101.00000000000016:144.99999999999994] [-3.0196613872200984:0.53086419753086433] [-81:74] [-46:33.999999999999986] [-51.000000000000021:33.999999999999986] [-33.000000000000007:29.000000000000004] [-41:96.000000000000014] [-36.000000000000007:32.999999999999986] [-0.83999999999999997:2.9100000000000001] [-1.3200000000000001:3.8500000000000001] [-52:73.999999999999972] [-28.000000000000004:24.000000000000004] [-0.29572649572649579:1.1559792027729636] [-0.02958455728073861:0.047292143401983289] [-0.054746473503621829:0.033993115318416534] [-0.078445945945946005:0.045346674363414774] [-0.019984292877423981:0.018327052533256172]
tree_sizes=1817 1882 1891 1901 1899 1898 1900 1887 1871 1880 1900 1896 1879 1899 1888 1892 1900 1912 1897 1893 1901 1897 1911 1918 1912 1877 1893 1911 1891 1877

Tree=0
num_leaves=20
num_cat=0
split_feature=1 3 13 3 8 15 2 3 1 12 3 1 14 6 2 0 0 15 22
split_gain=24.5441 5.28357 2.99771 2.80501 2.98357 2.64089 4.28052 2.95088 2.5725 3.16565 2.56143 4.24356 2.10597 3.46889 2.07838 1.97598 2.25879 3.77202 2.57258
threshold=6.6369600382642664e-05 1.5550000000000004 6.0000000000000036 1.3450000000000004 -1.0000000000000451 2.8650000000000007 0.00021627578868432511 2.1150000000000007 0.00046152713966101001 -6.0000000000000018 1.8350000000000002 0.0001508460846474173 0.41500000000000004 14.999999999999904 0.00018945482639317587 7.4467991278329173e-05 0.00013584437438312461 1.1650000000000003 0.0011920859481733272
decision_type=2 2 2 2 2 2 2 2 2 2 2 2 2 2 2 2 2 2 2
left_child=3 2 12 -1 -5 8 10 -8 -3 -10 11 -7 13 15 -14 -2 17 -17 -18
right_child=1 5 -4 4 -6 6 7 -9 9 -11 -12 -13 14 -15 -16 16 18 -19 -20
leaf_value=0.19552016104668182 0.19729702413098196 0.20593194986109864 0.2166699819360014 0.20963873183122761 0.19827074696795388 0.2053852595456237 0.22958116633891934 0.21177414852971446 0.21619443845065439 0.19617891020208922 0.20097704691954976 0.22803851658816437 0.20008996855408881 0.21889536075704091 0.1908427756687931 0.20533736682460355 0.19972947481071593 0.22610748207663112 0.21510748191271833
leaf_weight=1672 153 752 32 64 588 72 38 60 23 140 115 29 571 33 68 174 291 25 30
leaf_count=1672 153 752 32 64 588 72 38 60 23 140 115 29 571 33 68 174 291 25 30
internal_value=0.200113 0.203672 0.201545 0.196605 0.199387 0.206055 0.210012 0.218679 0.204698 0.199003 0.20608 0.21189 0.201186 0.203068 0.199106 0.202292 0.203761 0.207947 0.201167
internal_weight=0 2606 1377 2324 652 1229 314 98 915 163 216 101 1345 706 639 673 520 199 321
internal_count=4930 2606 1377 2324 652 1229 314 98 915 163 216 101 1345 706 639 673 520 199 321
is_linear=0
shrinkage=1


Tree=1
num_leaves=20
num_cat=0
split_feature=1 3 5 13 5 22 3 2 14 1 21 3 17 14 6 6 17 14 5
split_gain=22.156 4.73674 4.05948 2.70691 2.45363 2.2997 2.26095 3.51481 2.6145 2.35189 4.09525 2.44574 2.16481 2.13546 2.23946 2.11756 2.06817 2.39642 3.05169
threshold=6.5506325935967119e-05 1.5550000000000004 7.1550000000000011 6.0000000000000036 2.5550000000000002 0.00026686343433268705 1.8050000000000004 0.00020450453634981801 2.2625000000000002 0.00046152713966101001 -0.0082660768577286752 2.4450000000000007 -4.9999999999999956 1.2150000000000001 6.9999999999998961 -4.2500000000000417 -0.99999999999999967 0.28500000000000009 4.1850000000000014
decision_type=2 2 2 2 2 2 2 2 2 2 2 2 2 2 2 2 2 2 2
left_child=2 3 4 12 -1 6 8 -8 -3 11 -11 15 -2 14 -14 -9 -16 18 -18
right_child=1 5 -4 -5 -6 -7 7 9 -10 10 -12 -13 13 -15 16 -17 17 -19 -20
leaf_value=0.012951264598152854 0.0086005739021030349 0.0079770942529042554 0.011181654527466348 0.015729001164436342 -0.003828670894206237 0.0013588182215869664 0.00082780613449581894 0.022867186036374835 0.019504435025155545 0.019983774290553161 -0.0015158408936464564 0.0038236866025505843 0.00058429745035782266 -0.0034180234655411578 -0.00025725186403308597 0.010622348760565122 0.032712614570151677 0.00099692754447460179 0.0090756533667445179
leaf_weight=22 88 273 47 32 2235 253 285 54 60 28 106 74 851 274 56 102 22 32 36
leaf_count=22 88 273 47 32 2235 253 285 54 60 28 106 74 851 274 56 102 22 32 36
internal_value=0 0.00335591 -0.00336225 0.00135498 -0.00366511 0.00560959 0.00670475 0.00498621 0.0100541 0.00824211 0.00297662 0.0113098 0.00101652 0.00049142 0.00156583 0.0148609 0.00728696 0.0119811 0.0180414
internal_weight=0 2626 2304 1391 2257 1235 982 649 333 364 134 230 1359 1271 997 156 146 90 58
internal_count=4930 2626 2304 1391 2257 1235 982 649 333 364 134 230 1359 1271 997 156 146 90 58
is_linear=0
shrinkage=0.05


Tree=2
num_leaves=20
num_cat=0
split_feature=1 15 2 5 3 22 2 3 10 21 5 14 11 0 3 1 2 5 1
split_gain=19.9983 4.32873 4.41291 3.64853 2.57556 3.07085 3.64201 2.31861 2.219 3.42213 2.20568 2.14926 1.95933 1.82549 2.0676 2.76204 1.81171 1.63675 3.93357
threshold=6.6369600382642664e-05 2.8650000000000007 0.00018359383707619429 7.1550000000000011 1.2650000000000003 0.0035895062764245149 0.00028967877222321292 1.9450000000000001 5.0000000000000169 -0.00093213538013559017 2.5550000000000002 -0.17499999999999996 -10.00000000000003 3.7641394589188995e-05 1.8450000000000004 0.0001508460846474173 8.9368048407358771e-05 6.5250000000000012 0.00046152713966101001
decision_type=2 2 2 2 2 2 2 2 2 2 2 2 2 2 2 2 2 2 2
left_child=3 4 13 10 8 12 -7 -4 -2 -10 -1 -12 -6 -3 15 -15 -5 -14 -19
right_child=1 2 7 16 5 6 -8 -9 9 -11 11 -13 17 14 -16 -17 -18 18 -20
leaf_value=0.012303701449524272 -0.00096976089296657922 -0.01013514120131731 0.026298819502463211 0.021087198907678781 0.012546715981982374 0.027275001643032867 -0.00045976892113685613 0.011406112227881893 0.016220628528618344 -0.00080787899238722669 0.0094694706941804586 -0.0037873572760375503 0.0010230162402149292 0.0058221144926926451 -0.00067941499107024251 0.022936705654037409 0.001413700133562088 0.0063647384832211593 -0.0036693055527049958
leaf_weight=22 692 20 37 22 54 29 20 89 51 70 31 2224 640 126 85 29 25 545 119
leaf_count=22 692 20 37 22 54 29 20 89 51 70 31 2224 640 126 85 29 25 545 119
internal_value=0 0.0032127 0.00809974 -0.00316678 0.00236297 0.00365755 0.0159547 0.0157794 0.000122541 0.00636943 -0.0034514 -0.00360511 0.00321384 0.00437807 0.0055875 0.0090242 0.0106226 0.00282735 0.00456647
internal_weight=0 2606 386 2324 2220 1407 49 126 813 121 2277 2255 1358 260 240 155 47 1304 664
internal_count=4930 2606 386 2324 2220 1407 49 126 813 121 2277 2255 1358 260 240 155 47 1304 664
is_linear=0
shrinkage=0.05


Tree=3
num_leaves=20
num_cat=0
split_feature=1 3 5 13 10 10 3 20 5 17 10 18 3 3 20 7 5 8 21
split_gain=18.0612 3.89041 3.30715 2.40081 2.01928 3.13486 2.17623 2.07221 1.99886 1.9749 1.91959 1.91041 1.8164 1.9869 1.81019 2.81912 1.77064 1.79723 1.70427
threshold=6.5506325935967119e-05 1.5550000000000004 7.1550000000000011 6.0000000000000036 9.9999999999999769 5.0000000000000497 2.5850000000000004 -0.00029461467348873555 2.5550000000000002 -2.5000000000000004 3.9999999999999871 -0.051418698790460231 3.1750000000000003 2.4950000000000006 -0.0025053520418393256 -0.0015220086649124773 4.5050000000000008 -1.0000000000000118 -0.00057280146135069143
decision_type=2 2 2 2 2 2 2 2 2 2 2 2 2 2 2 2 2 2 2
left_child=2 3 8 9 5 7 -7 11 -1 -2 12 18 13 -9 -13 -16 -10 -18 -3
right_child=1 4 -4 -5 -6 6 -8 10 16 -11 -12 14 -14 -15 15 -17 17 -19 -20
leaf_value=0.011688516356728296 0.0049122330904006958 0.0092725383043289183 0.010091442773316771 0.014753433712758125 -0.0021825669186838559 0.015762767388618419 0.00017805208585092001 0.0035961213595107526 -0.0043277721603096715 -7.2203603437937954e-06 -0.0063227991605627129 0.0058258519510724655 0.013247556132929668 -0.0081009718884782096 0.020579595923904452 0.0064874840249498208 0.0079057586193084714 -0.0019815140624771222 -0.0071443022163801412
leaf_weight=22 250 25 47 32 89 112 28 317 1616 1109 58 335 42 41 62 83 50 569 43
leaf_count=22 250 25 47 32 89 112 28 317 1616 1109 58 335 42 41 62 83 50 569 43
internal_value=0 0.00302989 -0.00303578 0.00121651 0.00507234 0.00563576 0.0126458 0.00466021 -0.00330914 0.000897756 0.00217796 0.00673479 0.00341057 0.00225651 0.00784595 0.0125131 -0.00345677 -0.00118287 -0.0011087
internal_weight=0 2626 2304 1391 1235 1146 140 1006 2257 1359 458 548 400 358 480 145 2235 619 68
internal_count=4930 2626 2304 1391 1235 1146 140 1006 2257 1359 458 548 400 358 480 145 2235 619 68
is_linear=0
shrinkage=0.05


Tree=4
num_leaves=20
num_cat=0
split_feature=1 15 2 3 3 22 2 3 8 10 21 2 11 0 2 1 0 14 15
split_gain=16.3022 3.78251 4.07569 2.56896 2.21715 2.7304 3.29875 2.15811 2.20695 1.95804 3.15593 1.91902 1.72059 1.64081 2.13604 2.27899 1.61977 1.58673 1.98498
threshold=6.6369600382642664e-05 2.9150000000000005 0.00018359383707619429 2.0050000000000003 1.2650000000000003 0.0035895062764245149 0.00028967877222321292 1.3650000000000004 -1.0000000000000451 5.0000000000000169 -0.00093213538013559017 0.00069406867351463257 -10.00000000000003 3.7641394589188995e-05 0.00010870433877959385 0.00012696845608530462 0.00011895179967741881 0.88500000000000012 1.5850000000000002
decision_type=2 2 2 2 2 2 2 2 2 2 2 2 2 2 2 2 2 2 2
left_child=7 4 13 -4 9 12 -7 -1 -9 17 16 -5 -6 -3 15 -15 -11 18 -2
right_child=1 2 3 11 5 6 -8 8 -10 10 -12 -13 -14 14 -16 -17 -18 -19 -20
leaf_value=-0.003783401819258455 -0.00061567583700635592 -0.0097197449579834935 0.025618033092468979 0.0038952536725749575 0.011656361087052911 0.025692650701465283 -0.00070277657359838494 0.0086873185072765986 -0.0013242532518949915 0.0082237683717281598 -0.00092316639255469969 0.020366151205130988 0.0025509713756839887 0.0058380274060699684 0.00014709284136054713 0.021750941549738251 0.026474755667150018 -0.0072095075182700419 0.014684400030157783
leaf_weight=1699 582 20 40 48 54 29 20 61 564 31 71 28 1323 90 109 30 20 89 22
leaf_count=1699 582 20 40 48 54 29 20 61 564 31 71 28 1323 90 109 30 20 89 22
internal_value=0 0.00290058 0.00762064 0.0153616 0.00213181 0.00332076 0.014919 -0.00285927 -0.000347124 5.15023e-05 0.00589252 0.00996348 0.00290805 0.00401441 0.0052139 0.00981626 0.015381 -0.000976786 -5.83883e-05
internal_weight=0 2606 365 116 2241 1426 49 2324 625 815 122 76 1377 249 229 120 51 693 604
internal_count=4930 2606 365 116 2241 1426 49 2324 625 815 122 76 1377 249 229 120 51 693 604
is_linear=0
shrinkage=0.05


Tree=5
num_leaves=20
num_cat=0
split_feature=2 3 14 0 0 19 6 0 3 3 3 22 3 2 3 5 0 0 10
split_gain=14.9903 3.631 4.37928 2.55871 2.14147 3.60488 2.49365 2.40193 2.00286 3.36354 3.06264 2.069 2.50888 2.09725 2.34243 1.99605 1.90603 2.69512 2.04074
threshold=7.0769011089721426e-05 1.5050000000000001 0.40500000000000008 7.734256355888236e-05 0.00013863419751438427 -0.00083891154837412152 14.999999999999904 0.00012040318086359697 3.3150000000000004 5.9650000000000007 2.5050000000000003 0.00038996761035570154 2.1850000000000005 8.46221500625898e-05 1.7350000000000001 4.3450000000000006 6.5044725935480696e-05 7.5312621350061111e-05 5.7500000000000115
decision_type=2 2 2 2 2 2 2 2 2 2 2 2 2 2 2 2 2 2 2
left_child=15 2 3 -2 5 -5 -6 -7 10 -10 11 13 -13 14 -3 -1 -15 -18 -19
right_child=1 8 -4 4 6 7 -8 -9 9 -11 -12 12 -14 16 -16 -17 17 18 -20
leaf_value=-0.003830548499634938 -0.0013806387384250327 0.022207084470070328 -0.0026514942257347875 0.019207777118399032 0.0014220244377747646 0.00030327133916236543 0.018532567762810252 0.015878888789345236 0.014588574838696742 -0.0044570304453372955 -0.0023740493660343105 -0.0026125480979681016 0.015122128342804703 -0.00033720665744372776 0.0045202442755301799 -0.00057854680511765851 0.01865348344668746 0.0039964622679081836 0.011144501758647748
leaf_weight=1607 206 39 549 63 287 91 23 34 102 30 174 150 23 140 36 668 40 550 122
leaf_count=1607 206 39 549 63 287 91 23 34 102 30 174 150 23 140 36 668 40 550 122
internal_value=0 0.00265304 0.000695816 0.00330615 0.00524486 0.00945516 0.00269152 0.00453984 0.00439729 0.01026 0.00378984 0.00476486 -0.000254759 0.00570164 0.0137174 -0.00287568 0.00499603 0.00604469 0.00529417
internal_weight=0 2659 1253 704 498 188 310 125 1406 132 1274 1100 173 927 75 2275 852 712 672
internal_count=4934 2659 1253 704 498 188 310 125 1406 132 1274 1100 173 927 75 2275 852 712 672
is_linear=0
shrinkage=0.05


Tree=6
num_leaves=20
num_cat=0
split_feature=2 3 14 15 15 22 1 3 2 15 3 3 2 2 8 3 12 5 0
split_gain=13.5443 3.28385 3.82795 3.77089 2.43022 1.90459 2.13809 2.73555 3.18392 3.49297 3.12674 3.20141 2.9342 2.69633 3.23349 2.50371 2.05743 1.87251 1.78159
threshold=7.1332188761906388e-05 1.5050000000000001 0.40500000000000008 1.7350000000000001 -0.36499999999999994 0.00038996761035570154 0.0014096884168331022 1.8050000000000004 0.00020450453634981801 2.9150000000000005 1.9950000000000003 2.2750000000000004 8.1442759883244378e-05 0.00015970411261618045 -1.0000000000000118 3.0550000000000002 -2.249999999999996 4.3450000000000006 2.9149867462583683e-05
decision_type=2 2 2 2 2 2 2 2 2 2 2 2 2 2 2 2 2 2 2
left_child=17 2 3 4 -2 6 7 12 13 10 -10 -12 -3 14 -9 -11 -13 -1 -6
right_child=1 5 -4 -5 18 -7 -8 8 9 15 11 16 -14 -15 -16 -17 -18 -19 -20
leaf_value=-0.0036372732447212328 -0.0069560660165734591 0.022318418277427556 -0.0024681117310436495 0.019622513155142466 -0.0069007742777466774 0.00012027698604366447 0.017783964378759266 0.015676601020953595 -0.0060603947630004278 0.025108771509415397 0.016891779098659753 0.014843216041723888 0.006600952408846142 -0.0066040924840396449 -0.00021162161697222534 0.0043729904418190321 0.00033740586403644448 -0.00050951792694189967 0.0040218120640409848
leaf_weight=1615 64 32 545 33 40 237 32 39 63 37 56 30 412 124 179 24 132 680 560
leaf_count=1615 64 32 545 33 40 237 32 39 63 37 56 30 412 124 179 24 132 680 560
internal_value=0 0.00254162 0.000671029 0.00312559 0.00230572 0.00420467 0.00503915 0.00467759 0.00269378 0.0061051 0.00375078 0.00658612 0.00773374 -0.000717545 0.00263077 0.0169504 0.00302367 -0.00271053 0.00329364
internal_weight=0 2639 1242 697 664 1397 1160 1128 684 342 281 218 444 342 218 61 162 2295 600
internal_count=4934 2639 1242 697 664 1397 1160 1128 684 342 281 218 444 342 218 61 162 2295 600
is_linear=0
shrinkage=0.05


Tree=7
num_leaves=20
num_cat=0
split_feature=2 5 14 18 9 19 3 14 15 14 3 2 15 20 20 8 2 4 20
split_gain=12.2238 3.08198 2.95594 2.42555 2.23053 2.94492 2.50986 2.4551 2.76013 2.3427 2.1917 3.80698 5.4172 2.68014 2.89586 2.6731 2.65842 2.40807 2.25147
threshold=7.1332188761906388e-05 6.5250000000000012 2.6150000000000007 0.14368172505351753 7.250000000000024 -1.0000000180025095e-35 2.0050000000000003 0.40500000000000008 -0.36499999999999994 2.6950000000000007 1.7850000000000004 0.00020450453634981801 2.8650000000000007 0.0018017214372044734 -0.0070064493218840443 -1.0000000000000118 0.00015970411261618045 -0.99999999999998412 -0.0018834166678845519
decision_type=2 2 2 2 2 2 2 2 2 2 2 2 2 2 2 2 2 2 2
left_child=-1 4 3 10 6 -6 7 8 -2 -9 13 15 -13 14 -3 16 -12 -16 -19
right_child=1 2 -4 -5 5 -7 -8 9 -10 -11 11 12 -14 -15 17 -17 -18 18 -20
leaf_value=-0.0025750045945831376 -0.0075859199264156282 -0.0041579362750053406 -0.0093338945024722328 -0.0091900137734824208 0.015204347826300131 0.00072542662605827243 0.013316763071595012 -0.0025853136079456974 0.0030492908007238619 0.014380380582241788 0.016777924112975597 0.0042408082400684933 0.018118682897157883 0.0027287190159161886 0.0071190621624601649 -0.0027371953389419509 -0.0035272827578915495 0.028935657342274986 0.012839144361870631
leaf_weight=2295 67 20 37 29 62 81 37 655 682 21 40 335 89 90 47 233 27 45 42
leaf_count=2295 67 20 37 29 62 81 37 655 682 21 40 335 89 90 47 233 27 45 42
internal_value=0 0.00241454 0.00454338 0.00505838 0.00104306 0.007003 0.000460115 0.000126293 0.00209794 -0.00205827 0.00548525 0.00410407 0.00715385 0.00958349 0.0135895 -0.000206287 0.00859523 0.0162384 0.0211649
internal_weight=0 2639 1034 997 1605 143 1462 1425 749 676 968 724 424 244 154 300 67 134 87
internal_count=4934 2639 1034 997 1605 143 1462 1425 749 676 968 724 424 244 154 300 67 134 87
is_linear=0
shrinkage=0.05


Tree=8
num_leaves=20
num_cat=0
split_feature=2 5 14 18 14 15 3 15 14 14 3 2 15 20 20 8 5 4 14
split_gain=11.0336 2.81684 2.66773 2.18906 2.0475 2.97308 2.67474 2.5194 2.55666 2.32385 1.97801 3.4358 4.88902 2.41882 2.61352 2.41247 2.41113 2.17328 2.10307
threshold=7.0769011089721426e-05 6.5250000000000012 2.6150000000000007 0.14368172505351753 0.40500000000000008 -0.36499999999999994 1.9950000000000003 1.7350000000000001 -0.38499999999999995 2.6750000000000003 1.7850000000000004 0.00020450453634981801 2.8650000000000007 0.0018017214372044734 -0.0070064493218840443 -1.0000000000000118 7.7550000000000008 -0.99999999999998412 1.2150000000000001
decision_type=2 2 2 2 2 2 2 2 2 2 2 2 2 2 2 2 2 2 2
left_child=-1 4 3 10 5 -2 9 8 -7 -6 13 15 -13 14 -3 16 -12 -16 -19
right_child=1 2 -4 -5 6 7 -8 -9 -10 -11 11 12 -14 -15 17 -17 -18 18 -20
leaf_value=-0.0024671974090429453 -0.0068794474106382677 -0.0039500396326184279 -0.0088671999203192211 -0.008730512960203763 -0.0021280657636064491 0.013061532044205175 0.011116558889096434 0.016720124738557 0.0021215124868232348 0.012556823130164827 0.018386928256480927 0.0040287678077149747 0.017212748753555704 0.0025922830568419564 0.0067631088514277281 -0.0026003355120384642 -0.00063634620358546574 0.03139122556895018 0.014751303183325268
leaf_weight=2275 74 20 37 29 712 58 44 35 674 28 31 335 89 90 47 233 36 28 59
leaf_count=2275 74 20 37 29 712 58 44 35 674 28 31 335 89 90 47 233 36 28 59
internal_value=0 0.00227608 0.00431621 0.00480546 0.000977926 0.00269155 -0.000860285 0.00361496 0.00298834 -0.00157242 0.00521098 0.00389887 0.00679616 0.00910431 0.01291 -0.000195973 0.00816547 0.0154265 0.0201067
internal_weight=0 2659 1034 997 1625 841 784 767 732 740 968 724 424 244 154 300 67 134 87
internal_count=4934 2659 1034 997 1625 841 784 767 732 740 968 724 424 244 154 300 67 134 87
is_linear=0
shrinkage=0.05


Tree=9
num_leaves=20
num_cat=0
split_feature=1 3 5 5 14 3 3 3 5 18 14 8 14 15 15 0 2 14 14
split_gain=9.98919 3.82414 4.24963 2.05176 2.00924 1.96719 3.04069 1.86594 2.15006 2.51834 2.22345 2.6357 2.57557 2.98476 2.52604 2.27853 2.57295 2.58976 2.83443
threshold=6.7347510763796211e-05 1.0850000000000002 3.6650000000000005 7.1150000000000011 -0.17499999999999996 3.3150000000000004 5.9650000000000007 2.5050000000000003 6.5250000000000012 0.14368172505351753 2.2950000000000004 1.5000000000000009 1.0750000000000004 0.46500000000000002 -0.55499999999999994 7.4467991278329173e-05 0.00020450453634981801 1.2350000000000001 1.7750000000000001
decision_type=2 2 2 2 2 2 2 2 2 2 2 2 2 2 2 2 2 2 2
left_child=3 -2 -3 4 -1 7 -7 8 -4 10 11 12 13 14 -10 -14 17 -17 -19
right_child=1 2 5 -5 -6 6 -8 -9 9 -11 -12 -13 15 -15 -16 16 -18 18 -20
leaf_value=0.011593107730150223 -0.0016678571833048279 0.018368525008360545 0.0014913422481770975 0.007635767056661494 -0.0026596845163414811 0.012853407092830716 -0.0052550838887691501 -0.002589401153065044 -0.0028216339309107175 -0.011557278341867707 -0.000754453716552363 -6.435674235776618e-05 0.019911234918981793 -0.0074171619024127724 0.019646408948405039 0.017968840176059354 0.0144606795131175 -0.010556460697861279 0.0060732977822996106
leaf_weight=25 508 45 1051 51 2265 102 30 169 22 22 113 108 56 48 29 31 121 34 104
leaf_count=25 508 45 1051 51 2265 102 30 169 22 22 113 108 56 48 29 31 121 34 104
internal_value=0 0.00222221 0.00317001 -0.00228318 -0.00250409 0.00283474 0.00873784 0.00242635 0.0029138 0.00508676 0.00563656 0.0069425 0.00864304 0.00153178 0.00995431 0.0106778 0.00889476 0.00490969 0.00197611
internal_weight=0 2593 2085 2341 2290 2040 132 1908 1739 688 666 553 445 99 51 346 290 169 138
internal_count=4934 2593 2085 2341 2290 2040 132 1908 1739 688 666 553 445 99 51 346 290 169 138
is_linear=0
shrinkage=0.05


Tree=10
num_leaves=20
num_cat=0
split_feature=0 15 3 2 14 8 0 7 6 15 9 6 3 2 3 6 0 15 1
split_gain=9.65238 2.81907 2.50018 2.319 2.27963 2.00747 1.93211 1.882 2.72179 2.38651 1.8297 1.64149 1.58603 2.27719 1.58223 1.56631 1.79059 3.79951 2.09912
threshold=7.262519923937034e-05 2.9150000000000005 1.3450000000000004 5.3023220642760116e-05 0.40500000000000008 -0.50000000000000588 7.4467991278329173e-05 0.025990040411078445 -1.0000000000000451 1.7150000000000001 -6.9999999999999609 2.0000000000000244 1.6450000000000002 9.4544540028973465e-05 0.57500000000000007 14.999999999999904 0.00013863419751438427 0.13500000000000004 0.00024356814081481757
decision_type=2 2 2 2 2 2 2 2 2 2 2 2 2 2 2 2 2 2 2
left_child=2 4 11 -3 7 -4 -6 9 -9 12 -8 14 15 -14 -1 16 17 -2 -18
right_child=1 3 5 -5 6 -7 10 8 -10 -11 -12 -13 13 -15 -16 -17 18 -19 -20
leaf_value=0.0080452211733375283 -0.0071489016215006522 -0.0092465344993841094 0.0040828385393993525 0.0079259566430534643 0.01548107954717818 -0.0012471962208333224 0.0052713444906901698 0.019297883287072184 0.0026012289266173659 0.017848994181706355 -0.000598330317117066 -0.00016312555083227044 0.022824246649231231 0.0042493090710856701 -0.0039590412488176557 0.013032870629319439 -0.0047092411908047707 0.0082911473943998934 0.0043757153775102354
leaf_weight=28 54 21 255 308 21 575 153 46 52 26 1004 419 21 77 1397 27 201 152 93
leaf_count=28 54 21 255 308 21 575 153 46 52 26 1004 419 21 77 1397 27 201 152 93
internal_value=0 0.00255228 -0.00188851 0.00682984 0.00182196 0.000390345 0.000450675 0.00397868 0.0104384 0.00300624 0.000177867 -0.00291424 0.00238879 0.00822965 -0.00372317 0.00130263 0.000669196 0.00424376 -0.00183543
internal_weight=0 2256 2674 329 1927 830 1178 749 98 651 1157 1844 625 98 1425 527 500 206 294
internal_count=4930 2256 2674 329 1927 830 1178 749 98 651 1157 1844 625 98 1425 527 500 206 294
is_linear=0
shrinkage=0.05


Tree=11
num_leaves=20
num_cat=0
split_feature=0 5 15 2 14 5 1 5 15 5 8 14 2 17 1 3 7 6 22
split_gain=8.71127 2.97086 2.54421 2.0929 2.05736 2.37856 2.99484 2.00558 2.88 2.27006 1.88828 2.08866 2.09101 1.77522 2.66277 2.17824 1.7023 2.27779 1.74074
threshold=7.262519923937034e-05 4.6850000000000014 2.9150000000000005 5.3023220642760116e-05 0.40500000000000008 7.1550000000000011 0.00046152713966101001 3.1050000000000004 1.2650000000000003 2.5950000000000002 -0.50000000000000588 0.23500000000000001 0.00011693184507543756 -5.9999999999999885 0.0004192411074517845 2.3250000000000006 0.023183503977869283 -2.0000000000000902 0.0033744552937923227
decision_type=2 2 2 2 2 2 2 2 2 2 2 2 2 2 2 2 2 2 2
left_child=1 7 4 -4 16 -6 -7 8 9 -1 11 -3 -13 -5 15 -15 18 -18 -2
right_child=2 10 3 13 5 6 -8 -9 -10 -11 -12 12 -14 14 -16 -17 17 -19 -20
leaf_value=0.008306443445384502 0.0020984663961942764 0.015839689046144488 -0.0086963656949145453 -0.0039854087188839916 -0.0013852000036953366 0.0055040850801881865 -0.0035123289855899381 -0.0035262190956084185 0.0081326717763177802 -0.0052290539456321707 -0.00093657229795770819 3.7144923676325622e-06 0.011365217154516894 0.0092893378856255034 0.021052814517472242 -0.0020725248046922235 0.017644038025210515 0.0036725722623810377 0.013777764759957791
leaf_weight=38 596 33 21 30 709 347 122 1599 93 151 530 179 51 188 37 53 47 73 33
leaf_count=38 596 33 21 30 709 347 122 1599 93 151 530 179 51 188 37 53 47 73 33
internal_value=0 -0.00177614 0.00240042 0.00642346 0.00171356 0.00042386 0.00315866 -0.00284744 0.0010014 -0.00250763 0.000764965 0.00419392 0.002523 0.00745436 0.00868887 0.00679067 0.00374195 0.00914473 0.00271121
internal_weight=0 2674 2256 329 1927 1178 469 1881 282 189 793 263 230 308 278 241 749 120 629
internal_count=4930 2674 2256 329 1927 1178 469 1881 282 189 793 263 230 308 278 241 749 120 629
is_linear=0
shrinkage=0.0495


Tree=12
num_leaves=20
num_cat=0
split_feature=0 15 3 10 18 18 8 6 17 14 3 0 1 1 6 7 14 9 3
split_gain=7.8702 2.33339 2.08172 1.87078 1.67866 3.2963 1.6597 1.47546 1.44437 1.37935 2.24724 2.30857 1.72695 2.0368 1.68149 1.78377 1.71898 2.3106 1.60762
threshold=7.262519923937034e-05 3.3750000000000004 1.3450000000000004 -10.74999999999997 -0.040201005025125518 -0.0096031449941804663 -0.50000000000000588 2.0000000000000244 -6.4999999999999938 0.37500000000000006 1.4950000000000003 7.734256355888236e-05 0.00048762204348006986 0.00029424454832396879 -6.4999999999999494 0.02792764017178773 0.24250000000000002 1.0000000000000455 1.385
decision_type=2 2 2 2 2 2 2 2 2 2 2 2 2 2 2 2 2 2 2
left_child=2 3 7 8 -3 -6 -4 -1 -2 14 18 -12 13 -13 15 -5 -16 -18 -11
right_child=1 4 6 9 5 -7 -8 -9 -10 10 11 12 -14 -15 16 -17 17 -19 -20
leaf_value=-0.0033403461322856574 0.00080495108938297708 0.019962122054014066 0.0036573332185122895 0.0057446858756137744 -0.0071519157950171545 0.012472740246135679 -0.001092628491767593 -3.2307589679138473e-05 0.013039851262037071 -0.000754172046720942 0.017419847691162772 0.0013300951184809615 -0.003470639176983386 0.0077981056853240896 0.001099270389816604 0.021567017684429885 0.0027286603436898439 0.017664890233693938 -0.0082527246378175916
leaf_weight=1425 37 26 255 77 31 61 575 419 62 376 23 587 132 146 482 22 72 38 84
leaf_count=1425 37 26 255 77 31 61 575 419 62 376 23 587 132 146 482 22 72 38 84
internal_value=0 0.00225878 -0.00167134 0.00188853 0.00896731 0.00586008 0.000366697 -0.00258868 0.00846721 0.00156911 0.000656546 0.00209665 0.00168921 0.0026184 0.00334934 0.00926076 0.00236077 0.00788845 -0.00212347
internal_weight=0 2256 2674 2138 118 92 830 1844 99 2039 1348 888 865 733 691 99 592 110 460
internal_count=4930 2256 2674 2138 118 92 830 1844 99 2039 1348 888 865 733 691 99 592 110 460
is_linear=0
shrinkage=0.049005


Tree=13
num_leaves=20
num_cat=0
split_feature=0 5 15 5 15 5 2 14 5 1 17 1 3 22 9 16 14 8 14
split_gain=7.11774 2.49006 2.16825 1.82388 2.60302 2.05061 1.819 1.70958 2.01912 2.51749 1.58474 2.3812 1.94983 1.57845 1.9826 1.6918 1.64798 1.56592 1.91022
threshold=7.262519923937034e-05 4.6850000000000014 2.9150000000000005 3.1050000000000004 1.2650000000000003 2.5950000000000002 5.3023220642760116e-05 0.40500000000000008 7.1550000000000011 0.00046152713966101001 -5.9999999999999885 0.0004192411074517845 2.3250000000000006 -7.1924335691864169e-05 6.9999999999999902 -5.9999999999999885 1.2350000000000001 -0.50000000000000588 0.23500000000000001
decision_type=2 2 2 2 2 2 2 2 2 2 2 2 2 2 2 2 2 2 2
left_child=1 3 7 4 5 -1 -4 -2 13 -10 -8 12 -12 14 15 -9 -17 18 -3
right_child=2 17 6 -5 -6 -7 10 8 9 -11 11 -13 -14 -15 -16 16 -18 -19 -20
leaf_value=0.0078664281523630995 0.003317365678998473 0.014682580376127363 -0.0080486647579260176 -0.0031692306620360205 0.0077072696804729689 -0.0047421997439541855 -0.0038849626147851347 0.010836840105292178 0.004930055629654098 -0.0031721069685838013 0.0084094414334637841 0.0193110941266759 -0.0021263034425438435 -0.0031137323326871731 0.014067379732621463 0.0033610283368371427 -0.0050949833070571904 -0.00081209646416265308 0.0022008683901354252
leaf_weight=38 749 33 21 1599 93 151 30 31 347 122 188 37 53 432 27 99 120 530 230
leaf_count=38 749 33 21 1599 93 151 30 31 347 122 188 37 53 432 27 99 120 530 230
internal_value=0 -0.00157354 0.00212661 -0.00253481 0.00106251 -0.00220713 0.00576663 0.00150514 0.00035289 0.00282246 0.00670858 0.00785177 0.00609245 -0.00128072 0.001578 0.000229143 -0.0012724 0.000706575 0.00376701
internal_weight=0 2674 2256 1881 282 189 329 1927 1178 469 308 278 241 709 277 250 219 793 263
internal_count=4930 2674 2256 1881 282 189 329 1927 1178 469 308 278 241 709 277 250 219 793 263
is_linear=0
shrinkage=0.048515


Tree=14
num_leaves=20
num_cat=0
split_feature=0 5 15 5 15 5 14 8 15 0 3 18 21 9 1 6 14 17 14
split_gain=6.44386 2.25431 1.99049 1.6512 2.35658 1.85647 1.54393 1.52708 1.81289 1.51028 3.18079 1.44876 1.95995 1.81814 1.79902 2.18996 1.77621 1.47977 1.40075
threshold=7.262519923937034e-05 4.6850000000000014 3.3750000000000004 3.1050000000000004 1.2650000000000003 2.5950000000000002 2.6050000000000004 -0.50000000000000588 1.6050000000000002 0.0001061698319757318 1.885 -0.051418698790460231 0.0055680980736244621 -15.000000000000002 0.00026886202559585679 1.0000000000000455 0.46500000000000002 -2.9999999999999853 0.23500000000000001
decision_type=2 2 2 2 2 2 2 2 2 2 2 2 2 2 2 2 2 2 2
left_child=1 3 11 4 5 -1 7 18 -9 -4 -11 12 14 -13 17 16 -16 -2 -3
right_child=2 6 9 -5 -6 -7 -8 8 -10 10 -12 13 -14 -15 15 -17 -18 -19 -20
leaf_value=0.0074099409556935445 0.0057271266977543785 0.013830553264924673 -0.00012480810473319143 -0.0029853210778611329 0.0072600182468526408 -0.0044670108355131114 -0.0047592766528785913 -0.0039051853087752964 0.0023027406099177701 0.021135834226034659 0.0022167064054797966 0.015769296971924442 -0.0080444819298331628 0.0021694143782725228 0.021350096986570422 -0.0037039390623010001 0.0055048814463137911 -0.0027513689700453944 0.003146108858713617
leaf_weight=38 58 33 36 1599 93 151 105 178 278 41 41 23 70 1613 24 37 51 262 199
leaf_count=38 58 33 36 1599 93 151 105 178 278 41 41 23 70 1613 24 37 51 262 199
internal_value=0 -0.00148223 0.0020032 -0.00238771 0.00100085 -0.00207905 0.000665572 0.00149349 -0.000120529 0.00807594 0.0116763 0.00166804 -0.000589031 0.00236061 0.000619028 0.00585809 0.0105754 -0.00121464 0.00466588
internal_weight=0 2674 2256 1881 282 189 793 688 456 118 82 2138 502 1636 432 112 75 320 232
internal_count=4930 2674 2256 1881 282 189 793 688 456 118 82 2138 502 1636 432 112 75 320 232
is_linear=0
shrinkage=0.0480298


Tree=15
num_leaves=20
num_cat=0
split_feature=2 3 3 3 3 5 1 14 1 3 16 1 7 16 14 20 15 5 15
split_gain=5.67561 2.00891 2.59868 1.57433 1.67414 3.83504 2.85718 2.09802 2.04292 1.76033 1.67636 1.97082 1.82119 1.95244 2.49728 1.81315 2.0186 1.66232 1.65294
threshold=7.0769011089721426e-05 3.3150000000000004 5.9650000000000007 0.56500000000000006 1.0950000000000004 3.6650000000000005 4.3646292197142691e-05 0.43500000000000005 5.6232892962889958e-05 2.6150000000000007 4.9999999999999885 0.00034222665961144055 0.0079781650611199257 7.0000000000000187 0.99500000000000011 0.0015531300606215217 0.54250000000000009 7.6050000000000013 0.76500000000000012
decision_type=2 2 2 2 2 2 2 2 2 2 2 2 2 2 2 2 2 2 2
left_child=-1 3 -3 -2 6 7 -5 -6 -7 10 15 12 13 14 -12 16 -10 -13 -18
right_child=1 2 -4 4 5 8 -8 -9 9 -11 11 17 -14 -15 -16 -17 18 -19 -20
leaf_value=-0.0017092111269731798 0.01334764398748467 0.010862725134678199 -0.0050574678181415332 0.011924075327529008 0.024142687713656342 -0.0044133463530487823 -0.0023624007318483204 0.0041912671623386922 -0.0013105131151020279 -0.0039493831885380566 0.0042234412285304303 0.020953111873240067 -0.00060502032599222741 0.0024137314108462829 0.022193017365277914 -0.00094235892308598213 0.011165563167396824 0.00396217488794852 0.003196017010840138
leaf_weight=2275 24 102 30 34 26 128 458 22 217 113 36 30 129 92 34 475 65 23 621
leaf_count=2275 24 102 30 34 26 128 458 22 217 113 36 30 129 92 34 475 65 23 621
internal_value=0 0.00152599 0.0072445 0.00122728 0.00111107 0.00171932 -0.00137512 0.0149983 0.00139462 0.00179976 0.00217702 0.00514635 0.00361039 0.0069671 0.0129515 0.00143577 0.00268672 0.0135797 0.00395115
internal_weight=0 2659 132 2527 2503 2011 492 48 1963 1835 1722 344 291 162 70 1378 903 53 686
internal_count=4934 2659 132 2527 2503 2011 492 48 1963 1835 1722 344 291 162 70 1378 903 53 686
is_linear=0
shrinkage=0.0475495


Tree=16
num_leaves=20
num_cat=0
split_feature=5 0 14 19 20 20 3 18 21 14 14 8 15 15 20 19 0 2 15
split_gain=5.16875 2.86061 2.66543 2.07472 2.59827 2.02749 2.03231 1.98732 1.62396 2.12523 3.07828 2.28987 2.21318 2.79499 1.98285 1.62048 1.60273 1.86369 2.96948
threshold=6.5250000000000012 9.1340232591736063e-05 2.6150000000000007 -0.0044127906138048392 0.0030657190919470838 -0.0035746632325620582 1.5050000000000001 0.14368172505351753 0.0087793400632140157 1.0750000000000004 1.2350000000000001 -1.0000000180025095e-35 0.42500000000000004 0.065000000000000016 -0.0083645094518103851 0.0051732944438923631 3.8387150197558272e-05 0.00020747431969647394 2.8650000000000007
decision_type=2 2 2 2 2 2 2 2 2 2 2 2 2 2 2 2 2 2 2
left_child=1 -1 7 4 5 -3 -7 8 9 12 11 -11 13 -2 -10 16 -12 -18 -19
right_child=2 3 -4 -5 -6 6 -8 -9 14 10 15 -13 -14 -15 -16 -17 17 18 -20
leaf_value=-0.0016015714293957743 -0.0015528280062834341 0.0009749976694075111 -0.008860077201570964 0.00032934808153610456 -0.00070528980369699676 0.0099906856491310814 0.027390600708255882 -0.0085622977846302861 0.022987293932946691 0.023385582937669083 0.01413973919525249 0.006357423631228965 -0.007163541200817373 0.019100030588237945 0.0059072400722363309 -0.0019589484888794736 0.0010612625060953897 0.0036943906503840375 0.015514114352759768
leaf_weight=2721 53 33 41 951 78 51 21 30 20 30 34 42 82 20 61 112 296 196 62
leaf_count=2721 53 33 41 951 78 51 21 30 20 30 34 42 82 20 61 112 296 196 62
internal_value=0 -0.000773742 0.00291222 0.00121261 0.00580268 0.0106372 0.0150657 0.00337721 0.00373255 0.00317403 0.00418399 0.0134525 -0.00185619 0.00410549 0.0101245 0.00323065 0.00421915 0.00361031 0.00653479
internal_weight=0 3855 1079 1134 183 105 72 1038 1008 927 772 72 155 73 81 700 588 554 258
internal_count=4934 3855 1079 1134 183 105 72 1038 1008 927 772 72 155 73 81 700 588 554 258
is_linear=0
shrinkage=0.047074


Tree=17
num_leaves=20
num_cat=0
split_feature=2 3 3 3 17 0 3 3 20 8 10 18 15 18 0 19 3 3 22
split_gain=4.75515 1.67771 2.38148 1.4479 1.46443 1.88003 1.71886 1.5158 1.38401 1.54773 1.41048 2.05804 1.48674 1.37633 1.50135 1.49039 4.25771 2.34496 2.03089
threshold=7.0769011089721426e-05 3.3150000000000004 5.9650000000000007 0.56500000000000006 5.0000000000000169 0.00046613260520410522 2.5850000000000004 0.99500000000000011 0.0015531300606215217 -3.9999999999999951 4.7499999999999885 -0.021381420508073064 1.7350000000000001 0.089442852301307454 4.7930204681519174e-05 -0.0044127906138048392 1.8050000000000004 2.0050000000000003 -0.00016199221922069682
decision_type=2 2 2 2 2 2 2 2 2 2 2 2 2 2 2 2 2 2 2
left_child=-1 3 -3 -2 6 -6 7 -5 13 -10 -11 -12 -13 14 -9 16 -16 -17 -19
right_child=1 2 -4 4 5 -7 -8 8 9 10 11 12 -14 -15 15 17 -18 18 -20
leaf_value=-0.0015336126837924614 0.012493376398327155 0.0098854153658008617 -0.005051664145963892 -0.0017945853864720666 0.0032293157355399891 0.017557800714098067 -0.0050819909744446402 -0.00098157178402843276 0.0072489312710493159 -0.0020051106996976779 -0.0022706703762492091 0.0031825889618612071 0.016046714249410128 -0.0019991760536445064 0.01450610190320515 0.00189748017582334 -0.004684450555853141 0.016826950067273305 0.0044232574557583953
leaf_weight=2275 24 102 30 362 147 23 107 166 57 491 81 50 32 131 83 613 36 45 79
leaf_count=2275 24 102 30 362 147 23 107 166 57 491 81 50 32 131 83 613 36 45 79
internal_value=0 0.00136873 0.00649062 0.00110118 0.000991947 0.00516788 0.000687658 0.000964995 0.00150092 -0.000116203 -0.000758118 0.00299816 0.00820274 0.00249813 0.00307459 0.00386118 0.00870056 0.00307979 0.0089246
internal_weight=0 2659 132 2527 2503 170 2333 2226 1864 711 654 163 82 1153 1022 856 119 737 124
internal_count=4934 2659 132 2527 2503 170 2333 2226 1864 711 654 163 82 1153 1022 856 119 737 124
is_linear=0
shrinkage=0.0466033


Tree=18
num_leaves=20
num_cat=0
split_feature=5 0 14 19 20 20 18 16 11 15 8 0 8 1 7 15 1 4 2
split_gain=4.40866 2.41403 2.40575 1.78192 2.23093 1.83135 1.7785 1.61951 2.47901 1.44159 1.43233 1.54619 1.40636 1.61596 2.65419 1.58759 1.72106 1.50173 1.39001
threshold=6.5250000000000012 9.1340232591736063e-05 2.6150000000000007 -0.0044127906138048392 0.0030657190919470838 -0.0035746632325620582 0.14368172505351753 9.4999999999999982 8.2500000000000036 3.4750000000000005 0.999999999999999 0.00014377648347441079 -1.0000000180025095e-35 0.00013640581537672131 -0.012703493727573232 1.905 0.00011722198587915451 -0.99999999999998412 0.00024890558699307698
decision_type=2 2 2 2 2 2 2 2 2 2 2 2 2 2 2 2 2 2 2
left_child=1 7 6 4 5 -3 9 -1 -9 12 11 -7 13 14 -2 16 17 -14 -17
right_child=2 3 -4 -5 -6 10 -8 8 -10 -11 -12 -13 15 -15 -16 18 -18 -19 -20
leaf_value=-0.0016108281044745663 -0.0032297670026173965 0.00064714680053017831 -0.0083259856346233289 0.00028529224027894071 -0.00065360895910240185 0.017451650677816524 -0.0080014937980173468 0.018846640066042957 -0.0010998983375380064 0.010879195699568573 0.022975274045328498 0.00089041325819422322 -0.0037883507166641657 0.0032714230438138591 0.013918498082962723 0.00092557040135855806 -0.0058806299061368939 0.010374083496421523 0.0064147782322382602
leaf_weight=2664 25 33 41 951 78 24 30 21 36 52 24 24 30 270 83 247 104 34 163
leaf_count=2664 25 33 41 951 78 24 30 21 36 52 24 24 30 270 83 247 104 34 163
internal_value=0 -0.000700846 0.00263558 0.00108757 0.00525678 0.00964735 0.00306855 -0.00144618 0.00624883 0.00339802 0.0137724 0.00917103 0.00299109 0.0051793 0.00994899 0.00156005 -0.00221736 0.00373544 0.00310787
internal_weight=0 3855 1079 1134 183 105 1038 2721 57 1008 72 48 956 378 108 578 168 64 410
internal_count=4934 3855 1079 1134 183 105 1038 2721 57 1008 72 48 956 378 108 578 168 64 410
is_linear=0
shrinkage=0.0461372


Tree=19
num_leaves=20
num_cat=0
split_feature=5 0 14 19 20 20 3 18 21 14 14 14 5 8 3 15 19 7 10
split_gain=4.01124 2.19641 2.18888 1.62129 2.02982 1.66627 1.84935 1.61818 1.40508 1.92357 1.80207 2.77368 2.21874 3.10341 2.03614 2.57211 1.48402 1.59309 1.58774
threshold=6.5250000000000012 9.1340232591736063e-05 2.6150000000000007 -0.0044127906138048392 0.0030657190919470838 -0.0035746632325620582 1.5050000000000001 0.14368172505351753 0.0087793400632140157 1.7150000000000001 1.0750000000000004 1.2350000000000001 7.5450000000000008 -1.0000000180025095e-35 1.8050000000000004 0.65500000000000014 0.0051732944438923631 -0.012703493727573232 9.9999999999999769
decision_type=2 2 2 2 2 2 2 2 2 2 2 2 2 2 2 2 2 2 2
left_child=1 -1 7 4 5 -3 -7 8 10 -10 14 12 -12 -14 15 -2 17 -13 -19
right_child=2 3 -4 -5 -6 6 -8 -9 9 -11 11 16 13 -15 -16 -17 -18 18 -20
leaf_value=-0.0013656652974237972 0.013648422199047416 0.00061111625066220452 -0.0078624291203418378 0.00026940836371900262 -0.00061721880801084291 0.0083082832970311372 0.024413551350950691 -0.007556003702685392 0.020504783696717994 0.0046797085051194518 0.024639169966203321 -5.442225716928857e-06 0.02102637084180986 -0.0020514857035630911 -0.0057270204333588898 -0.0061324184265887172 -0.0020897250797394557 0.006001306101952297 -0.0047469571893503969
leaf_weight=2721 32 33 41 951 78 51 21 30 22 59 21 175 20 31 99 24 112 382 31
leaf_count=2721 32 33 41 951 78 51 21 30 22 59 21 175 20 31 99 24 112 382 31
internal_value=0 -0.000661825 0.00248884 0.00102702 0.0049641 0.00911023 0.0130057 0.00289771 0.00320883 0.00897788 0.00270474 0.00360712 0.0121438 0.00699865 -0.0017897 0.00517092 0.00272906 0.00364692 0.00519454
internal_weight=0 3855 1079 1134 183 105 72 1038 1008 81 927 772 72 51 155 56 700 588 413
internal_count=4934 3855 1079 1134 183 105 72 1038 1008 81 927 772 72 51 155 56 700 588 413
is_linear=0
shrinkage=0.0456759


Tree=20
num_leaves=20
num_cat=0
split_feature=0 15 10 2 3 16 18 18 18 6 14 0 3 3 14 2 14 1 14
split_gain=3.89311 1.68914 1.60596 1.44908 1.50176 1.45035 2.28762 1.43308 2.63471 1.31071 1.30262 1.98613 1.73859 2.22131 1.8817 1.86248 2.23647 1.90383 1.62459
threshold=7.262519923937034e-05 3.3750000000000004 -10.74999999999997 3.0522140841855645e-05 1.9950000000000003 -2.249999999999996 -0.01720899470899467 -0.040201005025125518 -0.0096031449941804663 9.0000000000000089 0.37500000000000006 7.734256355888236e-05 1.5550000000000004 1.7850000000000004 0.75500000000000012 0.00012662967552783949 1.1150000000000004 0.00048762204348006986 2.1650000000000005
decision_type=2 2 2 2 2 2 2 2 2 2 2 2 2 2 2 2 2 2 2
left_child=3 2 -2 9 -5 -6 -7 -3 -9 -1 -4 -12 -13 14 -14 -15 -17 18 -18
right_child=1 7 10 4 5 6 -8 8 -10 -11 11 12 13 15 -16 16 17 -19 -20
leaf_value=-0.0032263025623744004 0.0075307517566464161 0.017821808273975667 0.0027748609934805449 -0.00071228523940196516 -0.0023540076087502876 -0.0015974121897116952 0.01870175184948104 -0.0073418253131451146 0.010559475507403984 0.0074093568821748104 0.0089971482257048298 -0.0026459241179915948 0.016244108208588192 -0.0071475688153984909 0.0034664759378126063 -0.0065359474256120875 0.006150762803974699 -0.0038057247045064214 -0.0020215717178803903
leaf_weight=842 99 26 691 1710 34 23 35 31 61 30 60 492 35 87 163 87 244 99 81
leaf_count=842 99 26 691 1710 34 23 35 31 61 30 60 492 35 87 163 87 244 99 81
internal_value=0 0.00163311 0.00131169 -0.00118717 -0.000377482 0.00584548 0.0106521 0.00745677 0.00452752 -0.0028604 0.00100973 0.000104911 -0.000309324 0.00113491 0.00572515 -0.00038494 0.000766428 0.00226479 0.00411397
internal_weight=0 2256 2138 2674 1802 92 58 118 92 872 2039 1348 1288 796 198 598 511 424 325
internal_count=4930 2256 2138 2674 1802 92 58 118 92 872 2039 1348 1288 796 198 598 511 424 325
is_linear=0
shrinkage=0.05


Tree=21
num_leaves=20
num_cat=0
split_feature=0 5 5 14 14 13 8 13 22 1 12 18 7 7 5 1 5 5 10
split_gain=3.51353 1.64435 1.42458 2.1131 2.65954 1.35449 1.63869 1.66194 1.40761 2.06665 1.33839 1.26034 1.28299 1.3348 1.25758 1.75909 1.18552 1.35656 1.253
threshold=7.262519923937034e-05 4.6850000000000014 3.1050000000000004 0.68500000000000016 1.0450000000000002 1.0000000000000122 -0.50000000000000588 -2.9999999999999911 -1.8122727108604849e-05 4.2639398879945237e-05 11.000000000000023 0.13583202784532958 0.020828545147892678 0.024346389507644121 2.6250000000000004 3.5076045993158325e-05 2.5950000000000002 3.0150000000000001 -10.74999999999997
decision_type=2 2 2 2 2 2 2 2 2 2 2 2 2 2 2 2 2 2 2
left_child=1 2 3 14 -5 6 7 -3 9 -9 16 12 -4 -14 15 -1 -2 -18 -19
right_child=10 5 11 4 -6 -7 -8 8 -10 -11 -12 -13 13 -15 -16 -17 17 18 -20
leaf_value=0.017499194033443927 0.012705394398906958 -0.0066354140018423397 -0.0031863355887418784 0.021668498447308174 0.00080167886775893134 -0.0029381455584643361 0.00013199272860841052 0.00086727604890863099 0.0036176509712592211 0.018900697313724679 0.012223618554657903 0.0078178332540495641 0.0086116837852812829 -0.0013891789317131043 -0.0029851467463008147 -0.0019159355067781042 -0.0042240224989517688 0.0071535237211113175 0.0013058821679084571
leaf_weight=20 23 24 1408 26 37 187 410 24 101 47 29 29 47 115 171 28 106 96 2002
leaf_count=20 23 24 1408 26 37 187 410 24 101 47 29 29 47 115 171 28 106 96 2002
internal_value=0 -0.00112781 -0.00193287 0.00134369 0.00941338 0.000781796 0.0019297 0.00569021 0.00741006 0.0128049 0.00155145 -0.00251073 -0.00270151 0.00151231 -0.000977728 0.0061737 0.00141248 0.00129463 0.00157346
internal_weight=0 2674 1881 282 63 793 606 196 172 71 2256 1599 1570 162 219 48 2227 2204 2098
internal_count=4930 2674 1881 282 63 793 606 196 172 71 2256 1599 1570 162 219 48 2227 2204 2098
is_linear=0
shrinkage=0.05


Tree=22
num_leaves=20
num_cat=0
split_feature=2 0 1 3 3 7 2 17 5 20 2 20 13 15 15 15 6 17 5
split_gain=3.17959 1.92788 2.20378 1.76248 2.96279 2.56773 2.22918 1.78741 1.858 1.75932 2.34876 1.74435 1.58738 1.58054 1.46752 2.50836 1.64835 2.27622 1.44013
threshold=3.0522140841855645e-05 3.0700435946764169e-05 2.2988688237850365e-05 1.6150000000000004 1.7950000000000002 0.011721371661982062 7.9789821014275789e-05 -2.249999999999996 2.5550000000000002 0.0017525988905590097 0.00019715062642201804 -0.013720347170219914 4.4999999999999938 1.8950000000000002 1.7750000000000001 1.7350000000000001 6.9999999999998961 -0.99999999999999967 6.9350000000000014
decision_type=2 2 2 2 2 2 2 2 2 2 2 2 2 2 2 2 2 2 2
left_child=-1 -2 -3 7 5 6 -5 -4 -9 18 -11 -6 14 -14 15 16 -10 -18 -8
right_child=1 2 3 4 11 -7 9 8 12 10 -12 -13 13 -15 -16 -17 17 -19 -20
leaf_value=-0.0026251074808437721 -0.0016281902202931438 0.016973265903917227 0.0033611067090973711 0.017054079880472275 0.015171616488978976 0.00018706322927785116 0.0052081717276259475 0.012750038676537002 -0.001180877562652196 -0.0080045893415808672 0.010331544304086317 0.0005840449450258934 0.00079427265069063977 0.017993757501244545 -0.0037230683490633966 0.017400895059108735 -0.0044297861009836197 0.0085319406858512335 0.015669889722404809
leaf_weight=883 736 22 363 64 21 123 76 26 1027 40 31 849 34 22 380 20 50 105 58
leaf_count=883 736 22 363 64 21 123 76 26 1027 40 31 849 34 22 380 20 50 105 58
internal_value=0 0.000686451 0.00120097 0.00109547 0.00256236 0.00617153 0.00890792 0.000182193 -0.000511284 0.00636473 1.32817e-06 0.000936159 -0.000721781 0.00755121 -0.00101463 -0.000158385 -0.000455496 0.00435074 0.00973638
internal_weight=0 4047 3311 3289 1262 392 269 2027 1664 205 71 870 1638 56 1582 1202 1182 155 134
internal_count=4930 4047 3311 3289 1262 392 269 2027 1664 205 71 870 1638 56 1582 1202 1182 155 134
is_linear=0
shrinkage=0.05


Tree=23
num_leaves=20
num_cat=0
split_feature=1 15 0 10 20 19 20 10 17 7 10 7 3 18 1 2 3 2 1
split_gain=2.89904 1.37356 1.61213 1.46573 1.61653 2.04968 1.48478 1.79725 2.11833 1.70142 2.00298 1.33144 1.72763 2.11298 1.76791 1.31573 2.47738 1.44996 1.40248
threshold=6.5506325935967119e-05 2.8650000000000007 3.7641394589188995e-05 -13.00000000000002 -0.0068496445433767752 0.0052663790668910923 -0.00078168271187356575 5.0000000000000169 -6.0000000000000027 0.0034143319951643884 9.2500000000000266 -0.002154878010273364 1.1950000000000001 0.05716142207370279 0.00039019123253236908 0.00021627578868432511 2.0350000000000006 0.00010870433877959385 0.00012696845608530462
decision_type=2 2 2 2 2 2 2 2 2 2 2 2 2 2 2 2 2 2 2
left_child=-1 3 -3 -2 -5 6 11 8 -8 -9 -11 12 -6 14 -14 17 -17 18 -4
right_child=1 2 15 4 5 -7 7 9 -10 10 -12 -13 13 -15 -16 16 -18 -19 -20
leaf_value=-0.0012057732139106117 0.010115002840757371 -0.0091749408028342517 0.003917775668051778 -0.0032373706097544928 0.00041927428937506408 -0.0035609060463225733 0.012279346119612455 0.00012672666562806576 -0.00081032894584648395 0.014152947536536627 0.00072191372189832782 0.0014093360727032026 0.014185157900706666 -0.0012260142154991629 -0.00066019964093963317 0.022957796832689874 0.0049177988838981579 -0.00053685547929283582 0.016272976895173392
leaf_weight=2304 41 22 98 247 87 214 32 109 906 70 46 300 122 40 24 26 71 141 30
leaf_count=2304 41 22 98 247 87 214 32 109 906 70 46 300 122 40 24 26 71 141 30
internal_value=0 0.00122437 0.00397075 0.000748231 0.00057343 0.00105613 0.00162528 0.00059889 -0.000363773 0.00461212 0.00882685 0.00370852 0.00623509 0.0089554 0.0117448 0.00476093 0.00975326 0.00296072 0.00681353
internal_weight=0 2626 388 2238 2197 1950 1736 1163 938 225 116 573 273 186 146 366 97 269 128
internal_count=4930 2626 388 2238 2197 1950 1736 1163 938 225 116 573 273 186 146 366 97 269 128
is_linear=0
shrinkage=0.05


Tree=24
num_leaves=20
num_cat=0
split_feature=2 0 1 3 3 7 2 17 4 3 7 22 20 20 2 16 6 14 21
split_gain=2.72755 1.61591 2.01463 1.48295 2.66523 2.29984 2.07465 1.57003 1.64392 2.47327 1.82915 1.6791 1.55435 1.53362 2.10704 1.43777 1.5348 1.37512 1.35904
threshold=3.0522140841855645e-05 3.0700435946764169e-05 2.2988688237850365e-05 1.6150000000000004 1.7950000000000002 0.011721371661982062 7.9789821014275789e-05 -2.249999999999996 0.49999999999999495 0.56500000000000006 0.021130143009836292 -1.2078534636139613e-05 -0.013720347170219914 0.0017525988905590097 0.00019715062642201804 2.0000000000000013 -2.0000000000000235 2.2625000000000002 -0.0025270714154685954
decision_type=2 2 2 2 2 2 2 2 2 2 2 2 2 2 2 2 2 2 2
left_child=-1 -2 -3 7 5 6 -5 -4 9 -9 -10 -12 -6 17 -15 -11 -17 -8 -7
right_child=1 2 3 4 12 18 13 8 10 15 11 -13 -14 14 -16 16 -18 -19 -20
leaf_value=-0.0024335635131982284 -0.0014855316516173922 0.016184891184622591 0.003145371656608319 0.016220906248781832 0.01424473978224255 0.0074075402425868176 0.0062779004278692221 0.015163393826647241 0.00089019073318120532 -0.0032792828910584958 -0.00022317773916504598 0.017504467727506863 0.00047453942371903095 -0.0076153028197586542 0.009751702292311577 -0.0019253321556074764 0.0036856242051028242 0.018289272150685709 -0.0036758088863190312
leaf_weight=883 736 22 363 64 21 42 103 22 399 672 22 34 849 40 31 317 198 31 81
leaf_count=883 736 22 363 64 21 42 103 22 399 672 22 34 849 40 31 317 198 31 81
internal_value=0 0.000633574 0.00110463 0.00100376 0.0023493 0.00577244 0.00836216 0.000166028 -0.000483913 -0.00144802 0.00207786 0.01054 0.000806924 0.00590869 -3.25259e-05 -0.0017559 0.00023189 0.00905665 0.000108749
internal_weight=0 4047 3311 3289 1262 392 269 2027 1664 1209 455 56 870 205 71 1187 515 134 123
internal_count=4930 4047 3311 3289 1262 392 269 2027 1664 1209 455 56 870 205 71 1187 515 134 123
is_linear=0
shrinkage=0.05


Tree=25
num_leaves=20
num_cat=0
split_feature=5 14 3 18 14 14 1 5 21 14 14 14 5 2 3 14 19 0 2
split_gain=2.59476 1.97907 1.70237 1.62406 1.49707 2.41845 2.86049 2.71197 1.27987 1.73591 1.61597 2.52766 1.91885 2.98274 1.56441 1.97914 1.27044 1.60501 1.58529
threshold=6.5250000000000012 2.6150000000000007 0.56500000000000006 0.14368172505351753 -0.30499999999999994 -0.44499999999999995 9.560008948807478e-05 5.8350000000000009 0.0087793400632140157 1.7150000000000001 1.0750000000000004 1.2350000000000001 7.5450000000000008 0.00012325302137612223 1.8050000000000004 0.9850000000000001 0.0051732944438923631 3.8387150197558272e-05 0.00020747431969647394
decision_type=2 2 2 2 2 2 2 2 2 2 2 2 2 2 2 2 2 2 2
left_child=2 3 -1 8 5 -4 -7 -8 10 -10 14 12 -12 -14 15 -2 17 -13 -19
right_child=1 -3 4 -5 -6 6 7 -9 9 -11 11 16 13 -15 -16 -17 -18 18 -20
leaf_value=0.011464153204498621 0.011435606413417393 -0.0086050226830127769 -0.0032661136578429834 -0.0088691090295712153 -0.00090189753747909641 0.025485658858503613 0.011374582070857286 -0.0092104742303490642 0.020950372313911267 0.0044938048316260524 0.024986150009291514 0.013901801341596774 0.017559839939248974 -0.0068549028851769183 -0.0060273339049984713 -0.0081815563142299663 -0.002453231379123671 0.00021284177043550724 0.0055748043798430026
leaf_weight=29 36 41 66 30 3667 21 48 24 22 59 21 34 29 22 99 20 112 296 258
leaf_count=29 36 41 66 30 3667 21 48 24 22 59 21 34 29 22 99 20 112 296 258
internal_value=0 0.00216946 -0.000604471 0.00259504 -0.000695947 0.00405386 0.00924868 0.0045129 0.00293623 0.00896349 0.00240958 0.003345 0.0122658 0.00702799 -0.00224939 0.00442948 0.00242743 0.00335708 0.00270993
internal_weight=0 1079 3855 1038 3826 159 93 72 1008 81 927 772 72 51 155 56 700 588 554
internal_count=4934 1079 3855 1038 3826 159 93 72 1008 81 927 772 72 51 155 56 700 588 554
is_linear=0
shrinkage=0.05


Tree=26
num_leaves=20
num_cat=0
split_feature=5 14 6 17 5 3 12 4 8 14 15 1 3 1 15 0 2 15 2
split_gain=2.34177 1.8125 1.56163 1.76146 1.56765 1.53639 1.52228 2.24906 1.92392 1.35111 2.80263 3.81059 2.25899 1.70781 1.41479 1.29487 1.30044 2.41231 3.05485
threshold=6.5250000000000012 2.5750000000000006 8.7499999999999929 1.5000000000000071 9.2000000000000011 0.56500000000000006 0.58333333333334692 -6.0000000000000266 1.1666666666667049 -0.30499999999999994 -0.41499999999999992 9.560008948807478e-05 1.6850000000000003 0.00023393562696368141 -0.094999999999999987 3.5506678390403885e-05 0.00014321873531130758 2.9150000000000005 0.00020747431969647394
decision_type=2 2 2 2 2 2 2 2 2 2 2 2 2 2 2 2 2 2 2
left_child=5 2 6 4 -4 -1 8 -8 15 10 -7 -12 13 -13 -11 -2 -17 -18 -19
right_child=1 -3 3 -5 -6 9 7 -9 -10 14 11 12 -14 -15 -16 16 17 18 -20
leaf_value=0.010890945869273153 0.01647561624646187 -0.0068672065519624296 -0.0083780739780353469 0.0050090904070718874 0.0026210787892341613 -0.0054054503915486512 0.015764752846388591 -0.0013822301874093922 -0.00061541295390788136 -0.0047443008795380595 0.027112889967181465 -0.0013040906749665739 -0.0092254923656582832 0.016013040798051017 -0.00060868843415093354 0.0095580437214210119 0.0010111118968270251 0.0017336205889781316 0.022794718859773695
leaf_weight=29 30 54 92 74 50 54 21 214 123 220 22 24 24 35 3447 145 207 36 33
leaf_count=29 30 54 92 74 50 54 21 214 123 220 22 24 24 35 3447 145 207 36 33
internal_value=0 0.00206098 0.00253135 -0.00124563 -0.00450513 -0.000574247 0.00353979 0.000150053 0.00492757 -0.00066115 0.00385117 0.00861171 0.00370779 0.00896878 -0.000856803 0.00643929 0.00572412 0.00370991 0.0118063
internal_weight=0 1079 1025 216 142 3855 809 235 574 3826 159 105 83 59 3667 451 421 276 69
internal_count=4934 1079 1025 216 142 3855 809 235 574 3826 159 105 83 59 3667 451 421 276 69
is_linear=0
shrinkage=0.05


Tree=27
num_leaves=20
num_cat=0
split_feature=5 3 4 8 13 3 10 14 17 15 2 2 8 15 2 14 7 21 6
split_gain=2.16816 1.5488 1.63648 1.50739 1.6013 1.66515 1.85064 1.88569 1.58323 1.50466 2.31634 3.33832 1.78937 1.71077 1.83776 2.42853 1.67441 1.42713 1.32279
threshold=4.3450000000000006 0.56500000000000006 1.0000000180025095e-35 -1.0000000180025095e-35 1.0000000000000122 1.0350000000000004 -6.0000000000000266 1.0000000180025095e-35 -1.4999999999999789 1.9950000000000003 0.00024890558699307698 0.00029961794808363559 0.99999999999999678 1.2350000000000001 0.00013125213201836312 0.24250000000000002 -0.0254350793095483 -0.0069079349543019744 4.0000000000001821
decision_type=2 2 2 2 2 2 2 2 2 2 2 2 2 2 2 2 2 2 2
left_child=1 -1 -3 4 5 -2 -7 -8 -6 12 17 -12 -5 14 15 -14 -15 -11 -13
right_child=3 2 -4 9 8 6 7 -9 -10 10 11 18 13 16 -16 -17 -18 -19 -20
leaf_value=0.010346398476896616 0.017154604094949635 -0.0019412393826806085 0.0014934284200062563 -0.0039115410469168308 -0.0098085959810157164 -0.0013191093872675951 0.012320335025804631 0.0035079948227889467 0.00083161992105570699 -0.0072494153943607371 0.021800913612047834 0.0066036674309344519 0.0021321938269668154 0.010468139015138149 0.00058618155308067801 0.019989914221293998 -0.0049098861730330953 0.00090586770949932526 -0.0036424564818541209
leaf_weight=29 22 1810 429 392 43 174 69 505 187 59 30 105 45 20 192 33 154 591 45
leaf_count=29 22 1810 429 392 43 174 69 505 187 59 30 105 45 20 192 33 154 591 45
internal_value=0 -0.00113444 -0.00128315 0.000968677 0.00250326 0.00359678 0.00319802 0.00456732 -0.00115764 4.7559e-05 0.00155561 0.00657501 -0.00144967 0.000723881 0.00321542 0.00968738 -0.0031423 0.000165619 0.00352983
internal_weight=0 2268 2239 2666 1000 770 748 574 230 1666 830 180 836 444 270 78 174 650 150
internal_count=4934 2268 2239 2666 1000 770 748 574 230 1666 830 180 836 444 270 78 174 650 150
is_linear=0
shrinkage=0.05


Tree=28
num_leaves=20
num_cat=0
split_feature=5 14 16 0 1 18 15 19 17 20 3 5 13 8 20 17 3 2 15
split_gain=1.98794 1.62145 1.44781 1.73284 1.52804 1.36643 1.11704 1.18791 1.59298 1.1525 1.10266 2.8014 1.08966 1.41265 1.73078 3.43642 2.30671 2.06129 3.10779
threshold=6.5250000000000012 2.6150000000000007 8.9999999999999929 3.4981988831889732e-05 0.00021576462218945061 0.14368172505351753 3.4750000000000005 -0.0056763507187495002 2.9999999999999951 0.0077664954013656482 2.0050000000000003 6.1350000000000007 1.9999999999999853 1.5000000000000009 -0.0071697758217343357 -1.9999999999999931 3.1750000000000003 0.00014321873531130758 2.9250000000000003
decision_type=2 2 2 2 2 2 2 2 2 2 2 2 2 2 2 2 2 2 2
left_child=2 5 10 -4 -5 6 7 8 9 -2 -1 -12 13 14 15 -9 17 18 -16
right_child=1 -3 3 4 -6 -7 -8 12 -10 -11 11 -13 -14 -15 16 -17 -18 -19 -20
leaf_value=-0.00085582352259847439 -0.0072514402949147754 -0.007853660705249484 0.015084977075457574 -0.001362613954137419 0.01030916769645716 -0.0082315221180518476 0.0097338225119389041 -0.01213352644816041 0.0084694546615255283 0.0050800803738335768 0.018029068575965035 -0.003034913226177818 -0.00062525294412522632 -0.00098281576613749367 0.014867317510172002 0.0084653691547672931 0.020132636172430857 0.0026168385733857415 -0.0004294925046210386
leaf_weight=3616 90 41 29 107 38 30 52 40 29 24 27 38 169 121 103 41 28 262 49
leaf_count=3616 90 41 29 107 38 30 52 40 29 24 27 38 169 121 103 41 28 262 49
internal_value=0 0.00189887 -0.000529128 0.00392766 0.0016962 0.00228409 0.00259705 0.00220886 -0.00199366 -0.00465533 -0.000739799 0.00571474 0.00294805 0.00388576 0.00501215 -0.00170692 0.00624347 0.00530411 0.00993611
internal_weight=0 1079 3855 174 145 1038 1008 956 143 114 3681 65 813 644 523 81 442 414 152
internal_count=4934 1079 3855 174 145 1038 1008 956 143 114 3681 65 813 644 523 81 442 414 152
is_linear=0
shrinkage=0.05


Tree=29
num_leaves=20
num_cat=0
split_feature=2 15 21 4 15 3 2 18 5 9 9 18 1 21 7 2 22 12 5
split_gain=1.85354 1.15139 1.57415 1.38543 1.04587 1.77074 1.08182 1.38486 1.02038 1.08218 1.87626 2.45879 1.46147 1.45542 1.47282 1.86486 1.28757 1.28115 1.47971
threshold=7.0769011089721426e-05 2.6350000000000002 -0.0050794177481714988 -0.99999999999998412 3.1750000000000003 0.99500000000000011 4.6989263213954058e-05 0.0063633786848072979 2.5550000000000002 6.0000000000000284 12.999999999999996 -0.028937126378975827 0.00013640581537672131 0.004029104574616805 -0.013239555431394765 0.00018945482639317587 1.208130719787537e-05 1 2.9850000000000008
decision_type=2 2 2 2 2 2 2 2 2 2 2 2 2 2 2 2 2 2 2
left_child=1 -1 -3 -4 5 -5 -6 -8 -2 17 11 12 -11 14 -13 -16 -12 18 -10
right_child=8 2 3 4 6 -7 7 -9 9 10 16 13 -14 -15 15 -17 -18 -19 -20
leaf_value=-0.0015263968728203908 0.01187607812739554 -0.0068252267393593986 -0.0018611063203304121 0.020696532726287842 -0.0024516545608639717 0.004896360452546448 -0.00065158537722059665 0.015074087865650655 -0.0037335965246574516 0.008702136131544266 -0.0090869371017271838 0.0017669912289690088 -0.0041315030879699273 0.0013265194241390674 0.0096573051633471151 0.024359052672105679 0.0044834043702174876 -0.0016784797579211743 0.0015255064522401154
leaf_weight=1924 21 48 101 25 60 61 28 28 146 31 44 27 78 43 59 34 29 553 1594
leaf_count=1924 21 48 101 25 60 61 28 28 146 31 44 27 78 43 59 34 29 553 1594
internal_value=0 -0.00104596 0.00158758 0.0029203 0.005311 0.00948943 0.0022132 0.00721125 0.000898154 0.000810763 0.00342157 0.00533179 -0.000481569 0.00921925 0.0120475 0.0150321 -0.00369598 0.000417947 0.00108423
internal_weight=0 2275 351 303 202 86 116 56 2659 2638 345 272 109 163 120 93 73 2293 1740
internal_count=4934 2275 351 303 202 86 116 56 2659 2638 345 272 109 163 120 93 73 2293 1740
is_linear=0
shrinkage=0.05


end of trees

feature_importances:
f_3=79
f_14=61
f_2=52
f_5=51
f_15=49
f_1=39
f_0=37
f_20=24
f_8=22
f_18=21
f_6=16
f_7=16
f_17=16
f_10=15
f_21=12
f_22=12
f_19=11
f_13=8
f_4=7
f_9=7
f_16=7
f_12=5
f_11=3

parameters:
[boosting: gbdt]
[objective: regression]
[metric: binary_logloss]
[tree_learner: serial]
[device_type: cpu]
[data: ]
[valid: ]
[num_iterations: 10]
[learning_rate: 0.05]
[num_leaves: 20]
[num_threads: 0]
[deterministic: 0]
[force_col_wise: 0]
[force_row_wise: 0]
[histogram_pool_size: -1]
[max_depth: -1]
[min_data_in_leaf: 20]
[min_sum_hessian_in_leaf: 0.001]
[bagging_fraction: 0.7]
[pos_bagging_fraction: 1]
[neg_bagging_fraction: 1]
[bagging_freq: 5]
[bagging_seed: 3]
[feature_fraction: 0.9]
[feature_fraction_bynode: 1]
[feature_fraction_seed: 2]
[extra_trees: 0]
[extra_seed: 6]
[early_stopping_round: 0]
[first_metric_only: 0]
[max_delta_step: 0]
[lambda_l1: 0]
[lambda_l2: 0]
[linear_lambda: 0]
[min_gain_to_split: 0]
[drop_rate: 0.1]
[max_drop: 50]
[skip_drop: 0.5]
[xgboost_dart_mode: 0]
[uniform_drop: 0]
[drop_seed: 4]
[top_rate: 0.2]
[other_rate: 0.1]
[min_data_per_group: 100]
[max_cat_threshold: 32]
[cat_l2: 10]
[cat_smooth: 10]
[max_cat_to_onehot: 4]
[top_k: 20]
[monotone_constraints: ]
[monotone_constraints_method: basic]
[monotone_penalty: 0]
[feature_contri: ]
[forcedsplits_filename: ]
[refit_decay_rate: 0.9]
[cegb_tradeoff: 1]
[cegb_penalty_split: 0]
[cegb_penalty_feature_lazy: ]
[cegb_penalty_feature_coupled: ]
[path_smooth: 0]
[interaction_constraints: ]
[verbosity: 0]
[saved_feature_importance_type: 0]
[linear_tree: 0]
[max_bin: 255]
[max_bin_by_feature: ]
[min_data_in_bin: 3]
[bin_construct_sample_cnt: 200000]
[data_random_seed: 1]
[is_enable_sparse: 1]
[enable_bundle: 1]
[use_missing: 1]
[zero_as_missing: 0]
[feature_pre_filter: 1]
[pre_partition: 0]
[two_round: 0]
[header: 0]
[label_column: ]
[weight_column: ]
[group_column: ]
[ignore_column: ]
[categorical_feature: ]
[forcedbins_filename: ]
[precise_float_parser: 0]
[objective_seed: 5]
[num_class: 1]
[is_unbalance: 0]
[scale_pos_weight: 1]
[sigmoid: 1]
[boost_from_average: 1]
[reg_sqrt: 0]
[alpha: 0.9]
[fair_c: 1]
[poisson_max_delta_step: 0.7]
[tweedie_variance_power: 1.5]
[lambdarank_truncation_level: 30]
[lambdarank_norm: 1]
[label_gain: ]
[eval_at: ]
[multi_error_top_k: 1]
[auc_mu_weights: ]
[num_machines: 1]
[local_listen_port: 12400]
[time_out: 120]
[machine_list_filename: ]
[machines: ]
[gpu_platform_id: -1]
[gpu_device_id: -1]
[gpu_use_dp: 0]
[num_gpu: 1]

end of parameters

pandas_categorical:[]
