tree
version=v3
num_class=1
num_tree_per_iteration=1
label_index=0
max_feature_idx=22
objective=regression
feature_names=f_0 f_1 f_2 f_3 f_4 f_5 f_6 f_7 f_8 f_9 f_10 f_11 f_12 f_13 f_14 f_15 f_16 f_17 f_18 f_19 f_20 f_21 f_22
feature_infos=[2.811842593898112e-07:0.0089292451603560918] [2.1333248529010825e-06:0.0055990001705921817] [4.7857545124566229e-06:0.003721014941950642] [0.53000000000000003:6.5599999999999996] [-33.000000000000007:48] [2.4100000000000001:21.82] [-101.00000000000016:144.99999999999994] [-3.0196613872200984:0.53086419753086433] [-81:74] [-46:33.999999999999986] [-51.000000000000021:33.999999999999986] [-33.000000000000007:29.000000000000004] [-41:96.000000000000014] [-36.000000000000007:32.999999999999986] [-0.83999999999999997:2.9100000000000001] [-1.3200000000000001:3.8500000000000001] [-52:73.999999999999972] [-28.000000000000004:24.000000000000004] [-0.29572649572649579:1.1559792027729636] [-0.02958455728073861:0.047292143401983289] [-0.054746473503621829:0.033993115318416534] [-0.078445945945946005:0.045346674363414774] [-0.019984292877423981:0.018327052533256172]
tree_sizes=1816 1883 1874 1892 1859 1886 1885 1886 1884 1881 1898 1876 1879 1887 1911 1862 1858 1882 1911 1907 1901 1869 1868 1898 1890 1864 1850 1874 1868 1845

Tree=0
num_leaves=20
num_cat=0
split_feature=3 1 3 15 15 14 1 15 3 2 2 15 14 2 15 2 15 0 0
split_gain=14.2388 6.09465 5.46139 3.64149 4.96252 8.04427 4.36069 3.13658 6.36055 4.45713 2.96755 6.15855 5.37423 2.81457 3.49196 3.38876 2.79045 3.07356 2.71712
threshold=1.3650000000000004 3.369525924912621e-05 0.56500000000000006 0.25500000000000006 1.6050000000000002 1.2350000000000001 0.00032148717581161789 3.3950000000000005 1.8250000000000004 0.00020755779600017919 0.00019431273379102616 1.1050000000000002 0.63500000000000012 7.7600741652991979e-05 -0.094999999999999987 0.00021139250230451601 1.9550000000000003 0.0001906333786133364 8.7133000605447029e-05
decision_type=2 2 2 2 2 2 2 2 2 2 2 2 2 2 2 2 2 2 2
left_child=2 -2 -1 6 10 16 13 -7 -9 -10 11 12 -5 -3 15 -15 17 -6 -4
right_child=1 3 18 4 5 7 -8 8 9 -11 -12 -13 -14 14 -16 -17 -18 -19 -20
leaf_value=0.21836717554199647 0.19595083695931931 0.22870371400353492 0.19664661326262178 0.20530241650585188 0.2223850326848536 0.2029490888818212 0.19524217554199647 0.222781858081679 0.19375094747182103 0.21782838243854818 0.19468142787844506 0.1959854187852397 0.23098291628273721 0.19381360411342502 0.21844730374712468 0.21456649986632079 0.23399217554199647 0.20024217554199647 0.20028552814315254
leaf_weight=32 254 26 1983 83 42 1027 40 63 57 29 214 148 27 42 78 37 24 25 692
leaf_count=32 254 26 1983 83 42 1027 40 63 57 29 214 148 27 42 78 37 24 25 692
internal_value=0.200255 0.203239 0.197834 0.204182 0.203411 0.205041 0.210197 0.203933 0.210712 0.20187 0.199035 0.202645 0.211606 0.213466 0.210943 0.203533 0.219363 0.214123 0.197588
internal_weight=0 2216 2707 1962 1739 1267 223 1176 149 86 472 258 110 183 157 79 91 67 2675
internal_count=4923 2216 2707 1962 1739 1267 223 1176 149 86 472 258 110 183 157 79 91 67 2675
is_linear=0
shrinkage=1


Tree=1
num_leaves=20
num_cat=0
split_feature=3 1 3 5 1 5 3 5 2 1 3 1 21 5 5 3 3 0 14
split_gain=12.8505 5.50042 4.92891 3.24994 4.68 2.96812 5.49489 6.11648 5.58111 5.52897 4.01694 3.55948 3.29324 3.09918 2.66892 2.62669 4.12676 3.94123 3.64124
threshold=1.3650000000000004 3.369525924912621e-05 0.56500000000000006 4.5050000000000008 0.00014955500870887607 5.455000000000001 1.7850000000000004 6.9350000000000014 4.9286928080083225e-05 0.00012563816255419097 1.7250000000000003 5.4519530079589378e-05 0.011781788743229106 8.1250000000000018 5.9850000000000012 0.77500000000000013 0.8650000000000001 7.1681419366265855e-05 0.13500000000000004
decision_type=2 2 2 2 2 2 2 2 2 2 2 2 2 2 2 2 2 2 2
left_child=2 -2 -1 4 -3 -5 7 8 11 13 -11 -7 -8 -9 -10 -4 18 -18 -17
right_child=1 3 15 5 -6 6 12 9 14 10 -12 -13 -14 -15 -16 16 17 -19 -20
leaf_value=0.017206641705706717 -0.0040888805499696354 0.0033953893088525342 -0.0055278552576251659 -0.0007830717400406622 0.024717188863591713 0.028688695710716829 0.0013258759687311229 0.027543501896254815 0.0057687938378916843 -9.6187529128951001e-05 0.020267052741514316 0.0036765783429145815 0.016957533104079114 0.0093654802351286915 -0.0041920122259588386 0.025493362421790761 -0.0037356766088966101 0.0009651672927246638 0.0026562974322587255
leaf_weight=32 254 62 575 367 44 33 903 81 135 74 36 25 35 33 134 24 1345 667 64
leaf_count=32 254 62 575 367 44 33 903 81 135 74 36 25 35 33 134 24 1345 667 64
internal_value=0 0.00283446 -0.00230025 0.00373076 0.0122459 0.00324444 0.00423711 0.00820014 0.00384006 0.0145651 0.00656815 0.0179076 0.00190915 0.0222814 0.000806905 -0.0025336 -0.00171375 -0.0021773 0.00888459
internal_weight=0 2216 2707 1962 106 1856 1489 551 327 224 110 58 938 114 269 2675 2100 2012 88
internal_count=4923 2216 2707 1962 106 1856 1489 551 327 224 110 58 938 114 269 2675 2100 2012 88
is_linear=0
shrinkage=0.05


Tree=2
num_leaves=20
num_cat=0
split_feature=1 3 3 15 15 14 1 5 2 15 3 2 9 13 15 2 15 2 3
split_gain=11.6462 7.08794 3.46487 3.23632 4.60402 6.74734 3.85742 2.83907 3.02928 2.66483 5.47006 4.00379 2.66166 2.60527 2.47437 2.32268 3.12464 2.79709 2.28496
threshold=3.6238229775427818e-05 1.3650000000000004 0.56500000000000006 0.25500000000000006 1.6050000000000002 1.2350000000000001 0.00032148717581161789 4.7250000000000005 0.00019431273379102616 3.3950000000000005 1.8250000000000004 0.00020755779600017919 -14.000000000000034 -5.9999999999999938 1.905 7.7600741652991979e-05 1.0000000180025095e-35 0.00021139250230451601 0.6150000000000001
decision_type=2 2 2 2 2 2 2 2 2 2 2 2 2 2 2 2 2 2 2
left_child=-1 2 -2 6 7 14 15 8 -5 12 -11 -12 -7 -4 -6 -3 17 -17 -15
right_child=1 3 13 4 5 9 -8 -9 -10 10 11 -13 -14 18 -16 16 -18 -19 -20
leaf_value=-0.0038979720758081701 0.01564066376416914 0.026152533607987256 0.015111210693915687 0.016770496685057878 0.012171981891151519 0.018905374283591906 -0.0048297600075602534 -0.0029590556703841513 -0.0060022985157759294 0.020815423308383853 -0.0062724932243949484 0.016547641132412288 0.0020510919140451639 -0.0060220873078047216 0.030220891921608536 -0.0038748184740543369 0.018521084589883687 0.013517017558563589 -0.0006832314191275382
leaf_weight=1374 31 26 24 40 64 24 40 402 23 63 57 29 977 236 27 50 64 43 1329
leaf_count=1374 31 26 24 40 64 24 40 402 23 63 57 29 977 236 27 50 64 43 1329
internal_value=0 0.00152366 -0.000914628 0.00357137 0.00283093 0.0044209 0.00923594 -0.00141242 0.00845662 0.0033838 0.00962229 0.00142267 0.00245519 -0.00123761 0.0175272 0.0123104 0.0100181 0.00416657 -0.00148832
internal_weight=0 3549 1620 1929 1706 1241 223 465 63 1150 149 86 1001 1589 91 183 157 93 1565
internal_count=4923 3549 1620 1929 1706 1241 223 465 63 1150 149 86 1001 1589 91 183 157 93 1565
is_linear=0
shrinkage=0.05


Tree=3
num_leaves=20
num_cat=0
split_feature=1 3 3 15 15 14 1 5 2 15 3 14 9 3 14 15 15 14 0
split_gain=10.5107 6.39687 3.12704 2.92078 4.15512 6.08947 3.48132 2.56226 2.73393 2.40501 4.93673 3.78837 2.40215 2.36335 3.51568 14.0724 2.57469 6.86182 2.35452
threshold=3.6238229775427818e-05 1.3650000000000004 0.56500000000000006 0.25500000000000006 1.6050000000000002 1.2350000000000001 0.00032148717581161789 4.7250000000000005 0.00019431273379102616 3.3950000000000005 1.8250000000000004 2.5350000000000006 -14.000000000000034 0.77500000000000013 0.90500000000000014 1.6150000000000004 2.3350000000000004 1.9950000000000003 0.0001906333786133364
decision_type=2 2 2 2 2 2 2 2 2 2 2 2 2 2 2 2 2 2 2
left_child=-1 2 -2 6 7 18 -3 8 -5 12 -11 -12 -7 -4 15 -15 -16 -18 -6
right_child=1 3 13 4 5 9 -8 -9 -10 10 11 -13 -14 14 16 -17 17 -19 -20
leaf_value=-0.0037030731703343181 0.014858630299568177 0.011694895113752189 -0.0048646738714486631 0.015931972172111272 0.023308187019493845 0.017960105091333389 -0.0045882718823850163 -0.0028111029657261885 -0.0057021835575933044 0.019774652520815533 0.015689258997639021 -0.0063293890761477612 0.0019485372878389935 0.00012042439920674584 -0.0080193551181226355 0.027772494679202842 0.017557609487663616 -0.004203756531564201 0.0069346026391596417
leaf_weight=1374 31 183 341 40 54 24 40 402 23 63 30 56 977 754 196 49 44 205 37
leaf_count=1374 31 183 341 40 54 24 40 402 23 63 30 56 977 754 196 49 44 205 37
internal_value=0 0.00144748 -0.000868897 0.00339281 0.00268938 0.00419986 0.00877415 -0.0013418 0.00803379 0.00321461 0.00914118 0.00135153 0.00233243 -0.00117573 -0.00016777 0.00180779 -0.00373265 -0.000358375 0.0166508
internal_weight=0 3549 1620 1929 1706 1241 223 465 63 1150 149 86 1001 1589 1248 803 445 249 91
internal_count=4923 3549 1620 1929 1706 1241 223 465 63 1150 149 86 1001 1589 1248 803 445 249 91
is_linear=0
shrinkage=0.05


Tree=4
num_leaves=20
num_cat=0
split_feature=3 15 0 2 3 15 14 0 15 3 2 2 15 14 3 1 15 0 8
split_gain=9.51395 4.35407 4.52569 4.21405 3.68211 3.60154 5.51413 3.40952 3.03253 5.03357 2.9026 2.89579 6.17539 4.16318 2.84566 2.75593 2.6981 2.60855 2.34717
threshold=1.3650000000000004 0.25500000000000006 4.3035730124989558e-05 7.7600741652991979e-05 0.56500000000000006 1.6050000000000002 1.2350000000000001 5.3602500622353474e-05 3.3950000000000005 1.8250000000000004 0.00020755779600017919 0.00019431273379102616 1.1050000000000002 0.57500000000000007 1.635 0.00016622357843723093 -0.094999999999999987 0.0001906333786133364 -1.0000000000000118
decision_type=2 2 2 2 2 2 2 2 2 2 2 2 2 2 2 2 2 2 2
left_child=4 3 -3 -2 -1 11 17 -8 14 -10 -11 12 13 15 -9 -4 -5 -7 -14
right_child=1 2 5 16 -6 6 7 8 9 10 -12 -13 18 -15 -16 -17 -18 -19 -20
leaf_value=0.014880876429378987 0.025796435307711363 -0.0024563681191266187 -0.005535443409763534 0.0004118469252128794 -0.0021809513646865561 0.024100174576044086 0.014975065737962723 -0.0043378434745194039 0.023182140809038413 -0.0060003945434635338 0.014592837861606055 -0.0051458968397449052 0.01147715122926803 0.026890206187963485 0.003139063497202112 0.01859071969985962 0.012114960533015584 0.006587872251465514 -0.0068343132805256616
leaf_weight=32 32 495 29 99 2675 50 61 158 46 44 28 204 21 35 654 20 98 37 105
leaf_count=32 32 495 29 99 2675 50 61 158 46 44 28 204 21 35 654 20 98 37 105
internal_value=0 0.00243885 0.00168644 0.00896736 -0.00197926 0.0030609 0.00458327 0.00352372 0.00277261 0.0102624 0.00200808 -0.000903145 0.00321839 0.0137196 0.0016842 0.00431197 0.0062337 0.0166524 -0.0037824
internal_weight=0 2216 1987 229 2707 1492 1078 991 930 118 72 414 210 84 812 49 197 87 126
internal_count=4923 2216 1987 229 2707 1492 1078 991 930 118 72 414 210 84 812 49 197 87 126
is_linear=0
shrinkage=0.05


Tree=5
num_leaves=20
num_cat=0
split_feature=5 1 14 3 5 3 3 3 14 2 5 6 3 3 3 1 14 2 14
split_gain=10.531 4.53738 2.93686 3.26015 3.06218 2.81212 2.93605 3.72059 6.36166 2.47108 2.30791 2.29739 2.81844 7.18232 2.88608 2.65348 3.79767 6.13641 2.57242
threshold=6.3350000000000009 1.723006725367811e-05 2.0950000000000002 1.7750000000000001 7.0250000000000012 0.56500000000000006 0.77500000000000013 0.87500000000000011 0.17500000000000002 0.00038405198153240169 8.2850000000000019 -11.999999999999831 3.0950000000000002 5.5500000000000007 2.7750000000000004 0.00046152713966101001 1.7650000000000003 0.00017303006931530977 1.6150000000000004
decision_type=2 2 2 2 2 2 2 2 2 2 2 2 2 2 2 2 2 2 2
left_child=1 -1 3 4 -2 -3 -7 8 -8 -9 -6 -5 14 -14 15 16 18 -18 -13
right_child=2 5 -4 11 10 6 7 9 -10 -11 -12 12 13 -15 -16 -17 17 -19 -20
leaf_value=-0.0061162114559140598 0.0021680622615597466 0.015952300429344177 1.7278014164202844e-05 -0.0042326931416252515 0.016458449157930554 -0.0043626151322851909 0.024654797222465278 -0.00085503958497102771 0.00023338429629802702 0.0096697281980723665 -0.00090567547489296305 0.0045936895665284749 0.027403202298141662 -0.0043259381046218256 -0.010451233088970184 -0.0061748985420255103 -0.0014747415878334823 0.020694295013713282 -0.009113340328137081
leaf_weight=448 77 25 329 81 147 511 40 2585 80 57 22 185 42 31 35 51 49 86 42
leaf_count=448 77 25 329 81 147 511 40 2585 80 57 22 185 42 31 35 51 49 86 42
internal_value=0 -0.00139477 0.00402709 0.00558278 0.0104326 -0.000753405 -0.000881007 -0.000236872 0.00837386 -0.000627972 0.014198 0.00360098 0.00481888 0.0139292 0.00333439 0.00450266 0.00600696 0.0126478 0.00205759
internal_weight=0 3746 1177 848 246 3298 3273 2762 120 2642 169 602 521 73 448 413 362 135 227
internal_count=4923 3746 1177 848 246 3298 3273 2762 120 2642 169 602 521 73 448 413 362 135 227
is_linear=0
shrinkage=0.05


Tree=6
num_leaves=20
num_cat=0
split_feature=5 1 15 14 14 2 5 3 5 3 3 3 3 14 14 15 3 15 2
split_gain=9.50423 4.09499 3.09978 5.60003 5.51101 3.84074 3.29863 2.71161 6.35765 3.59094 2.53794 2.64978 3.35783 5.7414 2.44709 2.87145 2.55825 4.51236 2.96526
threshold=6.3350000000000009 1.723006725367811e-05 0.29500000000000004 1.0950000000000004 1.2350000000000001 0.00014480843058850944 8.0250000000000004 3.0950000000000002 10.195000000000002 2.5150000000000001 0.56500000000000006 0.77500000000000013 0.87500000000000011 0.17500000000000002 2.0950000000000002 1.5750000000000004 2.1750000000000003 2.9150000000000005 0.00017303006931530977
decision_type=2 2 2 2 2 2 2 2 2 2 2 2 2 2 2 2 2 2 2
left_child=1 -1 6 -4 5 -5 -2 9 -9 14 -3 -12 13 -13 15 -6 17 -17 -19
right_child=2 10 3 4 7 -7 -8 8 -10 -11 11 12 -14 -15 -16 16 -18 18 -20
leaf_value=-0.0058104008851972014 0.01900860236492008 0.015154685378074646 -0.0079146358583654687 0.024138213084502657 -0.0054977716600641295 -0.00058075819503177297 -0.0004528606028267832 0.035517002940177921 0.0052354996766035382 -0.005475078467969542 -0.0041444843441772834 0.023422057479619979 -0.00059657369702941637 0.00022171488031744958 -0.0004189513031408877 -0.0031677550747990606 0.014334731526894146 0.0067690062414233884 0.024778025994698208
leaf_weight=448 64 25 105 55 47 22 33 20 130 135 511 40 2642 80 239 100 101 96 30
leaf_count=448 64 25 105 55 47 22 33 20 130 135 511 40 2642 80 239 100 101 96 30
internal_value=0 -0.00132503 0.00382573 0.00305674 0.00423827 0.0170756 0.0123877 0.00313752 0.00927303 0.00190714 -0.000715735 -0.000836957 -0.000225028 0.00795516 0.00353291 0.0060583 0.00771926 0.00476279 0.0110569
internal_weight=0 3746 1177 1080 975 77 97 898 150 748 3298 3273 2762 120 613 374 327 226 126
internal_count=4923 3746 1177 1080 975 77 97 898 150 748 3298 3273 2762 120 613 374 327 226 126
is_linear=0
shrinkage=0.05


Tree=7
num_leaves=20
num_cat=0
split_feature=5 1 15 14 14 2 5 3 5 3 5 3 3 3 14 2 14 15 3
split_gain=8.57757 3.69672 2.79755 5.05403 4.97369 3.46627 2.97701 2.44723 5.73778 3.24082 2.30558 2.28679 2.33376 3.02679 5.18161 2.22856 2.2085 2.59149 2.30882
threshold=6.3350000000000009 1.7447089063750597e-05 0.29500000000000004 1.0950000000000004 1.2350000000000001 0.00014480843058850944 8.0250000000000004 3.0950000000000002 10.195000000000002 2.5150000000000001 17.240000000000006 0.56500000000000006 0.77500000000000013 0.87500000000000011 0.17500000000000002 0.00038405198153240169 2.0950000000000002 1.5750000000000004 2.1750000000000003
decision_type=2 2 2 2 2 2 2 2 2 2 2 2 2 2 2 2 2 2 2
left_child=1 -1 6 -4 5 -5 -2 9 -9 16 -10 -3 -13 14 -14 -15 17 -6 -19
right_child=2 11 3 4 7 -7 -8 8 10 -11 -12 12 13 15 -16 -17 -18 18 -20
leaf_value=-0.0054310332687311277 0.018058172462042422 0.01439695179462433 -0.0075189040530295598 0.02293130247430368 -0.0052228831864417867 -0.00055171996355056767 -0.0004302174756021211 0.03374115400016308 0.0088575456637082651 -0.0052013246052794995 -0.0064423553871385993 -0.0039001460773117214 0.022250954899936917 -0.0007794317570667059 0.00021062919870018959 0.0092160706065203025 -0.00039800401449702276 0.0045246476126191894 0.013617994732195788
leaf_weight=465 64 25 105 55 47 22 33 20 97 135 33 507 40 2572 80 57 239 226 101
leaf_count=465 64 25 105 55 47 22 33 20 97 135 33 507 40 2572 80 57 239 226 101
internal_value=0 -0.00125878 0.00363445 0.0029039 0.00402636 0.0162219 0.0117683 0.00298064 0.00880938 0.00181178 0.00497372 -0.000667462 -0.000783129 -0.000208255 0.0075574 -0.000562717 0.00335626 0.00575538 0.0073333
internal_weight=0 3746 1177 1080 975 77 97 898 150 748 130 3281 3256 2749 120 2629 613 374 327
internal_count=4923 3746 1177 1080 975 77 97 898 150 748 130 3281 3256 2749 120 2629 613 374 327
is_linear=0
shrinkage=0.05


Tree=8
num_leaves=20
num_cat=0
split_feature=3 0 3 5 5 4 15 2 5 1 9 21 15 13 18 13 1 15 1
split_gain=7.88516 3.12531 2.44484 2.30257 2.74879 2.2582 2.9232 3.58303 2.22403 2.19795 2.48532 2.21561 2.0689 2.37135 2.05644 1.93582 1.89975 2.14306 1.87049
threshold=1.3650000000000004 2.5669913637477113e-05 0.56500000000000006 4.4050000000000011 5.455000000000001 -0.99999999999998412 3.3250000000000006 0.00020477772997301913 7.5150000000000006 0.00010346792792928601 4.7499999999999885 0.0041922312719860919 0.42500000000000004 -7.9999999999999725 -0.014094118853246849 -5.9999999999999938 0.00046152713966101001 2.4150000000000005 0.00017482005827793791
decision_type=2 2 2 2 2 2 2 2 2 2 2 2 2 2 2 2 2 2 2
left_child=2 -2 -1 18 -5 6 8 -8 -6 10 -7 12 14 -14 -11 -4 17 -10 -3
right_child=1 3 15 4 5 9 7 -9 16 11 -12 -13 13 -15 -16 -17 -18 -19 -20
leaf_value=0.013677104115486144 -0.0025880610952708897 0.0062707842362147784 0.010193229629658164 -0.0012417838562533495 -0.0047353516858403052 0.0069275998660162392 0.003409380695837386 0.027037340615476881 0.012171836953554581 0.023382809084086194 0.021510036989594951 0.0093342106079771416 0.015879025399684908 6.1546564758611672e-05 0.0037929569345873759 -0.0021782955637062373 -0.0056592120843775131 0.00018241892435720989 0.023297551533450252
leaf_weight=25 302 54 32 382 202 255 68 21 67 21 33 126 25 454 37 2661 51 84 23
leaf_count=25 302 54 32 382 202 255 68 21 67 21 33 126 25 454 37 2661 51 84 23
internal_value=0 0.00213723 -0.0018868 0.00288711 0.00252996 0.00352775 0.000781536 0.00898452 -0.00102556 0.00495139 0.0085985 0.00336713 0.00196703 0.000887093 0.0108858 -0.00203129 0.00268424 0.00550223 0.0113567
internal_weight=0 2205 2718 1903 1826 1444 493 89 404 951 288 663 537 479 58 2693 202 151 77
internal_count=4923 2205 2718 1903 1826 1444 493 89 404 951 288 663 537 479 58 2693 202 151 77
is_linear=0
shrinkage=0.05


Tree=9
num_leaves=20
num_cat=0
split_feature=3 0 3 5 5 4 15 2 3 0 5 5 5 1 13 14 1 15 0
split_gain=7.11636 2.82059 2.20647 2.07807 2.48079 2.03803 2.63819 3.23369 2.03677 2.31737 2.10011 2.26611 2.00719 1.80611 2.14212 1.79748 1.71452 1.93411 1.85511
threshold=1.3650000000000004 2.5669913637477113e-05 0.56500000000000006 4.4050000000000011 5.455000000000001 -0.99999999999998412 3.3250000000000006 0.00020477772997301913 1.6650000000000003 8.2766485828757459e-05 7.6950000000000012 6.035000000000001 7.5150000000000006 1.723006725367811e-05 -5.9999999999999938 2.5250000000000004 0.00046152713966101001 2.4150000000000005 0.00020111043780451454
decision_type=2 2 2 2 2 2 2 2 2 2 2 2 2 2 2 2 2 2 2
left_child=2 -2 -1 -3 -5 6 12 15 9 10 11 -7 -6 -4 -15 -8 17 -14 -19
right_child=1 3 13 4 5 8 7 -9 -10 -11 -12 -13 16 14 -16 -17 -18 18 -20
leaf_value=0.012993248105049133 -0.0024586584542366056 0.010788866529217015 -0.0052366570012862459 -0.0011796947490638463 -0.0044985841111381463 0.019815153904535154 0.011861225427128376 0.025685474205584754 0.0035742993825503312 0.0049642848183533983 0.028544788031528396 -0.0023904411122202874 0.011563244917944297 0.012323824449309281 -0.0015895499348459589 -0.0044253671955731188 -0.0053762514655496564 -0.0065801884007194765 0.0083485706660308343
leaf_weight=25 302 77 358 382 202 27 32 21 768 112 24 20 67 28 2307 36 51 46 38
leaf_count=25 302 77 358 382 202 27 32 21 768 112 24 20 67 28 2307 36 51 46 38
internal_value=0 0.00203036 -0.00179246 0.00274276 0.00240346 0.00335136 0.00074246 0.00853529 0.00470382 0.00944413 0.0165109 0.010366 -0.000974278 -0.00192972 -0.00142271 0.00323891 0.00255003 0.00522712 0.000173298
internal_weight=0 2205 2718 1903 1826 1444 493 89 951 183 71 47 404 2693 2335 68 202 151 84
internal_count=4923 2205 2718 1903 1826 1444 493 89 951 183 71 47 404 2693 2335 68 202 151 84
is_linear=0
shrinkage=0.05


Tree=10
num_leaves=20
num_cat=0
split_feature=1 3 1 3 11 1 12 15 12 6 20 15 20 7 22 20 0 16 20
split_gain=6.33612 4.22764 2.66361 2.45814 2.08464 1.92317 1.7025 1.68508 1.69219 2.40675 1.95081 1.62571 1.62171 1.89429 1.86879 1.79498 1.65523 1.7832 1.6191
threshold=3.5901650173269201e-05 1.0750000000000004 0.00011537701127928018 0.57500000000000007 -9.9999999999999947 0.00028823573477699882 -1.9999999999999849 3.6350000000000002 1 2.9999999999999587 -0.0023873252087971415 -0.45499999999999996 -0.0018789345506132757 0.0076597608867174935 -1.2081453157675169e-05 0.0024064272314217043 6.5189571097888939e-05 -7.2500000000000115 0.003164856763113844
decision_type=2 2 2 2 2 2 2 2 2 2 2 2 2 2 2 2 2 2 2
left_child=11 2 3 -2 5 6 -3 8 10 -10 -6 -1 -12 16 -15 -16 -14 -18 -17
right_child=1 4 -4 -5 7 -7 -8 -9 9 -11 12 -13 13 14 15 18 17 -19 -20
leaf_value=0.010934045343171984 0.010853771611731103 0.0077964544776947271 -0.0063518613736772743 -0.00097345511413789621 0.000297193856214949 0.0015990285575389861 0.025534601664791507 0.014100919610687665 -0.0014908667228051595 0.005843453613274238 0.011992557256900032 -0.0030866940704624307 -0.0018579674903118966 0.011374086403846741 -0.0011884036958217622 0.020949770361185074 -0.0055471438914537433 0.004365384265476344 0.0051895478740334516
leaf_weight=21 47 31 233 673 587 45 24 28 630 136 58 1335 202 125 100 20 50 490 88
leaf_count=21 47 31 233 673 587 45 24 28 630 136 58 1335 202 125 100 20 50 490 88
internal_value=0 0.00114571 -0.00170513 -0.0002014 0.00218506 0.00926477 0.0155367 0.00190345 0.00176607 -0.00018869 0.00263662 -0.00286956 0.00384866 0.00340927 0.00654233 0.00363863 0.0020032 0.00344756 0.00810811
internal_weight=0 3567 953 720 2614 100 55 2514 2486 766 1720 1356 1133 1075 333 208 742 540 108
internal_count=4923 3567 953 720 2614 100 55 2514 2486 766 1720 1356 1133 1075 333 208 742 540 108
is_linear=0
shrinkage=0.05


Tree=11
num_leaves=20
num_cat=0
split_feature=1 3 5 1 1 3 11 17 12 11 17 0 15 22 8 6 18 3 2
split_gain=5.71835 3.81545 5.14524 3.08176 2.40391 2.21847 1.8869 1.87596 1.78594 2.06426 2.59188 2.20086 1.86635 1.69287 1.66544 1.62778 2.77034 1.56677 1.56504
threshold=3.5901650173269201e-05 1.0750000000000004 3.6450000000000005 7.8772552696456348e-05 0.00011537701127928018 0.57500000000000007 -9.9999999999999947 -2.9999999999999982 1 -1.0000000000000451 2.0000000000000013 0.00028313587528597288 3.6050000000000004 0.00044314913293719288 2.0000000000000013 2.000000000000091 0.173196612590552 1.9450000000000001 8.5733822665113373e-05
decision_type=2 2 2 2 2 2 2 2 2 2 2 2 2 2 2 2 2 2 2
left_child=-1 4 3 -3 5 18 7 17 12 10 11 -10 13 15 -11 -8 -17 -4 -2
right_child=1 2 6 -5 -6 -7 8 -9 9 14 -12 -13 -14 -15 -16 16 -18 -19 -20
leaf_value=-0.0026988201589381276 0.01832582698046015 0.0020379420742392541 0.012957390498103839 0.025553557353094222 -0.0059739258145761597 -0.00091553447040193688 0.0042418374989481901 0.018758256451785565 -0.00049350205116619275 -0.0030709203228354454 0.020544076135115965 0.016805495521851951 0.017008584290742874 -0.001266135798690662 0.0042151789717621863 8.2565706074237821e-05 0.018853052068501713 -0.0022327148114762653 0.00015729490028960365
leaf_weight=1356 26 22 28 36 233 673 844 30 127 495 21 21 21 292 91 525 20 41 21
leaf_count=1356 26 22 28 36 233 673 844 30 127 495 21 21 21 292 91 525 20 41 21
internal_value=0 0.00107754 0.00205505 0.0166338 -0.00160368 -0.000189417 0.00172423 0.00842438 0.00145427 -0.000549481 0.00427021 0.00196109 0.00234312 0.00215991 -0.00193946 0.00288014 0.000771391 0.00393139 0.010208
internal_weight=0 3567 2614 58 953 720 2556 99 2457 755 169 148 1702 1681 586 1389 545 69 47
internal_count=4923 3567 2614 58 953 720 2556 99 2457 755 169 148 1702 1681 586 1389 545 69 47
is_linear=0
shrinkage=0.0495


Tree=12
num_leaves=20
num_cat=0
split_feature=1 3 1 3 18 15 0 14 15 14 2 14 15 9 15 14 2 3 3
split_gain=5.16624 3.44707 2.17181 2.00428 1.78095 1.90563 1.69093 1.56456 2.55672 7.26224 3.27633 2.17781 3.16526 3.12077 2.01635 1.87292 2.30623 1.83025 2.39867
threshold=3.5901650173269201e-05 1.0750000000000004 0.00011537701127928018 0.57500000000000007 0.173196612590552 3.6350000000000002 0.00015797716419025605 2.0750000000000006 2.0050000000000003 1.2625000000000004 4.3200936166914795e-05 0.70500000000000007 1.6150000000000004 -5.0000000000000151 3.3050000000000002 0.57500000000000007 0.00015478952290509237 1.905 2.5050000000000003
decision_type=2 2 2 2 2 2 2 2 2 2 2 2 2 2 2 2 2 2 2
left_child=-1 2 3 -2 5 7 -6 8 11 -10 -11 12 15 -13 17 -3 -17 -12 -19
right_child=1 4 -4 -5 6 -7 -8 -9 9 10 14 13 -14 -15 -16 16 -18 18 -20
leaf_value=-0.0025395762263411507 0.0096056503653558015 0.0014103944834784562 -0.0056214342635422304 -0.00086151339355607093 -0.0012806825491573129 0.014446824218990014 0.015750299211479725 -0.00065447012470209087 0.030892640577203038 0.018124476985763759 -0.0018365841396232397 0.0083414613308401692 0.016804294530563056 -0.0030398366489301802 0.011299251538698199 0.020913690081685782 3.5667209727689624e-05 0.011588103709670786 0.0010403118036261627
leaf_weight=1356 47 821 233 673 21 28 42 575 25 36 197 67 36 424 59 27 24 78 154
leaf_count=1356 47 821 233 673 21 28 42 575 25 36 197 67 36 424 59 27 24 78 154
internal_value=0 0.00101396 -0.00150905 -0.00017824 0.00193379 0.00173278 0.0100733 0.00159168 0.00225469 0.00508875 0.00385765 0.00114253 0.00256433 -0.00148679 0.00280518 0.00197644 0.0110887 0.001637 0.00458655
internal_weight=0 3567 953 720 2614 2551 63 2523 1948 549 524 1399 908 491 488 872 51 429 232
internal_count=4923 3567 953 720 2614 2551 63 2523 1948 549 524 1399 908 491 488 872 51 429 232
is_linear=0
shrinkage=0.049005


Tree=13
num_leaves=20
num_cat=0
split_feature=1 3 5 1 1 3 15 12 9 15 2 20 17 0 21 8 3 16 20
split_gain=4.67428 2.98088 4.66779 2.48217 2.02183 1.78217 1.5289 1.56406 2.68116 1.46195 1.41393 1.34566 1.31166 2.09199 1.7132 1.69072 1.81029 1.76215 1.53777
threshold=3.6238229775427818e-05 1.0750000000000004 3.6450000000000005 7.8772552696456348e-05 0.00011537701127928018 0.57500000000000007 3.6350000000000002 1 -6.0000000000000266 -0.45499999999999996 8.5733822665113373e-05 0.0076067382635651723 -2.9999999999999853 0.00029143874867193221 -0.0014273823123144844 -2.0000000000000004 1.8050000000000004 5.0000000000000169 0.00038363171982835903
decision_type=2 2 2 2 2 2 2 2 2 2 2 2 2 2 2 2 2 2 2
left_child=9 4 3 -3 5 10 7 11 -9 -1 -2 -4 13 18 15 -14 17 -17 -10
right_child=1 2 6 -5 -6 -7 -8 8 12 -11 -12 -13 14 -15 -16 16 -18 -19 -20
leaf_value=0.010332968592641715 0.016606048256648822 0.0022859154157838651 0.0017491002625043286 0.023273752252631265 -0.0052924963612584535 -0.0007312373408910189 0.012579399055502925 0.010142523246074583 0.0071686693032617238 -0.0025666224986671858 -0.00031948450038677881 0.0064954509299488478 0.014944945218840391 0.017497791536277958 -0.0039505529098870567 8.0825774030978309e-05 -0.0067878549896625059 0.013716282384239808 -0.0065446364774247208
leaf_weight=21 26 21 1615 36 233 666 29 52 38 1353 21 154 20 21 401 87 60 30 39
leaf_count=21 26 21 1615 36 233 666 29 52 38 1353 21 154 20 21 401 87 60 30 39
internal_value=0 0.000963274 0.0018109 0.0155414 -0.00136904 -8.68948e-05 0.0015035 0.00137589 -0.000483944 -0.00236947 0.00904358 0.00216229 -0.00127788 0.00392472 -0.00213047 0.00157435 6.35538e-05 0.0035771 0.000222969
internal_weight=0 3549 2603 57 946 713 2546 2517 748 1374 47 1769 696 98 598 197 177 117 77
internal_count=4923 3549 2603 57 946 713 2546 2517 748 1374 47 1769 696 98 598 197 177 117 77
is_linear=0
shrinkage=0.048515


Tree=14
num_leaves=20
num_cat=0
split_feature=1 3 5 1 1 3 3 5 1 1 4 15 14 15 0 15 22 20 0
split_gain=4.23424 2.82866 4.03347 2.42807 1.7762 1.64207 1.52239 2.33472 3.54841 2.33537 2.01611 1.79378 3.06687 2.12351 2.58834 1.78772 1.76846 1.74104 1.71371
threshold=3.5901650173269201e-05 1.0750000000000004 3.6450000000000005 7.8772552696456348e-05 0.00011537701127928018 0.57500000000000007 1.3650000000000004 4.5050000000000008 0.00014955500870887607 4.316804136646033e-05 -0.99999999999998412 3.3550000000000004 2.5525000000000002 0.29500000000000004 0.00017786657051122807 0.63500000000000012 0.00069376932476994402 0.012261357751584658 6.8921765488668424e-05
decision_type=2 2 2 2 2 2 2 2 2 2 2 2 2 2 2 2 2 2 2
left_child=-1 4 3 -3 5 -2 18 8 15 -9 11 13 -13 14 -11 -8 17 -12 -4
right_child=1 2 6 -5 -6 -7 7 9 -10 10 16 12 -14 -15 -16 -17 -18 -19 -20
leaf_value=-0.002253383977177561 0.0085187796607315205 0.0016700130334650837 -0.0041667510451478184 0.021923181284906303 -0.0049853737442756858 -0.00076695294322859137 0.0084505564421988866 0.010243077353680994 0.019453874384777203 0.014814641694527344 0.002992781164899469 0.016937033214345951 -0.0029575715776256162 -0.0031459535117313903 -0.0038078507230971601 -0.0086704730313885599 -0.0019473940963830128 0.016969769270498078 0.0011665279525768797
leaf_weight=1356 47 22 210 36 233 673 34 71 44 36 979 33 39 446 33 24 175 21 411
leaf_count=1356 47 22 210 36 233 673 34 71 44 36 979 33 39 446 33 24 175 21 411
internal_value=0 0.000899675 0.00171634 0.0142409 -0.00134037 -0.000160801 0.00143213 0.00209618 0.00916861 0.00170263 0.00135849 -0.00094012 0.00616079 -0.00193287 0.00590823 0.00136599 0.00250681 0.0032863 -0.000636996
internal_weight=0 3567 2614 58 953 720 2556 1935 102 1833 1762 587 72 515 69 58 1175 1000 621
internal_count=4923 3567 2614 58 953 720 2556 1935 102 1833 1762 587 72 515 69 58 1175 1000 621
is_linear=0
shrinkage=0.0480298


Tree=15
num_leaves=20
num_cat=0
split_feature=5 3 1 6 3 5 3 1 3 3 3 15 2 14 5 15 0 5 3
split_gain=4.83588 3.76469 3.4163 2.98782 2.51919 4.7595 2.62037 2.41263 2.26785 2.94839 2.49087 4.42574 3.56264 2.5864 2.30054 2.26361 1.95287 1.93687 1.73874
threshold=7.0550000000000006 1.7850000000000004 0.00012058678502109244 4.9999999999999609 3.0950000000000002 9.9450000000000021 2.4450000000000007 1.723006725367811e-05 2.1950000000000007 2.2950000000000004 2.0450000000000004 2.8650000000000007 0.00018173542950564853 -0.052499999999999998 9.2950000000000017 1.7150000000000001 0.00018126592178126631 17.240000000000006 2.2950000000000004
decision_type=2 2 2 2 2 2 2 2 2 2 2 2 2 2 2 2 2 2 2
left_child=7 2 3 15 6 -6 8 -1 10 14 11 13 -13 -3 -10 -2 -11 -7 -9
right_child=1 4 -4 -5 5 17 -8 18 9 16 -12 12 -14 -15 -16 -17 -18 -19 -20
leaf_value=-0.0040683177178125795 0.029600263948281615 0.0091428422566575442 0.0027607777827901485 0.002589680352872231 0.027666457977398608 0.0066207644922405516 -0.0059108509451231165 -0.00048509875971840087 0.0063099170237127192 0.010373325542702263 -0.0091919746172804354 0.00012863581062732868 0.026694927532160854 -0.0064267649987469885 0.027597342945927635 0.0128249820840382 -0.0043385518654170127 -0.0066809789000368868 0.0092467184566253149
leaf_weight=449 31 32 116 33 21 99 138 3548 24 34 62 21 25 98 22 44 51 33 42
leaf_count=449 31 32 116 33 21 99 138 3548 24 34 62 21 25 98 22 44 51 33 42
internal_value=0 0.00310048 0.00842686 0.0145127 0.00129274 0.00664039 -0.000321047 -0.000782234 0.00176945 0.00679394 -0.000996134 0.00189104 0.0145668 -0.00259425 0.0164909 0.0197588 0.0015462 0.00329533 -0.000371245
internal_weight=0 884 224 108 660 153 507 4039 369 131 238 176 46 130 46 75 85 132 3590
internal_count=4923 884 224 108 660 153 507 4039 369 131 238 176 46 130 46 75 85 132 3590
is_linear=0
shrinkage=0.0475495


Tree=16
num_leaves=20
num_cat=0
split_feature=5 3 1 6 3 5 3 1 3 3 3 15 5 14 5 15 0 1 8
split_gain=4.38692 3.41518 3.09914 2.71043 2.28531 4.31764 2.3771 2.18865 2.0573 2.67467 2.25962 4.01486 3.32881 2.34629 2.08697 2.05346 1.77157 1.77142 1.88753
threshold=7.0550000000000006 1.7850000000000004 0.00012058678502109244 4.9999999999999609 3.0950000000000002 9.9450000000000021 2.4450000000000007 1.723006725367811e-05 2.1950000000000007 2.2950000000000004 2.0450000000000004 2.8650000000000007 8.5950000000000006 -0.052499999999999998 9.2950000000000017 1.7150000000000001 0.00018126592178126631 0.0003034757790248153 2.0000000000000013
decision_type=2 2 2 2 2 2 2 2 2 2 2 2 2 2 2 2 2 2 2
left_child=7 2 3 15 6 -6 8 -1 10 14 11 13 -13 -3 -10 -2 -11 -7 -19
right_child=1 4 -4 -5 5 17 -8 -9 9 16 -12 12 -14 -15 -16 -17 -18 18 -20
leaf_value=-0.0038361225142071352 0.027910858324078237 0.0086210235270352889 0.0026032092618991009 0.0024418771236347451 0.026087422644779937 0.01361699721868578 -0.0055734950293200138 -0.00035005613852965759 0.0059497849688177002 0.0097812781834267157 -0.0086673518279789842 0.0021293489408060369 0.027552236729131725 -0.0060599637510964123 0.026022251617325388 0.012093008802195378 -0.0040909332914055322 -0.003007146784361489 0.012521238548801172
leaf_weight=449 31 32 116 33 21 28 138 3590 24 34 62 25 21 98 22 44 51 82 22
leaf_count=449 31 32 116 33 21 28 138 3590 24 34 62 25 21 98 22 44 51 82 22
internal_value=0 0.00292352 0.00794591 0.0136844 0.00121896 0.00626139 -0.000302724 -0.000737589 0.00166846 0.00640619 -0.000939281 0.00178311 0.0137354 -0.00244618 0.0155497 0.0186311 0.00145795 0.00310725 0.000277704
internal_weight=0 884 224 108 660 153 507 4039 369 131 238 176 46 130 46 75 85 132 104
internal_count=4923 884 224 108 660 153 507 4039 369 131 238 176 46 130 46 75 85 132 104
is_linear=0
shrinkage=0.047074


Tree=17
num_leaves=20
num_cat=0
split_feature=3 15 2 15 14 15 2 15 2 3 3 2 21 3 0 15 6 7 16
split_gain=3.99376 2.04903 2.92543 2.1922 4.12858 2.00819 3.03558 2.38244 4.13367 3.86345 2.31336 2.77456 2.25387 2.09501 2.74542 1.91658 1.70967 2.00282 1.67024
threshold=1.3650000000000004 0.25500000000000006 7.7600741652991979e-05 2.0050000000000003 1.2750000000000001 2.1950000000000007 0.00033799561729511385 2.9150000000000005 0.00018173542950564853 1.9750000000000003 2.1950000000000007 0.0001069630916373043 0.007789549633419158 1.8250000000000004 4.1710586052203577e-05 3.5450000000000004 -7.4999999999999281 0.0082053022435760754 6.9999999999999973
decision_type=2 2 2 2 2 2 2 2 2 2 2 2 2 2 2 2 2 2 2
left_child=-1 2 -2 -3 -5 6 10 12 13 -10 11 -6 -7 14 -9 16 -16 -18 -4
right_child=1 3 18 4 5 7 -8 8 9 -11 -12 -13 -14 -15 15 -17 17 -19 -20
leaf_value=-0.0012712035564126621 0.02070006060964516 -0.00086475472425156066 0.0054381187376528308 0.02225670833172945 0.010229027041138178 -0.0024159522472595825 -0.0042723807075022895 -0.0026971486205188766 0.022424749121508061 0.0047932573793226943 0.017631544870650745 -0.009540822375577053 0.0085583374914477983 -0.0039857099001758215 -0.006041188046182905 0.020962935903677087 0.0031204549746204065 0.017195094015111458 -0.0074829394706865272
leaf_weight=2718 25 848 166 22 58 420 43 94 41 79 52 21 45 127 23 20 62 34 25
leaf_count=2718 25 848 166 22 58 420 43 94 41 79 52 21 45 127 23 20 62 34 25
internal_value=0 0.00139807 0.00570905 0.000929911 0.00226372 0.00187065 0.00647158 0.0010235 0.00332662 0.0108174 0.00999822 0.00497375 -0.00135392 0.00082971 0.00345442 0.00761448 0.00537104 0.00810522 0.00374688
internal_weight=0 2205 216 1989 1141 1119 174 945 480 120 131 79 465 360 233 139 119 96 191
internal_count=4923 2205 216 1989 1141 1119 174 945 480 120 131 79 465 360 233 139 119 96 191
is_linear=0
shrinkage=0.0466033


Tree=18
num_leaves=20
num_cat=0
split_feature=5 1 14 6 6 1 13 14 15 1 5 15 1 2 14 15 5 14 19
split_gain=3.76448 2.92608 2.01339 2.26592 1.99941 1.93202 1.36473 1.32634 5.15705 5.00447 2.00474 1.95697 3.4144 3.64152 3.37848 2.38497 3.67795 2.69794 2.0001
threshold=7.0550000000000006 9.7875073590182647e-05 2.4850000000000008 5.9999999999999174 -4.0000000000000471 1.723006725367811e-05 -6.4999999999999938 0.28500000000000009 0.94500000000000006 0.00012563816255419097 5.6850000000000014 1.6150000000000004 0.00017190774420111076 4.5640368918896974e-05 1.4150000000000003 2.3350000000000004 3.1050000000000004 2.0450000000000004 -0.00097553050270254838
decision_type=2 2 2 2 2 2 2 2 2 2 2 2 2 2 2 2 2 2 2
left_child=5 2 3 4 -2 -1 -7 8 10 -10 -8 -9 13 15 -14 16 -13 18 -17
right_child=1 -3 -4 -5 -6 6 7 11 9 -11 -12 12 14 -15 -16 17 -18 -19 -20
leaf_value=-0.0035215437936325319 0.0045280477427397398 0.0014993634359725073 -0.0044301195218967105 -0.00043670812411468577 0.019167581449724663 0.0072576949609962204 -0.00092145837990727838 -0.0024831182297076126 0.020437436473692359 0.0019668571440211477 0.0056928189067237565 0.016393521876761716 0.024775053756408583 -0.0024402380805239091 0.0035905927698459245 0.022523390700484737 -0.0027310979965204231 0.0030451604709619742 0.0060799764117380429
leaf_weight=449 29 743 21 28 63 50 928 1089 53 76 109 24 22 743 59 31 198 176 32
leaf_count=449 29 743 21 28 63 50 928 1089 53 76 109 24 22 743 59 31 198 176 32
internal_value=0 0.0026557 0.00874901 0.0110554 0.0145529 -0.000668263 -0.000311405 -0.000418313 0.000855977 0.00955554 -0.000226226 -0.00104419 0.000175268 -0.000441592 0.0093444 0.00277965 -0.000663572 0.00597796 0.0141712
internal_weight=0 884 141 120 92 4039 3590 3540 1166 129 1037 2374 1285 1204 81 461 222 239 63
internal_count=4923 884 141 120 92 4039 3590 3540 1166 129 1037 2374 1285 1204 81 461 222 239 63
is_linear=0
shrinkage=0.0461372


Tree=19
num_leaves=20
num_cat=0
split_feature=3 15 1 15 14 15 1 15 2 3 21 3 0 2 20 6 7 5 15
split_gain=3.42601 1.77461 2.7747 1.89152 3.61746 1.86238 3.37524 2.13877 3.51104 3.73695 2.0863 1.93264 2.80712 1.8177 1.78263 2.08203 1.94312 1.77128 2.49494
threshold=1.3650000000000004 0.25500000000000006 0.00032148717581161789 2.0050000000000003 1.2750000000000001 2.1950000000000007 0.00046152713966101001 2.8650000000000007 0.00018173542950564853 1.9750000000000003 0.007789549633419158 1.8250000000000004 4.1710586052203577e-05 7.7600741652991979e-05 -0.0046103245871750289 -7.4999999999999281 0.0076597608867174935 2.5950000000000002 -0.21499999999999997
decision_type=2 2 2 2 2 2 2 2 2 2 2 2 2 2 2 2 2 2 2
left_child=17 2 13 -3 -5 6 -6 10 11 -10 -7 12 -9 -2 -14 -16 -17 -1 -19
right_child=1 3 -4 4 5 7 -8 8 9 -11 -12 -13 14 -15 15 16 -18 18 -20
leaf_value=0.006296629106805251 0.019013011515375794 -0.00079052947097809051 -0.0060018778340379438 0.020399777213244184 0.0085842535575309763 -0.0024328294877903772 -0.0098642984409391711 -0.0028462610184917616 0.020078041524543039 0.0037322770128839738 0.0079366236681658545 -0.003836337102460498 -0.0025040739317641766 0.0057286144662745103 -0.0030914319087538954 0.0074641252006797283 0.021113861250021466 -0.0070570309605925557 -0.00099232598406743351
leaf_weight=65 25 848 38 22 150 403 24 98 45 83 45 128 31 153 21 55 36 150 2503
leaf_count=65 25 848 38 22 150 403 24 98 45 83 45 128 31 153 21 55 36 150 2503
internal_value=0 0.00127037 0.00520246 0.000843351 0.00205766 0.00169705 0.00603963 0.000897464 0.00296053 0.00947883 -0.00139125 0.000699444 0.00310849 0.0075944 0.00718937 0.00987237 0.012864 -0.00115271 -0.00133522
internal_weight=0 2205 216 1989 1141 1119 174 945 497 128 448 369 241 178 143 112 91 2718 2653
internal_count=4923 2205 216 1989 1141 1119 174 945 497 128 448 369 241 178 143 112 91 2718 2653
is_linear=0
shrinkage=0.0456759


Tree=20
num_leaves=20
num_cat=0
split_feature=1 3 11 1 1 12 3 15 15 14 18 15 0 14 15 14 2 14 15
split_gain=2.83731 1.93983 1.63967 1.65752 1.58932 1.43537 1.43053 1.2714 1.21726 1.08653 1.08358 1.26575 1.25986 1.1448 2.08377 5.20657 2.92969 2.11046 2.92295
threshold=3.5901650173269201e-05 1.0750000000000004 -9.9999999999999947 0.00028823573477699882 0.00011537701127928018 -1.9999999999999849 0.56500000000000006 2.3150000000000008 -0.45499999999999996 0.14250000000000004 0.173196612590552 3.6350000000000002 0.00015797716419025605 2.0350000000000006 2.0050000000000003 1.2625000000000004 4.3200936166914795e-05 1.2350000000000001 1.6150000000000004
decision_type=2 2 2 2 2 2 2 2 2 2 2 2 2 2 2 2 2 2 2
left_child=8 4 3 5 6 -3 -2 -5 -1 -6 11 13 -12 14 17 -16 -17 18 -4
right_child=1 2 10 7 9 -7 -8 -9 -10 -11 12 -13 -14 -15 15 16 -18 -19 -20
leaf_value=0.010055003918352581 0.011319140372452914 0.0064959799810763337 0.00080649553993238305 -0.0071977672788004089 0.0022559896939330633 0.022783197462558746 -0.00041189007729850981 0.0096484057605266578 -0.0020772505068823639 -0.0063933727232382657 -0.00073904413729906091 0.011875022037161722 0.015818014520185966 -0.00093049287593627837 0.027096527380247912 0.016927347725464236 0.0020839510082099845 -0.0034525001642804493 0.01051285399035329
leaf_weight=21 27 31 1012 24 45 24 693 21 1335 188 20 27 27 589 24 36 434 261 84
leaf_count=21 27 31 1012 24 45 24 693 21 1335 188 20 27 27 589 24 36 434 261 84
internal_value=0 0.000797573 0.00150161 0.00778042 -0.00113353 0.0136031 2.80236e-05 0.00066378 -0.00188936 -0.0047229 0.00125185 0.00110857 0.00877246 0.000989437 0.00160037 0.00438084 0.00322089 0.000588173 0.00155041
internal_weight=0 3567 2614 100 953 55 720 45 1356 233 2514 2467 47 2440 1851 494 470 1357 1096
internal_count=4923 3567 2614 100 953 55 720 45 1356 233 2514 2467 47 2440 1851 494 470 1357 1096
is_linear=0
shrinkage=0.05


Tree=21
num_leaves=20
num_cat=0
split_feature=1 3 5 5 11 17 1 3 5 3 2 14 22 16 5 3 0 3 5
split_gain=2.56407 1.6506 3.87319 1.98785 1.49846 1.6036 1.48267 1.36855 1.33627 3.06144 3.01752 1.41123 1.37038 1.56293 1.62285 1.72061 1.42997 2.17519 1.18297
threshold=3.6238229775427818e-05 1.0750000000000004 3.6450000000000005 3.5250000000000004 -9.9999999999999947 -2.9999999999999982 0.00011537701127928018 1.9450000000000001 2.8650000000000007 0.79500000000000015 9.1431882998899678e-05 0.41500000000000004 -8.4117933491223415e-05 -4.0000000000000009 3.2950000000000004 0.90500000000000014 2.7709727402070156e-05 0.94500000000000006 3.8250000000000006
decision_type=2 2 2 2 2 2 2 2 2 2 2 2 2 2 2 2 2 2 2
left_child=-1 6 3 -3 5 7 8 -4 9 10 11 -2 13 -10 15 -15 17 -14 -8
right_child=1 2 4 -5 -6 -7 18 -9 12 -11 -12 -13 16 14 -16 -17 -18 -19 -20
leaf_value=-0.0017793124050899712 0.0098281230475451495 0.0071733119794064109 0.011481662600168162 0.026530337936821437 0.00088208612156586591 0.016807522376378378 -0.0062537497616706687 -0.0028585149384126431 0.016043777052651753 -0.0091481310980660573 -0.0054267726190712143 0.025599884112244065 -0.00081231432656447096 -0.0019767194365461669 -0.0054906744833873667 0.016766031742095948 -0.0031456689565576195 0.018490602225065232 0.0026964869836102363
leaf_weight=1374 37 36 28 21 2447 30 187 41 22 28 23 23 54 24 46 25 411 20 46
leaf_count=1374 37 36 28 21 2447 30 187 41 22 28 23 23 54 24 46 25 411 20 46
internal_value=0 0.000764608 0.00141466 0.0143048 0.00112607 0.0071567 -0.00102406 0.00296069 0.000107508 0.00514842 0.00997135 0.015874 -0.000821962 0.00403506 0.00125409 0.00758591 -0.00199366 0.00440469 -0.00448675
internal_weight=0 3549 2603 57 2546 99 946 69 713 111 83 60 602 117 95 49 485 74 233
internal_count=4923 3549 2603 57 2546 99 946 69 713 111 83 60 602 117 95 49 485 74 233
is_linear=0
shrinkage=0.05


Tree=22
num_leaves=20
num_cat=0
split_feature=1 3 5 3 11 17 1 5 15 14 15 2 3 18 5 3 1 15 22
split_gain=2.31407 1.48967 3.49556 1.84849 1.35236 1.44725 1.33811 1.25956 3.40356 1.95251 1.28792 1.3311 3.61916 1.39689 1.244 1.23512 1.13013 1.83328 1.49637
threshold=3.6238229775427818e-05 1.0750000000000004 3.6450000000000005 1.1150000000000004 -9.9999999999999947 -2.9999999999999982 0.00011537701127928018 4.0450000000000008 2.4150000000000005 1.175 1.6150000000000004 6.1892377198762631e-05 1.0150000000000003 0.025938468324007594 2.7850000000000006 1.9450000000000001 4.316804136646033e-05 2.0350000000000006 -4.7324956842564874e-05
decision_type=2 2 2 2 2 2 2 2 2 2 2 2 2 2 2 2 2 2 2
left_child=-1 6 3 -3 5 15 7 8 9 10 11 -2 13 14 -13 -4 17 -6 -19
right_child=1 2 4 -5 16 -7 -8 -9 -10 -11 -12 12 -14 -15 -16 -17 -18 18 -20
leaf_value=-0.0016903467226930754 -0.0022797234021887489 0.025836524814367295 0.010907579452863761 0.0069696494453662149 -0.00032992360847336911 0.015967146332065266 -0.004262412687995403 -0.0054270064830780028 0.015401240222548185 -0.0077514995096458336 0.0091204151842329238 0.011454527805510321 0.023352702967822554 -0.0054980779259369292 0.00092325157651277343 -0.0027155890879107685 0.00057833039147012373 0.02062267469098935 0.0051370955239503809
leaf_weight=1374 245 20 28 37 70 30 233 90 38 72 45 38 20 58 107 41 2312 26 39
leaf_count=1374 245 20 28 37 70 30 233 90 38 72 45 38 20 58 107 41 2312 26 39
internal_value=0 0.000726378 0.00134392 0.0135896 0.00106977 0.00679886 -0.000972856 0.000102133 0.000900885 -4.10188e-05 0.00104115 0.000264302 0.00305931 0.00105996 0.00368317 0.00281265 0.000837982 0.00528475 0.0113313
internal_weight=0 3549 2603 57 2546 99 946 713 623 585 513 468 223 203 145 69 2447 135 65
internal_count=4923 3549 2603 57 2546 99 946 713 623 585 513 468 223 203 145 69 2447 135 65
is_linear=0
shrinkage=0.05


Tree=23
num_leaves=20
num_cat=0
split_feature=3 14 15 1 18 2 15 2 14 15 2 15 0 0 3 5 2 5 1
split_gain=2.14755 1.82048 1.81556 2.8956 2.12916 1.82215 2.54882 1.81794 1.75583 4.61815 1.61192 1.57309 3.03517 2.0905 1.57831 1.4702 3.47731 1.85566 2.47362
threshold=1.3450000000000004 -0.014999999999999998 0.25500000000000006 0.00032148717581161789 -0.03382853729065937 7.7600741652991979e-05 -0.034999999999999996 0.00021139250230451601 0.27250000000000008 0.9850000000000001 0.00013876960915127493 0.40500000000000008 0.00012576280153474926 0.00022038620866610692 1.2150000000000001 3.1250000000000004 9.0477935493125572e-05 2.8650000000000007 2.7995057007214361e-05
decision_type=2 2 2 2 2 2 2 2 2 2 2 2 2 2 2 2 2 2 2
left_child=1 -1 3 4 -2 -6 7 -7 9 11 -8 12 14 -14 -3 16 17 -10 -19
right_child=2 8 -4 -5 5 6 10 -9 15 -11 -12 -13 13 -15 -16 -17 -18 18 -20
leaf_value=-0.0054913381160936548 0.01892573591321707 0.0015322458727852158 0.00069544956681767071 -0.0062551601535894667 0.017005682257669314 -0.010192194163072401 0.021504363282160325 0.0057098889723420148 0.015672899717869965 0.012374927224807961 0.0041349759215817735 -0.0028251334201490532 0.017698224989904299 0.0028434766232967382 -0.0073451547417789703 -0.0019763959592899753 -0.0057073333123816719 0.016175438940525057 -0.0027399344768907347
leaf_weight=201 36 230 2033 44 28 41 22 32 46 86 34 276 45 50 64 1495 79 25 56
leaf_count=201 36 230 2033 44 28 41 22 32 46 86 34 276 45 50 64 1495 79 25 56
internal_value=0 -0.000916706 0.00117825 0.00531975 0.00795859 0.00544383 0.00293428 -0.00322142 -0.000541705 0.00147194 0.0109587 6.19305e-05 0.00211034 0.00987994 -0.000400249 -0.00143074 0.00252924 0.00765278 0.00309814
internal_weight=0 2653 2270 237 193 157 129 73 2452 751 56 665 389 95 294 1701 206 127 81
internal_count=4923 2653 2270 237 193 157 129 73 2452 751 56 665 389 95 294 1701 206 127 81
is_linear=0
shrinkage=0.05


Tree=24
num_leaves=20
num_cat=0
split_feature=1 15 14 3 3 0 15 3 2 3 15 14 3 14 2 2 14 3 17
split_gain=1.96781 1.47783 6.68285 3.36732 3.53092 5.0614 2.63306 2.21276 2.0099 3.15586 1.8798 3.94683 2.73681 1.78473 1.66606 2.44051 2.26175 1.84912 1.95796
threshold=3.5901650173269201e-05 1.6150000000000004 1.2350000000000001 0.92500000000000016 1.4350000000000003 0.0001906333786133364 1.2350000000000001 0.57500000000000007 4.6531008935903245e-05 1.5650000000000002 2.3525000000000005 1.9950000000000003 1.4950000000000003 1.5050000000000001 5.8466664422001574e-05 7.5432331574283457e-05 0.9850000000000001 1.4650000000000001 1.4999999999999998
decision_type=2 2 2 2 2 2 2 2 2 2 2 2 2 2 2 2 2 2 2
left_child=-1 6 3 -3 -5 -6 14 -8 10 -10 13 -12 -13 -4 -2 17 -17 18 -16
right_child=1 2 8 4 5 -7 7 -9 9 -11 11 12 -14 -15 15 16 -18 -19 -20
leaf_value=-0.0015745008965970669 -0.002816586387534124 -0.0014998775441199541 0.0086529332878334184 0.023975715128084024 0.016655936345775078 -0.012402332506396553 0.011434666083558746 -0.0044929291299056441 -0.0038576912300238098 0.0015559836095466256 0.023446689546108249 -0.0023027359084649523 0.014685089805641691 -0.0074250892798105872 0.0089590740866131256 0.00035277186616440305 0.015285875390355403 0.021867799460887911 -0.0063928258087899955
leaf_weight=1356 269 40 28 60 47 22 23 420 383 906 34 66 37 45 90 1024 26 20 27
leaf_count=1356 269 40 28 60 47 22 23 420 383 906 34 66 37 45 90 1024 26 20 27
internal_value=0 0.000663163 0.00174908 0.0111747 0.0151048 0.00739098 -0.000290657 -0.00366599 0.000686413 -5.25792e-05 0.00522242 0.00867559 0.00379969 -0.00125818 0.000736316 0.00154148 0.000722544 0.007818 0.00541633
internal_weight=0 3567 1668 169 129 69 1899 443 1499 1289 210 137 103 73 1456 1187 1050 137 117
internal_count=4923 3567 1668 169 129 69 1899 443 1499 1289 210 137 103 73 1456 1187 1050 137 117
is_linear=0
shrinkage=0.05


Tree=25
num_leaves=20
num_cat=0
split_feature=5 3 5 9 2 3 5 3 3 3 2 2 16 6 5 0 5 17 3
split_gain=2.6947 2.66871 2.51206 2.23275 2.10533 1.85189 3.80092 2.19086 1.82769 3.03492 2.27029 3.66597 1.77045 1.6843 1.63435 1.58437 1.39538 1.76599 1.35261
threshold=7.0550000000000006 1.7750000000000001 8.2850000000000019 -4.9999999999999867 0.00022520425748149455 3.0950000000000002 9.9450000000000021 2.4450000000000007 2.2150000000000003 2.2950000000000004 0.00031628170679248859 0.0002019903544746951 2.9999999999999862 4.0000000000001821 17.240000000000006 0.00018126592178126631 2.5950000000000002 1.0000000000000007 2.2950000000000004
decision_type=2 2 2 2 2 2 2 2 2 2 2 2 2 2 2 2 2 2 2
left_child=16 2 3 -2 -5 7 -7 8 10 -10 11 -3 13 -13 -8 -11 17 -1 -18
right_child=1 5 -4 4 -6 6 14 -9 9 15 -12 12 -14 -15 -16 -17 18 -19 -20
leaf_value=0.013816224834000744 -0.00017360826817954461 -0.0040667915106320585 -0.004079765463486696 0.015957048077375517 -0.0016910037398338317 0.025494710888181418 0.0058053739143140394 -0.0059221538566592812 0.018431038933025824 0.0096357129075947939 -0.0095641708096205185 0.020449245407393107 -0.0026099892841144044 0.003530095828076204 -0.0070431824660662449 -0.0042985370053964505 -0.00083411436230474789 -0.0028271306040031571 0.0081865457197030384
leaf_weight=37 41 119 39 109 20 21 99 138 37 34 59 38 22 24 33 51 3932 28 42
leaf_count=37 41 119 39 109 20 21 99 138 37 34 59 38 22 24 33 51 3932 28 42
internal_value=0 0.00242781 0.00736493 0.00999047 0.0132209 0.000899134 0.00573657 -0.000518736 0.00142312 0.00647817 -0.000930765 0.00157845 0.00957588 0.0138999 0.00259323 0.00127516 -0.000619921 0.00664678 -0.000738778
internal_weight=0 884 209 170 129 675 153 522 384 122 262 203 84 62 132 85 4039 65 3974
internal_count=4923 884 209 170 129 675 153 522 384 122 262 203 84 62 132 85 4039 65 3974
is_linear=0
shrinkage=0.05


Tree=26
num_leaves=20
num_cat=0
split_feature=5 3 2 5 15 15 5 15 14 3 3 3 3 5 3 2 15 20 3
split_gain=2.43196 2.44789 3.85671 2.51744 1.35379 1.44723 2.42799 1.89235 1.6394 2.35832 4.33343 3.65435 4.85104 1.91107 1.80143 5.65122 3.07226 1.3391 1.45848
threshold=7.0550000000000006 1.6850000000000003 0.00016336588843036197 8.1650000000000009 3.5450000000000004 0.29500000000000004 8.0250000000000004 1.5650000000000002 1.8650000000000004 1.9850000000000001 2.4750000000000005 3.0950000000000002 5.5500000000000007 7.2750000000000012 2.0050000000000003 0.00017157562564108767 2.8650000000000007 -0.00017707066704547578 2.2150000000000003
decision_type=2 2 2 2 2 2 2 2 2 2 2 2 2 2 2 2 2 2 2
left_child=-1 2 3 -2 5 6 -3 -7 9 13 -11 -12 -13 -9 15 -10 -17 -16 -19
right_child=1 4 -4 -5 -6 7 -8 8 14 10 11 12 -14 -15 17 16 -18 18 -20
leaf_value=-0.00058892525881934683 0.02261060664187307 0.016111847605460732 -0.0060645985354979837 0.0048163860184805736 0.012754929214715958 -0.0070632098832085176 -0.002315806665203788 0.0063834182219579816 -0.0061191323687110029 0.022798982343158206 -0.0041783751526349028 0.027103834933248062 -0.0023472068486390294 -0.0096754186194051399 -0.0073445869543190519 0.0028225911515099662 0.028321895058508274 -0.0095790315539606152 0.0027120689323189063
leaf_weight=4039 46 39 30 35 25 79 33 32 57 37 71 29 27 44 112 21 27 31 109
leaf_count=4039 46 39 30 35 25 79 33 32 57 37 71 29 27 44 112 21 27 31 109
internal_value=0 0.00230642 0.00924976 0.0149217 0.00130938 0.000926844 0.00766584 0.000209081 0.00117141 0.00436702 0.00774106 0.00335411 0.0129042 -0.0029138 -0.0009769 0.00452548 0.0171659 -0.00326956 -9.53189e-06
internal_weight=0 884 111 81 773 748 72 676 597 240 164 127 56 76 357 105 48 252 140
internal_count=4923 884 111 81 773 748 72 676 597 240 164 127 56 76 357 105 48 252 140
is_linear=0
shrinkage=0.05


Tree=27
num_leaves=20
num_cat=0
split_feature=5 3 5 2 6 3 5 3 3 3 2 2 15 1 8 0 5 1 17
split_gain=2.19485 2.2394 2.14032 2.47883 2.12897 1.60459 3.06178 1.7734 1.68243 2.69031 1.59437 3.67246 2.1701 1.52726 1.57679 1.39947 1.31368 1.29064 1.32976
threshold=7.0550000000000006 1.7850000000000004 8.2850000000000019 0.00026444997171336189 5.9999999999999174 3.0950000000000002 9.9450000000000021 2.4450000000000007 2.2150000000000003 2.2950000000000004 0.00031628170679248859 0.0002019903544746951 2.8650000000000007 0.0003034757790248153 1.5000000000000009 0.00018126592178126631 7.7950000000000008 1.723006725367811e-05 -1.9999999999999849
decision_type=2 2 2 2 2 2 2 2 2 2 2 2 2 2 2 2 2 2 2
left_child=17 2 3 4 -2 7 -7 8 10 -10 11 -3 -13 -8 -15 -11 -9 -1 -19
right_child=1 5 -4 -5 -6 6 13 16 9 15 -12 12 -14 14 -16 -17 -18 18 -20
leaf_value=-0.0030867922271213977 0.014265882012744743 -0.0048879712687007019 -0.003971641547977924 -0.0078288359567522999 0.0014082774689251727 0.022946133819364369 0.012756830240998948 0.0017862536532934324 0.017236818393339983 0.0089418307823293363 -0.0086992847106673512 0.0042253786098148871 0.022941662654990244 -0.0038623188209684594 0.010545228004455566 -0.0041541023289456093 -0.008746908914886024 0.001248277710371108 -0.00086418094675569141
leaf_weight=449 120 112 40 20 44 21 28 43 37 34 55 59 21 79 25 51 95 1055 2535
leaf_count=449 120 112 40 20 44 21 28 43 37 34 55 59 21 79 25 51 95 1055 2535
internal_value=0 0.0021911 0.00651084 0.00878964 0.0108163 0.000725006 0.00521286 -0.000629316 0.00117909 0.00598299 -0.00119369 0.000956351 0.0091384 0.00239166 -0.000398966 0.00108427 -0.00546484 -0.000559479 -0.000243389
internal_weight=0 884 224 184 164 660 153 507 369 122 247 192 80 132 104 85 138 4039 3590
internal_count=4923 884 224 184 164 660 153 507 369 122 247 192 80 132 104 85 138 4039 3590
is_linear=0
shrinkage=0.05


Tree=28
num_leaves=20
num_cat=0
split_feature=5 2 21 3 5 15 3 3 14 0 0 2 5 2 2 15 20 13 2
split_gain=2.01189 3.97362 1.38293 1.46021 1.25278 1.64869 1.89162 1.2623 1.31208 1.16675 1.64623 1.66435 1.57274 1.32666 1.19886 1.94267 1.80201 1.69211 1.61359
threshold=7.2350000000000012 8.7326476801528771e-05 0.011781788743229106 1.5350000000000004 2.5950000000000002 1.0250000000000001 0.8650000000000001 2.4250000000000003 1.4550000000000003 0.00013946473670006969 0.00016615358224872105 0.00021627578868432511 8.1650000000000009 0.00012254801896214053 0.00013030580632242064 2.9150000000000005 -0.005248994484569002 0.99999999999998956 0.00069406867351463257
decision_type=2 2 2 2 2 2 2 2 2 2 2 2 2 2 2 2 2 2 2
left_child=4 -2 3 -3 5 6 -1 -6 -9 12 11 -11 13 -5 -12 18 -17 -18 -16
right_child=1 2 -4 9 7 -7 -8 8 -10 10 14 -13 -14 -15 15 16 17 -19 -20
leaf_value=0.023397762086242439 0.017581701949238776 0.012396363886418167 0.01176344487936266 0.011106006580370444 -0.00071036022885176485 -0.0043848706814257994 0.0021513477137142965 0.01727303795516491 -0.00062136877150762652 0.018548329799835169 -0.010219740673251775 0.00017081861468878662 -0.0072508146467897081 -0.0016345666943206674 0.0015297765622464873 -0.0029325970709323888 0.019614150455674609 0.0021036756648258729 -0.0070628741372595815
leaf_weight=20 40 27 31 27 4008 23 22 20 21 28 23 22 97 84 278 25 37 22 68
leaf_count=20 40 27 31 27 4008 23 22 20 21 28 23 22 97 84 278 25 37 22 68
internal_value=0 0.00221708 0.00141788 0.000983307 -0.00051052 0.00637589 0.0122687 -0.00062107 0.00810761 0.0005499 0.00185238 0.0104622 -0.00259986 0.00146449 0.00090207 0.00149696 0.00831773 0.0130848 -0.000158952
internal_weight=0 809 769 738 4114 65 42 4049 41 711 503 50 208 111 453 430 84 59 346
internal_count=4923 809 769 738 4114 65 42 4049 41 711 503 50 208 111 453 430 84 59 346
is_linear=0
shrinkage=0.05


Tree=29
num_leaves=20
num_cat=0
split_feature=5 2 21 3 1 15 5 14 0 0 2 15 14 14 3 2 3 3 5
split_gain=1.81573 3.58619 1.24809 1.31784 1.17574 1.09694 2.18323 1.53006 1.53532 3.06449 1.61562 1.69037 1.89141 1.8268 1.15062 1.53012 1.59711 2.81092 1.09071
threshold=7.2350000000000012 8.7326476801528771e-05 0.011781788743229106 1.5350000000000004 1.723006725367811e-05 0.29500000000000004 8.0250000000000004 1.155 0.00015049934725291182 0.00016615358224872105 0.00014663773559350351 2.9150000000000005 1.885 2.2150000000000003 2.0050000000000003 0.00065272114878945785 2.4250000000000003 3.1350000000000002 7.7950000000000008
decision_type=2 2 2 2 2 2 2 2 2 2 2 2 2 2 2 2 2 2 2
left_child=4 -2 3 -3 -1 6 -5 -7 -9 -10 -11 12 14 -13 -12 16 -16 18 -18
right_child=1 2 -4 5 -6 7 -8 8 9 10 11 13 -14 -15 15 -17 17 -19 -20
leaf_value=-0.0028999379489628935 0.016702616773545741 0.011776545892159145 0.011175272782002726 0.01658317635456721 -0.0001891385281069705 -0.0069619482486612261 -0.002053675303856532 -0.0029838113345809886 0.020250699507153552 -0.0096821597963571565 -0.0062018889401640213 0.017145698496864904 -0.0039778028044008444 0.0017964735804569154 0.020642413879218308 -0.0060441220924258229 0.0060592221406598895 0.019479373128463828 -0.0090149715853234131
leaf_weight=449 40 27 31 30 3665 72 33 185 23 30 21 36 124 42 23 20 24 24 24
leaf_count=449 40 27 31 30 3665 72 33 185 23 30 21 36 124 42 23 20 24 24 24
internal_value=0 0.00210622 0.00134698 0.000934142 -0.000484994 0.000522405 0.00682102 -8.99602e-05 0.000769038 0.00254468 0.00143806 0.00242506 0.000488357 0.00888073 0.00456044 0.00652574 0.00917203 0.00550787 -0.00147787
internal_weight=0 809 769 738 4114 711 63 648 576 391 368 338 260 78 136 115 95 72 48
internal_count=4923 809 769 738 4114 711 63 648 576 391 368 338 260 78 136 115 95 72 48
is_linear=0
shrinkage=0.05


end of trees

feature_importances:
f_3=124
f_15=84
f_5=70
f_1=61
f_2=59
f_14=53
f_0=32
f_6=11
f_20=10
f_17=8
f_21=7
f_9=6
f_11=6
f_13=6
f_18=6
f_8=5
f_12=5
f_16=5
f_22=5
f_4=3
f_7=3
f_19=1

parameters:
[boosting: gbdt]
[objective: regression]
[metric: binary_logloss]
[tree_learner: serial]
[device_type: cpu]
[data: ]
[valid: ]
[num_iterations: 10]
[learning_rate: 0.05]
[num_leaves: 20]
[num_threads: 0]
[deterministic: 0]
[force_col_wise: 0]
[force_row_wise: 0]
[histogram_pool_size: -1]
[max_depth: -1]
[min_data_in_leaf: 20]
[min_sum_hessian_in_leaf: 0.001]
[bagging_fraction: 0.7]
[pos_bagging_fraction: 1]
[neg_bagging_fraction: 1]
[bagging_freq: 5]
[bagging_seed: 3]
[feature_fraction: 0.9]
[feature_fraction_bynode: 1]
[feature_fraction_seed: 2]
[extra_trees: 0]
[extra_seed: 6]
[early_stopping_round: 0]
[first_metric_only: 0]
[max_delta_step: 0]
[lambda_l1: 0]
[lambda_l2: 0]
[linear_lambda: 0]
[min_gain_to_split: 0]
[drop_rate: 0.1]
[max_drop: 50]
[skip_drop: 0.5]
[xgboost_dart_mode: 0]
[uniform_drop: 0]
[drop_seed: 4]
[top_rate: 0.2]
[other_rate: 0.1]
[min_data_per_group: 100]
[max_cat_threshold: 32]
[cat_l2: 10]
[cat_smooth: 10]
[max_cat_to_onehot: 4]
[top_k: 20]
[monotone_constraints: ]
[monotone_constraints_method: basic]
[monotone_penalty: 0]
[feature_contri: ]
[forcedsplits_filename: ]
[refit_decay_rate: 0.9]
[cegb_tradeoff: 1]
[cegb_penalty_split: 0]
[cegb_penalty_feature_lazy: ]
[cegb_penalty_feature_coupled: ]
[path_smooth: 0]
[interaction_constraints: ]
[verbosity: 0]
[saved_feature_importance_type: 0]
[linear_tree: 0]
[max_bin: 255]
[max_bin_by_feature: ]
[min_data_in_bin: 3]
[bin_construct_sample_cnt: 200000]
[data_random_seed: 1]
[is_enable_sparse: 1]
[enable_bundle: 1]
[use_missing: 1]
[zero_as_missing: 0]
[feature_pre_filter: 1]
[pre_partition: 0]
[two_round: 0]
[header: 0]
[label_column: ]
[weight_column: ]
[group_column: ]
[ignore_column: ]
[categorical_feature: ]
[forcedbins_filename: ]
[precise_float_parser: 0]
[objective_seed: 5]
[num_class: 1]
[is_unbalance: 0]
[scale_pos_weight: 1]
[sigmoid: 1]
[boost_from_average: 1]
[reg_sqrt: 0]
[alpha: 0.9]
[fair_c: 1]
[poisson_max_delta_step: 0.7]
[tweedie_variance_power: 1.5]
[lambdarank_truncation_level: 30]
[lambdarank_norm: 1]
[label_gain: ]
[eval_at: ]
[multi_error_top_k: 1]
[auc_mu_weights: ]
[num_machines: 1]
[local_listen_port: 12400]
[time_out: 120]
[machine_list_filename: ]
[machines: ]
[gpu_platform_id: -1]
[gpu_device_id: -1]
[gpu_use_dp: 0]
[num_gpu: 1]

end of parameters

pandas_categorical:[]
