tree
version=v3
num_class=1
num_tree_per_iteration=1
label_index=0
max_feature_idx=22
objective=regression
feature_names=f_0 f_1 f_2 f_3 f_4 f_5 f_6 f_7 f_8 f_9 f_10 f_11 f_12 f_13 f_14 f_15 f_16 f_17 f_18 f_19 f_20 f_21 f_22
feature_infos=[3.5138360446667107e-07:0.0066553821535006137] [2.5600331918768856e-06:0.0039732576088439284] [9.2225614268401974e-06:0.0029579505118275174] [0.53000000000000003:6.5599999999999996] [-33.000000000000007:46] [2.4100000000000001:21.82] [-101.00000000000016:144.99999999999994] [-0.15710919088766695:0.17837578087457961] [-81:74] [-46:33.999999999999986] [-51.000000000000021:33.999999999999986] [-33.000000000000007:27.999999999999979] [-41:96.000000000000014] [-36.000000000000007:32.999999999999986] [-0.52000000000000002:2.9100000000000001] [-0.94999999999999996:3.8500000000000001] [-52:73.999999999999972] [-28.000000000000004:24.000000000000004] [-0.29572649572649579:0.64215246636771273] [-0.02958455728073861:0.047292143401983289] [-0.054746473503621829:0.033993115318416534] [-0.039377561323276189:0.045346674363414774] [-0.019984292877423981:0.018327052533256172]
tree_sizes=1796 1861 1860 1879 1864 1886 1902 1894 1895 1874

Tree=0
num_leaves=20
num_cat=0
split_feature=1 3 0 18 6 3 3 3 1 15 2 3 16 1 20 1 3 1 7
split_gain=13.0601 4.65196 2.69234 1.66947 1.56463 3.05455 1.4519 1.20349 1.81369 1.11667 4.48903 3.60341 1.53996 1.75001 1.53409 1.49335 2.72094 1.33102 0.928035
threshold=8.6945569651055129e-05 1.5050000000000001 0.0018581489659376591 -0.051418698790460231 6.9999999999999627 1.155 0.56500000000000006 1.4950000000000003 3.5433882037386114e-05 2.8950000000000005 0.00022948028557848781 3.4700000000000002 4.9999999999999973 0.00015813582421578794 0.0011509135614408141 0.00013629026300561822 1.7550000000000001 0.00018894833248974023 0.016099692404211167
decision_type=2 2 2 2 2 2 2 2 2 2 2 2 2 2 2 2 2 2 2
left_child=6 4 3 -3 18 -6 -1 -8 -9 12 15 -12 -5 14 -14 -11 -17 -18 -2
right_child=1 2 -4 9 5 -7 7 8 -10 10 11 -13 13 -15 -16 16 17 -19 -20
leaf_value=0.11307625752582022 0.10250246989413574 0.10520420665047196 0.12352557839782211 0.1078495876050362 0.12428315416104224 0.10428315401203063 0.10114485611630807 0.09928315397477773 0.10553315402134386 0.10365815400737402 0.13499743995515562 0.11178315406790999 0.13053315420760836 0.1095395643076042 0.11178315406790999 0.12606886846006116 0.11499743980614399 0.10172217838319378 0.10700127483765134
leaf_weight=29 497 228 33 572 28 60 1692 161 416 80 35 32 24 78 20 28 35 41 149
leaf_count=29 497 228 33 572 28 60 1692 161 416 80 35 32 24 78 20 28 35 41 149
internal_value=0.104509 0.107531 0.109441 0.109044 0.104392 0.110647 0.101959 0.101817 0.103789 0.109971 0.112829 0.12391 0.108937 0.114037 0.12201 0.108794 0.112745 0.107836 0.10354
internal_weight=0 1940 1206 1173 734 88 2298 2269 577 945 251 67 694 122 44 184 104 76 646
internal_count=4238 1940 1206 1173 734 88 2298 2269 577 945 251 67 694 122 44 184 104 76 646
is_linear=0
shrinkage=1


Tree=1
num_leaves=20
num_cat=0
split_feature=1 3 0 7 6 14 3 3 5 14 6 3 5 5 1 4 19 16 2
split_gain=11.7867 4.20503 2.37723 1.53186 1.92835 2.23705 1.61395 1.7013 1.506 1.5255 1.59203 3.72557 1.46162 1.71288 1.24477 1.18734 1.48188 1.07316 1.04064
threshold=8.6945569651055129e-05 1.5550000000000004 0.0018581489659376591 -0.0055161523069370824 -5.0000000000000036 1.9950000000000003 1.8150000000000002 4.5700000000000012 7.6550000000000011 0.31500000000000006 6.9999999999999627 1.155 2.5750000000000006 4.9350000000000014 3.5433882037386114e-05 0.99999999999999545 0.0021487802187334375 -0.99999999999998412 7.9826162016698998e-05
decision_type=2 2 2 2 2 2 2 2 2 2 2 2 2 2 2 2 2 2 2
left_child=12 8 3 4 5 -3 15 -8 9 10 -2 -12 -1 -14 -15 17 -17 -6 -11
right_child=1 2 -4 -5 6 -7 7 -9 -10 18 11 -13 13 14 -16 16 -18 -19 -20
leaf_value=0.0069341722421529823 0.0005090808909800317 0.005798031147569418 0.018066145863496898 0.0030006115132014191 -0.0018244443328252861 0.022855812784385039 0.0013007517996712111 0.015385479728380839 0.010269714338438853 0.0018718347682253175 0.025604024664922193 -0.00080239299465628244 -0.0034280755339679463 -0.0045987160582291456 0.00087387408708271231 0.0215894629912717 0.0045282867550849914 0.012428086653351784 -0.0042914074845612051
leaf_weight=41 360 40 33 686 28 37 201 24 35 92 22 34 1649 133 475 35 20 25 268
leaf_count=41 360 40 33 686 28 37 201 24 35 92 22 34 1649 133 475 35 20 25 268
internal_value=0 0.00287089 0.00484385 0.00444573 0.00686367 0.0139946 0.00521477 0.00280312 0.000124325 -0.000333263 0.00172903 0.00957156 -0.00242173 -0.00259169 -0.000323255 0.010239 0.0153854 0.00489845 -0.00271636
internal_weight=0 1940 1129 1096 410 77 333 225 811 776 416 56 2298 2257 608 108 55 53 360
internal_count=4238 1940 1129 1096 410 77 333 225 811 776 416 56 2298 2257 608 108 55 53 360
is_linear=0
shrinkage=0.05


Tree=2
num_leaves=20
num_cat=0
split_feature=1 3 0 7 6 14 3 3 5 14 15 6 3 5 5 1 14 9 2
split_gain=10.6375 3.79504 2.14545 1.3825 1.74034 2.01894 1.45659 1.53543 1.35916 1.37677 1.68705 1.94195 3.21 1.31911 1.54587 1.1234 1.05355 1.41835 1.85737
threshold=8.6945569651055129e-05 1.5550000000000004 0.0018581489659376591 -0.0055161523069370824 -5.0000000000000036 1.9950000000000003 1.8150000000000002 4.5700000000000012 7.6550000000000011 0.31500000000000006 1.1650000000000003 6.9999999999999627 1.155 2.5750000000000006 4.9350000000000014 3.5433882037386114e-05 2.3250000000000006 -3.0000000000000133 0.00014447607916982376
decision_type=2 2 2 2 2 2 2 2 2 2 2 2 2 2 2 2 2 2 2
left_child=13 8 3 4 5 -3 16 -8 9 10 11 -2 -13 -1 -15 -16 17 -6 -19
right_child=1 2 -4 -5 6 -7 7 -9 -10 -11 -12 12 -14 14 15 -17 -18 18 -20
leaf_value=0.0065874636627551988 -0.00059399137694743419 0.0055081296619027857 0.017162837855743639 0.0028505809621412973 -0.00029780740539232889 0.021713022031896824 0.0012357141915245436 0.014616205853720508 0.0097562289983034144 -0.0025805387821876344 0.013974568792260611 0.024323822151530873 -0.00048653815174475317 -0.0032566716513845548 -0.0043687803292632998 0.00083018032030055401 0.019778681812541828 0.021660742563781917 0.0025438600219786171
leaf_weight=41 336 40 33 686 36 37 201 24 35 360 26 22 32 1649 133 475 21 27 24
leaf_count=41 336 40 33 686 36 37 201 24 35 360 26 22 32 1649 133 475 21 27 24
internal_value=0 0.00272735 0.00460166 0.00422345 0.00652048 0.0132949 0.00495403 0.00266297 0.000118109 -0.0003166 0.00164258 0.000820446 0.00962139 -0.00230064 -0.0024621 -0.000307092 0.00972707 0.00730082 0.0126646
internal_weight=0 1940 1129 1096 410 77 333 225 811 776 416 390 54 2298 2257 608 108 87 51
internal_count=4238 1940 1129 1096 410 77 333 225 811 776 416 390 54 2298 2257 608 108 87 51
is_linear=0
shrinkage=0.05


Tree=3
num_leaves=20
num_cat=0
split_feature=1 3 0 18 17 17 20 10 9 8 14 15 6 3 3 5 9 13 6
split_gain=9.60035 3.44012 1.99589 1.30792 1.42583 1.90603 1.50234 1.71902 1.31526 1.34638 1.21694 1.52886 1.77046 2.89703 1.21544 1.36142 1.20687 1.15369 1.53556
threshold=8.6945569651055129e-05 1.4850000000000001 0.0018581489659376591 -0.051418698790460231 -0.99999999999999967 0.58333333333334692 -0.0034362621182645876 2.4999999999999694 -8.9999999999999627 -6.0000000000000266 0.31500000000000006 1.1650000000000003 6.9999999999999627 1.155 0.56500000000000006 5.0550000000000006 -1.0000000000000451 1.0000000180025095e-35 1.2500000000000624
decision_type=2 2 2 2 2 2 2 2 2 2 2 2 2 2 2 2 2 2 2
left_child=14 10 3 -3 -5 6 -6 -8 9 -7 11 12 -2 -14 -1 -16 -10 18 -18
right_child=1 2 -4 4 5 8 7 -9 16 -11 -12 -13 13 -15 15 -17 17 -19 -20
leaf_value=0.0079857877873141195 -0.00062586466471354176 0.00052015708618554756 0.016304695651386727 0.0024502570421504177 0.020194302261289626 0.0028813107344119447 0.0049096750700846313 0.020691398971460082 -0.00037638709594414927 0.018960620177288851 -0.002690174638711173 0.013275840047460337 0.023107631098140371 -0.00046221119118854408 -0.0030316580679556242 -0.00022074002063604374 0.011595495120407298 0.0015778893999981161 -0.0010831595548698981
leaf_weight=29 330 238 33 417 36 23 80 22 127 30 290 26 22 32 1691 578 104 99 31
leaf_count=29 330 238 33 417 36 23 80 22 127 30 290 26 22 32 1691 578 104 99 31
internal_value=0 0.00259098 0.00417294 0.00384125 0.00465695 0.00632397 0.0114129 0.00831358 0.00462766 0.0119828 -0.000211339 0.00154198 0.000747505 0.00914032 -0.00218561 -0.00231561 0.00354782 0.00567763 0.0086841
internal_weight=0 1940 1240 1207 969 552 138 102 414 53 700 410 384 54 2298 2269 361 234 135
internal_count=4238 1940 1240 1207 969 552 138 102 414 53 700 410 384 54 2298 2269 361 234 135
is_linear=0
shrinkage=0.05


Tree=4
num_leaves=20
num_cat=0
split_feature=1 3 15 2 2 2 3 1 3 8 1 3 3 3 3 18 17 19 15
split_gain=8.66432 3.11575 1.96629 5.24986 3.57145 2.67945 1.36634 3.12776 1.67208 1.12236 1.37241 2.2234 1.5225 2.36726 1.75234 1.25192 1.96612 1.59787 1.38744
threshold=8.6945569651055129e-05 1.5550000000000004 2.8950000000000005 0.00022948028557848781 0.00030214435714335646 0.00072509667545322032 1.8650000000000004 0.00014654629797720495 1.7550000000000001 8.9999999999999929 0.0005691685285342925 3.1250000000000004 2.6050000000000004 2.1550000000000007 1.8050000000000004 -0.054164934886850584 -1.0000000180025095e-35 0.0017122535629454652 2.1650000000000005
decision_type=2 2 2 2 2 2 2 2 2 2 2 2 2 2 2 2 2 2 2
left_child=-1 -2 9 6 -5 -6 7 -4 -9 10 11 12 13 14 -3 -15 18 -18 -17
right_child=1 2 3 4 5 -7 -8 8 -10 -11 -12 -13 -14 15 -16 16 17 -19 -20
leaf_value=-0.0020763303144300783 9.7217881172417722e-05 0.004506962085699933 -0.00067059846062745372 0.032881070988682599 0.002999161174964337 0.022038043708060728 -0.00099876087336313161 0.026041381526738405 0.0064662923477590093 0.011921622671864252 -0.0033760845322500575 0.014129556359892543 -0.0044504749402403832 -0.00039659906821004273 -0.0017924528854172768 0.00077236787942440617 0.011090938657008369 0.029200857097194312 0.016546870823949577
leaf_weight=2298 811 234 56 26 42 33 105 24 20 33 88 44 70 29 209 46 29 21 20
leaf_count=2298 811 234 56 26 42 33 105 24 20 33 88 44 70 29 209 46 29 21 20
internal_value=0 0.00246143 0.00415973 0.00758178 0.0169122 0.0113763 0.00298486 0.00716765 0.0171436 0.00288738 0.00251 0.00324785 0.0025202 0.00335005 0.001535 0.00889531 0.0112183 0.0186971 0.00555252
internal_weight=0 1940 1129 306 101 75 205 100 44 823 790 702 658 588 443 145 116 50 66
internal_count=4238 1940 1129 306 101 75 205 100 44 823 790 702 658 588 443 145 116 50 66
is_linear=0
shrinkage=0.05


Tree=5
num_leaves=20
num_cat=0
split_feature=2 1 14 6 5 3 21 2 6 0 14 3 14 14 14 22 22 7 17
split_gain=7.55652 3.15422 2.82153 2.04075 1.60449 1.80544 2.34127 1.37218 1.29771 1.43689 1.07916 1.06105 2.15938 2.0508 1.3273 1.58711 1.65861 1.51532 1.15967
threshold=0.00021878117435536099 6.0072630002839946e-05 2.4650000000000003 -1.0000000000000007 8.8850000000000033 5.9650000000000007 -0.0078244218670138182 0.00067078586548043279 -4.4999999999999032 0.00031760711198884514 -0.39499999999999996 1.1850000000000003 1.2350000000000001 1.1650000000000003 0.14500000000000005 -1.0000000180025095e-35 4.8021520289376347e-05 0.00036185389996590272 1.999999999999998
decision_type=2 2 2 2 2 2 2 2 2 2 2 2 2 2 2 2 2 2 2
left_child=1 -1 4 -4 7 6 -6 10 9 -8 -2 14 13 18 15 -3 17 -17 -13
right_child=2 11 3 -5 5 -7 8 -9 -10 -11 -12 12 -14 -15 -16 16 -18 -19 -20
leaf_value=-0.0023852366371205028 0.01166939001692378 -0.0051215100304588031 0.0065031922507015148 0.028039376742460511 0.023840236042936645 -0.0029732139160235723 0.023804354046781859 0.013844609908435657 0.0042477257239321867 0.0073470718123846597 0.00044553327311273562 0.0051868155965378868 0.00018358377023059856 0.013762680684978313 -0.0023954138472145211 0.0032461121916136843 -0.0037700935520909051 0.016399038528523795 -0.0022115777310443251
leaf_weight=1732 23 46 22 22 24 36 21 23 120 36 311 193 881 55 477 47 33 41 73
leaf_count=1732 23 46 22 22 24 36 21 23 120 36 311 193 881 55 477 47 33 41 73
internal_value=0 -0.000852605 0.00505417 0.0172713 0.0041492 0.00733858 0.00918547 0.00203188 0.00719838 0.0134103 0.00121843 0.000585378 0.00146281 0.0049737 -0.00105231 0.00278398 0.00578938 0.00937418 0.00315643
internal_weight=0 3578 638 44 594 237 201 357 177 57 334 1846 1202 321 644 167 121 88 266
internal_count=4216 3578 638 44 594 237 201 357 177 57 334 1846 1202 321 644 167 121 88 266
is_linear=0
shrinkage=0.05


Tree=6
num_leaves=20
num_cat=0
split_feature=2 15 1 3 2 17 20 22 21 19 22 22 9 6 18 5 22 3 14
split_gain=6.81976 3.95459 2.84668 2.10922 1.51494 1.19391 1.24337 1.02228 1.17913 1.02022 0.855492 0.999672 0.981874 1.11583 0.973536 0.834776 0.823265 0.967454 1.84779
threshold=0.00021878117435536099 2.8750000000000004 6.0072630002839946e-05 2.0950000000000002 0.00062599042765729888 3.9999999999999707 0.0038624091313566038 0.0015325684598981317 0.00061690338098052699 -0.0017547590487659301 0.00013185460857334522 0.00037948265233134221 -11.999999999999998 -4.0000000000000471 -0.010502315908327396 2.5750000000000006 0.00065386191099126034 1.1850000000000003 1.2350000000000001
decision_type=2 2 2 2 2 2 2 2 2 2 2 2 2 2 2 2 2 2 2
left_child=2 5 15 -3 -5 10 9 16 -9 -7 12 -12 -2 14 -14 -1 17 -4 -19
right_child=1 3 7 4 -6 6 -8 8 -10 -11 11 -13 13 -15 -16 -17 -18 18 -20
leaf_value=0.006002018799384435 0.010869900185776793 0.02303035271010901 -0.00096360390928511427 0.001267863747974237 0.016099312348347723 0.013803238760341298 0.016757242062262128 0.014668702403152432 -0.0011284737892094114 0.0012435160882648877 0.01579898443411697 0.0025295268371701243 0.0012191005106737367 -0.0016786479312231987 0.011820210015866906 -0.0024117091213178973 -0.0044391576901954763 0.0048048427517785406 0.00021648062750354144
leaf_weight=30 23 38 626 36 33 22 28 27 21 61 22 40 67 236 32 1702 85 305 782
leaf_count=30 23 38 626 36 33 22 28 27 21 61 22 40 67 236 32 1702 85 305 782
internal_value=0 0.00480146 -0.000809975 0.0135708 0.00836117 0.00303439 0.0076462 0.000556109 0.00775744 0.0045726 0.00181555 0.00723804 0.000876462 0.000190345 0.00464572 -0.00226597 0.00036386 0.000602188 0.00150392
internal_weight=0 638 3578 107 69 531 111 1846 48 83 420 62 358 335 99 1732 1798 1713 1087
internal_count=4216 638 3578 107 69 531 111 1846 48 83 420 62 358 335 99 1732 1798 1713 1087
is_linear=0
shrinkage=0.05


Tree=7
num_leaves=20
num_cat=0
split_feature=2 15 1 0 14 17 20 0 5 14 2 21 0 18 19 3 0 15 14
split_gain=6.15483 3.56902 2.56913 1.95635 1.2596 1.0775 1.12214 0.992369 0.956086 2.09169 2.27979 1.45307 1.34009 1.13631 0.92075 0.856519 0.845288 1.0133 0.888661
threshold=0.00021878117435536099 2.8750000000000004 6.0072630002839946e-05 0.00016824764571012144 2.0950000000000002 3.9999999999999707 0.0038624091313566038 0.00052761230083392364 6.5250000000000012 1.2350000000000001 0.00014447607916982376 0.0015590243246229598 3.2854433530602132e-05 0.013100626331018829 -0.0017547590487659301 3.1250000000000004 8.8571032956832091e-05 3.4350000000000005 0.25500000000000006
decision_type=2 2 2 2 2 2 2 2 2 2 2 2 2 2 2 2 2 2 2
left_child=2 5 -1 -3 -5 -2 14 -6 16 10 11 13 -11 -10 -7 -14 -4 18 -18
right_child=1 3 8 4 7 6 -8 -9 9 12 -12 -13 15 -15 -16 -17 17 -19 -20
leaf_value=-0.0021526758150384692 0.0017247746680818855 0.026573962771466803 -0.0017753700304966567 0.020543804876506328 0.00062346054861942934 0.013113077001815493 0.015919379836746624 0.012936540953814985 0.026053557793299362 0.013104969103421486 -0.0031972972375731317 0.0048731982269707846 -0.00033355024589963036 0.010501143368689911 0.0011813401992692323 0.009007627287736306 0.0028582152652625857 0.011953552253544331 -0.00082724054772702479
leaf_weight=1732 420 21 529 20 36 22 28 30 24 21 31 34 437 23 61 26 260 20 441
leaf_count=1732 420 21 529 20 36 22 28 30 24 21 31 34 437 23 61 26 260 20 441
internal_value=0 0.00456139 -0.000769476 0.0128922 0.00955136 0.00288267 0.00726389 0.00622032 0.000528304 0.00217622 0.00833379 0.0127469 0.000751325 0.0184428 0.00434397 0.000191008 -0.000257421 0.000856302 0.00053969
internal_weight=0 638 3578 107 86 531 111 66 1846 596 112 81 484 47 83 463 1250 721 701
internal_count=4216 638 3578 107 86 531 111 66 1846 596 112 81 484 47 83 463 1250 721 701
is_linear=0
shrinkage=0.05


Tree=8
num_leaves=20
num_cat=0
split_feature=2 15 1 3 2 17 20 22 21 19 7 22 22 9 6 3 3 5 22
split_gain=5.55474 3.22104 2.31864 1.86776 1.30263 0.972448 1.01273 0.917066 1.04965 0.830977 0.782917 0.772081 0.902204 0.886142 1.00703 0.911381 2.03611 0.753385 0.724884
threshold=0.00021878117435536099 2.8750000000000004 6.0072630002839946e-05 2.0950000000000002 0.00062599042765729888 3.9999999999999707 0.0038624091313566038 0.0015325684598981317 0.00061690338098052699 -0.0017547590487659301 0.00180812203712466 0.00013185460857334522 0.00037948265233134221 -11.999999999999998 -4.0000000000000471 2.0150000000000001 2.4250000000000003 2.5750000000000006 0.00065386191099126034
decision_type=2 2 2 2 2 2 2 2 2 2 2 2 2 2 2 2 2 2 2
left_child=2 5 17 -3 -5 11 9 18 -9 -7 -11 13 -13 -2 15 -15 -17 -1 -4
right_child=1 3 7 4 -6 6 -8 8 -10 10 -12 12 -14 14 -16 16 -18 -19 -20
leaf_value=0.0058095518499612815 0.010240166439958242 0.021149297470324919 0.00054343619513810902 0.00076775441153181931 0.014520732065041862 0.012457423149184748 0.015123410602765425 0.013843364033986023 -0.0010612784574429194 -0.0061587238603312035 0.0055291925507940749 0.014922796342183242 0.0023168117739260198 -0.00042194862663745883 -0.0016809542300337454 0.020942341624980883 0.00034645521747214453 -0.0021834897157570871 -0.0041871065602583045
leaf_weight=30 23 38 1713 36 33 22 28 27 21 23 38 22 40 50 236 21 28 1702 85
leaf_count=30 23 38 1713 36 33 22 28 27 21 23 38 22 40 50 236 21 28 1702 85
internal_value=0 0.00433332 -0.000731002 0.0122476 0.00734527 0.00273854 0.0069007 0.000501888 0.00732258 0.00412677 0.00112227 0.00163854 0.0067899 0.0007464 9.45889e-05 0.0043272 0.00917326 -0.00204504 0.000319801
internal_weight=0 638 3578 107 69 531 111 1846 48 83 61 420 62 358 335 99 49 1732 1798
internal_count=4216 638 3578 107 69 531 111 1846 48 83 61 420 62 358 335 99 49 1732 1798
is_linear=0
shrinkage=0.05


Tree=9
num_leaves=20
num_cat=0
split_feature=5 3 3 21 13 14 1 1 15 4 8 1 8 5 5 3 2 4 2
split_gain=5.19038 2.36358 2.40396 2.16263 1.55982 1.92402 1.41398 1.99895 2.73169 2.00305 1.19089 1.38041 1.22805 1.13134 1.12309 1.78929 1.69918 1.14347 1.08297
threshold=4.8150000000000004 3.1250000000000004 5.9200000000000008 -0.0095307783993694977 -4.999999999999992 1.8650000000000004 0.0002844075817097918 0.00040460440659399087 2.7950000000000004 -1.0000000000000118 -3.0000000000000133 0.00015980107118617043 8.4999999999999982 7.7950000000000008 2.5950000000000002 0.8650000000000001 7.7690597854830742e-05 2.9999999999999862 0.00010400410385998518
decision_type=2 2 2 2 2 2 2 2 2 2 2 2 2 2 2 2 2 2 2
left_child=14 6 3 -3 -5 -6 10 9 -9 -8 11 13 -12 18 15 16 -1 -16 -2
right_child=1 2 -4 4 5 -7 7 8 -10 -11 12 -13 -14 -15 17 -17 -18 -19 -20
leaf_value=0.021547420416027308 0.0024686015024781229 0.025574926464330586 -0.0026476947421377357 -0.0031976235875238977 0.022523197617668373 0.0060169326852668424 0.022383090351586758 -0.0021558881058056554 0.016171648120507597 0.0061832705978304148 8.6055326229929533e-05 -0.00027946916555887777 0.011260330826044083 -0.00025038839876651762 -0.0021155761391347823 -0.0053179422526487283 0.0014107048342173751 0.007885700682627745 0.016360209200610508
leaf_weight=20 20 21 44 24 26 55 23 133 24 112 1491 76 25 25 1971 28 22 29 47
leaf_count=20 20 21 44 24 26 55 23 133 24 112 1491 76 25 25 1971 28 22 29 47
internal_value=0 0.00175662 0.00741392 0.0109275 0.00799801 0.0113152 0.00126991 0.00448193 0.000645773 0.00894324 0.000712957 0.00470716 0.000270328 0.00882655 -0.00175267 0.00447259 0.0109996 -0.00197056 0.0122135
internal_weight=0 2146 170 126 105 81 1976 292 157 135 1684 168 1516 92 2070 70 42 2000 67
internal_count=4216 2146 170 126 105 81 1976 292 157 135 1684 168 1516 92 2070 70 42 2000 67
is_linear=0
shrinkage=0.05


end of trees

feature_importances:
f_3=35
f_1=20
f_2=16
f_14=16
f_5=14
f_6=11
f_15=10
f_22=10
f_0=9
f_17=7
f_7=5
f_9=5
f_18=5
f_19=5
f_20=5
f_21=5
f_8=4
f_4=3
f_13=2
f_16=2
f_10=1

parameters:
[boosting: gbdt]
[objective: regression]
[metric: binary_logloss]
[tree_learner: serial]
[device_type: cpu]
[data: ]
[valid: ]
[num_iterations: 10]
[learning_rate: 0.05]
[num_leaves: 20]
[num_threads: 0]
[deterministic: 0]
[force_col_wise: 0]
[force_row_wise: 0]
[histogram_pool_size: -1]
[max_depth: -1]
[min_data_in_leaf: 20]
[min_sum_hessian_in_leaf: 0.001]
[bagging_fraction: 0.8]
[pos_bagging_fraction: 1]
[neg_bagging_fraction: 1]
[bagging_freq: 5]
[bagging_seed: 3]
[feature_fraction: 0.9]
[feature_fraction_bynode: 1]
[feature_fraction_seed: 2]
[extra_trees: 0]
[extra_seed: 6]
[early_stopping_round: 0]
[first_metric_only: 0]
[max_delta_step: 0]
[lambda_l1: 0]
[lambda_l2: 0]
[linear_lambda: 0]
[min_gain_to_split: 0]
[drop_rate: 0.1]
[max_drop: 50]
[skip_drop: 0.5]
[xgboost_dart_mode: 0]
[uniform_drop: 0]
[drop_seed: 4]
[top_rate: 0.2]
[other_rate: 0.1]
[min_data_per_group: 100]
[max_cat_threshold: 32]
[cat_l2: 10]
[cat_smooth: 10]
[max_cat_to_onehot: 4]
[top_k: 20]
[monotone_constraints: ]
[monotone_constraints_method: basic]
[monotone_penalty: 0]
[feature_contri: ]
[forcedsplits_filename: ]
[refit_decay_rate: 0.9]
[cegb_tradeoff: 1]
[cegb_penalty_split: 0]
[cegb_penalty_feature_lazy: ]
[cegb_penalty_feature_coupled: ]
[path_smooth: 0]
[interaction_constraints: ]
[verbosity: 0]
[saved_feature_importance_type: 0]
[linear_tree: 0]
[max_bin: 255]
[max_bin_by_feature: ]
[min_data_in_bin: 3]
[bin_construct_sample_cnt: 200000]
[data_random_seed: 1]
[is_enable_sparse: 1]
[enable_bundle: 1]
[use_missing: 1]
[zero_as_missing: 0]
[feature_pre_filter: 1]
[pre_partition: 0]
[two_round: 0]
[header: 0]
[label_column: ]
[weight_column: ]
[group_column: ]
[ignore_column: ]
[categorical_feature: ]
[forcedbins_filename: ]
[precise_float_parser: 0]
[objective_seed: 5]
[num_class: 1]
[is_unbalance: 0]
[scale_pos_weight: 1]
[sigmoid: 1]
[boost_from_average: 1]
[reg_sqrt: 0]
[alpha: 0.9]
[fair_c: 1]
[poisson_max_delta_step: 0.7]
[tweedie_variance_power: 1.5]
[lambdarank_truncation_level: 30]
[lambdarank_norm: 1]
[label_gain: ]
[eval_at: ]
[multi_error_top_k: 1]
[auc_mu_weights: ]
[num_machines: 1]
[local_listen_port: 12400]
[time_out: 120]
[machine_list_filename: ]
[machines: ]
[gpu_platform_id: -1]
[gpu_device_id: -1]
[gpu_use_dp: 0]
[num_gpu: 1]

end of parameters

pandas_categorical:[]
