tree
version=v3
num_class=1
num_tree_per_iteration=1
label_index=0
max_feature_idx=22
objective=regression
feature_names=f_0 f_1 f_2 f_3 f_4 f_5 f_6 f_7 f_8 f_9 f_10 f_11 f_12 f_13 f_14 f_15 f_16 f_17 f_18 f_19 f_20 f_21 f_22
feature_infos=[3.5138360446667107e-07:0.0066553821535006137] [2.5600331918768856e-06:0.0039732576088439284] [9.2225614268401974e-06:0.0029579505118275174] [0.53000000000000003:6.5599999999999996] [-33.000000000000007:46] [2.4100000000000001:21.82] [-101.00000000000016:144.99999999999994] [-0.15710919088766695:0.17837578087457961] [-81:74] [-46:33.999999999999986] [-51.000000000000021:33.999999999999986] [-33.000000000000007:27.999999999999979] [-41:96.000000000000014] [-36.000000000000007:32.999999999999986] [-0.52000000000000002:2.9100000000000001] [-0.94999999999999996:3.8500000000000001] [-52:73.999999999999972] [-28.000000000000004:24.000000000000004] [-0.29572649572649579:0.64215246636771273] [-0.02958455728073861:0.047292143401983289] [-0.054746473503621829:0.033993115318416534] [-0.039377561323276189:0.045346674363414774] [-0.019984292877423981:0.018327052533256172]
tree_sizes=1778 1868 1850 1862 1849 1884 1860 1869 1869 1862 1896 1882 1886 1879 1875 1879 1865 1872 1866 1898 1871

Tree=0
num_leaves=20
num_cat=0
split_feature=3 14 1 15 3 3 2 3 3 3 2 3 1 1 3 15 14 2 1
split_gain=22.162 10.119 12.5311 7.37345 7.28859 7.5946 6.94853 5.66034 5.1711 5.3767 5.1153 8.72903 5.33021 6.89529 4.48473 3.58064 3.47719 3.32643 3.90887
threshold=1.4750000000000003 1.3050000000000004 0.00022008769603966993 2.8250000000000006 3.0250000000000004 5.4050000000000011 7.5733404095640103e-05 0.56500000000000006 1.7250000000000003 1.5750000000000004 0.00017991077531237903 1.7950000000000002 3.1711042540502074e-05 6.8700249714004685e-05 1.925 3.4650000000000003 2.1750000000000003 0.0003959031665177832 0.00041659036141107858
decision_type=2 2 2 2 2 2 2 2 2 2 2 2 2 2 2 2 2 2 2
left_child=7 2 6 4 17 -6 -2 -1 9 -8 11 12 -5 -14 -12 16 -16 -3 -19
right_child=1 3 -4 10 5 -7 8 -9 -10 -11 14 -13 13 -15 15 -17 -18 18 -20
leaf_value=0.22897598345773845 0.24727955488630987 0.20775887819458055 0.20813253685579672 0.2069734324373303 0.24139152399827901 0.21163529718322865 0.22772598345773845 0.20777944768985451 0.23418431679107179 0.20810904797386748 0.24139152399827901 0.20549384060059558 0.23816441629355936 0.21751765012440513 0.23210098345773844 0.23738944499619999 0.20947167311291087 0.23418431679107179 0.20774753518187639
leaf_weight=32 42 608 103 49 37 51 80 1999 96 62 37 140 67 102 24 26 58 27 29
leaf_count=32 42 608 103 49 37 51 80 1999 96 62 37 140 67 102 24 26 58 27 29
internal_value=0.211422 0.21593 0.223044 0.213759 0.210625 0.224146 0.22853 0.208113 0.225221 0.219161 0.218445 0.215236 0.221493 0.225703 0.226368 0.221221 0.216095 0.208833 0.220494
internal_weight=0 1638 383 1255 752 88 280 2031 238 142 503 358 218 169 145 108 82 664 56
internal_count=3669 1638 383 1255 752 88 280 2031 238 142 503 358 218 169 145 108 82 664 56
is_linear=0
shrinkage=1


Tree=1
num_leaves=20
num_cat=0
split_feature=3 14 1 2 3 14 3 3 3 3 5 1 1 1 3 14 5 1 1
split_gain=20.0012 9.1324 11.3093 6.27105 5.79358 6.24638 5.30224 5.10846 4.66692 4.85247 4.18108 5.84591 3.30466 6.25675 3.207 4.44729 3.89307 4.09191 6.63395
threshold=1.4750000000000003 1.3050000000000004 0.00022008769603966993 7.5733404095640103e-05 3.0250000000000004 1.7250000000000003 2.5350000000000006 0.56500000000000006 1.7250000000000003 1.5750000000000004 16.700000000000006 0.00059420226055148094 0.00029888057667890782 0.00053623892310966626 1.7850000000000004 1.4425000000000001 5.3450000000000006 2.7461596925538323e-05 6.7147545814928586e-05
decision_type=2 2 2 2 2 2 2 2 2 2 2 2 2 2 2 2 2 2 2
left_child=7 2 3 -2 6 -6 12 -1 9 -5 11 -7 14 -14 15 -3 -17 -18 -19
right_child=1 4 -4 8 5 10 -8 -9 -10 -11 -12 -13 13 -15 -16 16 17 18 -20
leaf_value=0.016676200088113546 0.034064592314617975 -0.0081688582563578197 -0.0031250735799085746 0.015488700866699219 0.029046474477729286 0.002409690713125562 -0.0095102150331843986 -0.0034605084813613186 0.021624117344617846 -0.0031473878170213392 -0.0093041284557651063 0.028931854569142865 0.019572449342083575 -0.0062724160444405349 -0.0022912114687568068 7.6565411636384873e-05 -0.008499728860678497 0.024650195366899733 0.0059534628856015371
leaf_weight=32 42 67 103 80 37 63 110 1999 96 62 34 31 67 36 392 177 27 71 143
leaf_count=32 42 67 103 80 37 63 110 1999 96 62 34 31 67 36 392 177 27 71 143
internal_value=0 0.00428285 0.011041 0.0162521 0.0022204 0.010952 0.000898645 -0.00314324 0.0131087 0.00735182 0.00572154 0.0111564 0.00206699 0.0105393 0.00107195 0.00379022 0.0057071 0.00984239 0.0121566
internal_weight=0 1638 383 280 1255 165 1090 2031 238 142 128 94 980 103 877 485 418 241 214
internal_count=3669 1638 383 280 1255 165 1090 2031 238 142 128 94 980 103 877 485 418 241 214
is_linear=0
shrinkage=0.05


Tree=2
num_leaves=20
num_cat=0
split_feature=3 14 1 15 3 5 2 3 2 3 1 1 3 3 3 2 1 8 8
split_gain=18.0511 8.24199 10.2067 6.39452 6.02288 6.89482 5.65962 4.61038 4.37995 7.42253 4.50455 6.76154 4.2119 4.37935 4.11696 2.93739 3.29456 2.92526 7.27402
threshold=1.4750000000000003 1.3050000000000004 0.00022008769603966993 2.8250000000000006 3.0250000000000004 16.830000000000002 7.5733404095640103e-05 0.56500000000000006 0.00017991077531237903 1.7950000000000002 4.0174732622381284e-05 6.8700249714004685e-05 1.7250000000000003 1.5750000000000004 1.885 0.0003959031665177832 0.00041659036141107858 -1.0000000180025095e-35 1.0000000000000122
decision_type=2 2 2 2 2 2 2 2 2 2 2 2 2 2 2 2 2 2 2
left_child=7 2 6 4 15 -6 -2 -1 9 10 -5 -12 13 -8 -10 -3 -17 -14 -19
right_child=1 3 -4 8 5 -7 12 -9 14 -11 11 -13 17 -15 -16 16 -18 18 -20
leaf_value=0.015842390386387708 0.032361362768071042 -0.0034478455414309315 -0.0029688195696154847 -0.0030996689742261718 0.0225873114058265 -0.0061559773105032307 0.014714266313239932 -0.0032874827998587348 0.030654719754539692 -0.005480040535330773 0.026616885696278243 0.005573214758552757 0.030232834954594459 -0.0029900183600764119 0.0095920149558063224 0.02108799922797415 -0.0031826872250129441 -0.0041697322294629849 0.033042912557721141
leaf_weight=32 42 608 103 55 54 34 80 1999 29 140 61 102 43 62 116 27 29 29 24
leaf_count=32 42 608 103 55 54 34 80 1999 29 140 61 102 43 62 116 27 29 29 24
internal_value=0 0.00406871 0.010489 0.00210938 -0.000809575 0.0114819 0.0154395 -0.00298608 0.0064733 0.00350394 0.00927347 0.0134485 0.0124533 0.00698423 0.0138046 -0.00243857 0.00851925 0.0205429 0.0126813
internal_weight=0 1638 383 1255 752 88 280 2031 503 358 218 163 238 142 145 664 56 96 53
internal_count=3669 1638 383 1255 752 88 280 2031 503 358 218 163 238 142 145 664 56 96 53
is_linear=0
shrinkage=0.05


Tree=3
num_leaves=20
num_cat=0
split_feature=3 14 1 15 3 5 2 3 3 14 2 3 3 15 3 1 1 3 3
split_gain=16.2911 7.44254 8.95564 5.67796 5.21302 6.39012 4.88448 4.35629 4.16087 4.08886 3.80068 5.35336 4.37496 4.00402 3.79501 3.72935 4.53145 2.83023 3.78166
threshold=1.4750000000000003 1.2950000000000002 0.00022008769603966993 2.8250000000000006 3.0250000000000004 16.830000000000002 7.5733404095640103e-05 1.7250000000000003 0.56500000000000006 1.7750000000000001 0.00017991077531237903 1.7950000000000002 1.925 3.4650000000000003 1.5750000000000004 4.0174732622381284e-05 7.4531381391876816e-05 0.70500000000000007 0.89500000000000013
decision_type=2 2 2 2 2 2 2 2 2 2 2 2 2 2 2 2 2 2 2
left_child=8 2 6 4 -3 -6 -2 14 -1 -5 11 15 -12 -14 -8 -11 -17 -10 -19
right_child=1 3 -4 9 5 -7 7 -9 17 10 12 -13 13 -15 -16 16 -18 18 -20
leaf_value=0.015050271153450014 0.030656188217605036 -0.0022067111202039593 -0.0026761897129587609 0.026289157786717018 0.021457946162532878 -0.0059697141817637855 0.01368583080512059 0.020405234461245331 -0.0065259319897263482 -0.0036846659387703299 0.026834438821753945 -0.0052060383984020783 0.00096942921610254987 0.023700765950175433 -0.0028405173531463072 0.022544594044829239 0.0045430438339032911 0.0028992467972098809 -0.0033223723151020674
leaf_weight=32 41 671 101 24 54 35 79 92 468 54 37 140 76 26 62 58 88 305 1226
leaf_count=32 41 671 101 24 54 35 79 92 468 54 37 140 76 26 62 58 88 305 1226
internal_value=0 0.00386527 0.0100506 0.00202878 -0.000698571 0.0106718 0.0147418 0.0119414 -0.00283677 0.00614964 0.00514056 0.00229281 0.0121063 0.00676369 0.00641893 0.00754201 0.0116943 -0.00312311 -0.00208293
internal_weight=0 1638 375 1263 760 89 274 233 2031 503 479 340 139 102 141 200 146 1999 1531
internal_count=3669 1638 375 1263 760 89 274 233 2031 503 479 340 139 102 141 200 146 1999 1531
is_linear=0
shrinkage=0.05


Tree=4
num_leaves=20
num_cat=0
split_feature=3 14 1 15 3 14 2 3 14 2 3 3 15 3 3 1 6 1 2
split_gain=14.7027 6.734 8.33371 5.21564 4.9118 5.80987 4.62734 3.75519 3.69019 3.43012 4.83141 3.9484 3.61363 3.42434 3.57799 3.36574 4.12948 3.79768 2.65099
threshold=1.4750000000000003 1.3050000000000004 0.00022008769603966993 2.8250000000000006 3.0250000000000004 1.7150000000000001 7.5733404095640103e-05 0.56500000000000006 1.7750000000000001 0.00017991077531237903 1.7950000000000002 1.925 3.4650000000000003 1.7250000000000003 1.5750000000000004 4.0174732622381284e-05 -5.4999999999999707 5.9651842879946376e-05 0.0003959031665177832
decision_type=2 2 2 2 2 2 2 2 2 2 2 2 2 2 2 2 2 2 2
left_child=7 2 6 4 18 -6 -2 -1 -5 10 15 -11 -13 14 -8 -10 -17 -18 -3
right_child=1 3 -4 8 5 -7 13 -9 9 11 -12 12 -14 -15 -16 16 17 -19 -20
leaf_value=0.014297757204622031 0.029249607913550881 -0.0031651178068530408 -0.0026851985422731602 0.024974700435996058 0.026555647043620841 0.00017057493053100728 0.013304193355143072 -0.0029669531211517883 -0.0035004323693337267 0.025492716882679914 -0.0049457366125924248 0.00092095797391314254 0.022515727464969344 0.01854261294938624 -0.0026984920424799764 -0.0057805826437884369 0.031356345329965861 0.010243425401074164 0.0082036235236695836
leaf_weight=32 42 608 103 24 34 54 80 1999 54 37 140 76 26 96 62 29 28 89 56
leaf_count=32 42 608 103 24 34 54 80 1999 54 37 140 76 26 96 62 29 28 89 56
internal_value=0 0.00367201 0.00947527 0.00190097 -0.00073522 0.0103648 0.0139486 -0.00269493 0.00584216 0.00488353 0.00217817 0.011501 0.00642551 0.0112484 0.00631711 0.00716491 0.0111096 0.0152961 -0.00220631
internal_weight=0 1638 383 1255 752 88 280 2031 503 479 340 139 102 238 142 200 146 117 664
internal_count=3669 1638 383 1255 752 88 280 2031 503 479 340 139 102 238 142 200 146 117 664
is_linear=0
shrinkage=0.05


Tree=5
num_leaves=20
num_cat=0
split_feature=3 3 3 3 14 14 2 1 5 2 3 3 5 3 5 1 1 1 9
split_gain=14.5011 3.98418 3.72782 6.71399 5.60173 3.39732 8.15868 4.05907 4.79445 3.54904 3.07589 2.48351 4.90174 4.50364 2.58671 3.14599 2.37062 5.15331 2.39816
threshold=1.4750000000000003 0.56500000000000006 0.74500000000000011 0.87500000000000011 0.085000000000000006 1.3050000000000004 7.5733404095640103e-05 0.0001909814549781555 6.6550000000000011 0.00018189004180957935 2.0150000000000001 3.1250000000000004 10.425000000000002 2.5350000000000006 16.830000000000002 0.00059420226055148094 0.0003191949020927279 0.00050838497951248996 -7.0000000000000169
decision_type=2 2 2 2 2 2 2 2 2 2 2 2 2 2 2 2 2 2 2
left_child=1 -1 -3 4 -4 6 -2 8 9 -8 -9 13 -13 16 15 -14 18 -18 -7
right_child=5 2 3 -5 -6 11 7 10 -10 -11 -12 12 14 -15 -16 -17 17 -19 -20
leaf_value=0.014490128428705278 0.028839594813493581 -0.0070476153992303382 0.021324361963014977 -0.0033652458663128285 0.00070450080819027408 0.0097759907643000295 -0.0038642058196740273 -0.0058256061150217956 0.016484071243376957 0.0184856741324715 0.01512009629181453 0.030932416692376136 0.00090428878154073442 -0.008254852392158266 -0.0064036485858452634 0.020371713779038854 0.016949335289084249 -0.0052578859031200409 0.0004413285059015863
leaf_weight=31 39 558 51 1314 93 75 78 106 105 23 21 20 49 118 39 36 72 41 833
leaf_count=31 39 558 51 1314 93 75 78 106 105 23 21 20 49 118 39 36 72 41 833
internal_value=0 -0.00329861 -0.00357214 -0.00224202 0.00800737 0.00299545 0.00720253 0.00466846 0.00900286 0.00122537 -0.00236214 0.00177563 0.00796249 0.000993444 0.00425766 0.00914932 0.0020623 0.00889185 0.00121236
internal_weight=0 2047 2016 1458 144 1655 372 333 206 101 127 1283 144 1139 124 85 1021 113 908
internal_count=3702 2047 2016 1458 144 1655 372 333 206 101 127 1283 144 1139 124 85 1021 113 908
is_linear=0
shrinkage=0.05


Tree=6
num_leaves=20
num_cat=0
split_feature=3 3 15 1 15 14 3 3 14 3 2 3 5 3 3 14 15 1 5
split_gain=13.0872 3.59572 3.3954 4.6281 3.76031 8.73018 3.36436 6.05938 5.0981 5.18623 3.08721 3.13213 3.47444 3.05439 5.13615 3.03818 4.43376 3.0998 4.27424
threshold=1.4750000000000003 0.56500000000000006 0.16500000000000004 8.9163341108411753e-05 2.8750000000000004 2.1750000000000003 0.74500000000000011 0.87500000000000011 0.20500000000000004 0.77500000000000013 0.00019333613257693259 1.7750000000000001 8.0950000000000006 3.0450000000000004 5.4050000000000011 1.3050000000000004 1.9650000000000001 0.0001909814549781555 7.5250000000000012
decision_type=2 2 2 2 2 2 2 2 2 2 2 2 2 2 2 2 2 2 2
left_child=1 -1 3 -2 13 10 -3 8 9 -8 11 12 -6 15 -15 16 17 18 -4
right_child=2 6 4 -5 5 -7 7 -9 -10 -11 -12 -13 -14 14 -16 -17 -18 -19 -20
leaf_value=0.013765622050531449 0.023617477665344874 -0.0066952344070198722 -0.00057672516983232381 0.003384903759548539 0.025712377677361172 0.0013573603544284754 -0.0019704957695110986 -0.0031969832854637456 -0.0014167458415031435 0.027108375064056851 0.026973531937057323 -0.001029481440782547 0.003024670840413482 0.025413084588944913 0.00030224689149430822 -0.0019642924569861992 0.026444438880398158 -0.0051212300447856683 0.016947400154637509
leaf_weight=31 45 558 81 76 45 337 23 1314 75 46 44 35 27 32 56 710 21 85 61
leaf_count=31 45 558 81 76 45 337 23 1314 75 46 44 35 27 32 56 710 21 85 61
internal_value=0 -0.00313368 0.00284568 0.0109094 0.00220962 0.00583393 -0.00339354 -0.00212992 0.007607 0.0174154 0.0158247 0.0112401 0.0172045 0.00051874 0.00943346 -0.000300149 0.00446413 0.00243071 0.00695124
internal_weight=0 2047 1655 121 1534 488 2016 1458 144 69 151 107 72 1046 88 958 248 227 142
internal_count=3702 2047 1655 121 1534 488 2016 1458 144 69 151 107 72 1046 88 958 248 227 142
is_linear=0
shrinkage=0.05


Tree=7
num_leaves=20
num_cat=0
split_feature=3 3 15 2 15 14 3 3 14 3 2 3 5 3 3 14 15 1 5
split_gain=11.8112 3.24514 3.06435 4.36925 3.39368 7.87899 3.03633 5.46859 4.60104 4.68057 2.78621 2.82674 3.13568 2.75659 4.63538 2.74196 4.00147 2.79757 3.8575
threshold=1.4750000000000003 0.56500000000000006 0.16500000000000004 7.9224658844010191e-05 2.8750000000000004 2.1750000000000003 0.74500000000000011 0.87500000000000011 0.20500000000000004 0.77500000000000013 0.00019333613257693259 1.7750000000000001 8.0950000000000006 3.0450000000000004 5.4050000000000011 1.3050000000000004 1.9650000000000001 0.0001909814549781555 7.5250000000000012
decision_type=2 2 2 2 2 2 2 2 2 2 2 2 2 2 2 2 2 2 2
left_child=1 -1 3 -2 13 10 -3 8 9 -8 11 12 -6 15 -15 16 17 18 -4
right_child=2 6 4 -5 5 -7 7 -9 -10 -11 -12 -13 -14 14 -16 -17 -18 -19 -20
leaf_value=0.013077340395219864 0.02728688007798688 -0.0063604728989703685 -0.00054788902217959179 0.0050295403227210052 0.024426758719815148 0.0012894922994541487 -0.0018719705226628678 -0.0030371342177532581 -0.0013459087014198305 0.025752956501167754 0.025624855472282933 -0.00097800746560096742 0.0028734371893935733 0.024142430350184443 0.00028713465269122808 -0.0018660780535617344 0.025122217017979849 -0.0048651684908305902 0.016100030282481772
leaf_weight=31 29 558 81 92 45 337 23 1314 75 46 44 35 27 32 56 710 21 85 61
leaf_count=31 29 558 81 92 45 337 23 1314 75 46 44 35 27 32 56 710 21 85 61
internal_value=0 -0.00297699 0.00270339 0.0103639 0.00209914 0.00554223 -0.00322386 -0.00202343 0.00722665 0.0165446 0.0150334 0.0106781 0.0163443 0.000492803 0.00896179 -0.000285141 0.00424093 0.00230918 0.00660368
internal_weight=0 2047 1655 121 1534 488 2016 1458 144 69 151 107 72 1046 88 958 248 227 142
internal_count=3702 2047 1655 121 1534 488 2016 1458 144 69 151 107 72 1046 88 958 248 227 142
is_linear=0
shrinkage=0.05


Tree=8
num_leaves=20
num_cat=0
split_feature=3 3 15 1 15 14 3 3 14 3 2 3 5 5 3 3 14 15 2
split_gain=10.6596 2.92874 2.76557 3.97045 3.06279 7.11079 2.74029 4.9354 4.15741 2.55618 2.51455 2.55114 2.82995 2.50808 2.48782 4.18343 2.47462 3.61133 2.5523
threshold=1.4750000000000003 0.56500000000000006 0.16500000000000004 8.9163341108411753e-05 2.8750000000000004 2.1750000000000003 0.74500000000000011 0.87500000000000011 0.085000000000000006 1.5750000000000004 0.00019333613257693259 1.7750000000000001 8.0950000000000006 4.7650000000000006 3.0450000000000004 5.4050000000000011 1.3050000000000004 1.9650000000000001 9.1540373819016534e-05
decision_type=2 2 2 2 2 2 2 2 2 2 2 2 2 2 2 2 2 2 2
left_child=1 -1 3 -2 14 10 -3 8 -8 13 11 12 -6 -7 16 -16 17 18 -4
right_child=2 6 4 -5 5 9 7 -9 -10 -11 -12 -13 -14 -15 15 -17 -18 -19 -20
leaf_value=0.012423473836914186 0.021616328408320746 -0.0060424493365390328 0.015281473938375712 0.0028763235595665481 0.023205420805348292 -0.00060463917832220761 0.01833777176398857 -0.0028852778153786018 0.0005739706338092845 -0.00096440124412008389 0.024343612654642625 -0.00092910715511866984 0.0027297655189478841 0.018675639641446039 0.022935308376327158 0.00027277795597910884 -0.001772774108488795 0.023866105860187895 4.5985094247720184e-05
leaf_weight=31 45 558 32 76 45 31 51 1314 93 269 44 35 27 37 32 56 710 21 195
leaf_count=31 45 558 32 76 45 31 51 1314 93 269 44 35 27 37 32 56 710 21 195
internal_value=0 -0.00282814 0.00256823 0.00984575 0.00199418 0.00526512 -0.00306267 -0.00192226 0.00686532 0.00122502 0.0142818 0.0101442 0.0155271 0.0098861 0.000468163 0.0085137 -0.000270884 0.00402888 0.00219372
internal_weight=0 2047 1655 121 1534 488 2016 1458 144 337 151 107 72 68 1046 88 958 248 227
internal_count=3702 2047 1655 121 1534 488 2016 1458 144 337 151 107 72 68 1046 88 958 248 227
is_linear=0
shrinkage=0.05


Tree=9
num_leaves=20
num_cat=0
split_feature=3 3 15 2 15 14 3 3 1 5 2 2 3 2 15 15 5 3 14
split_gain=9.62032 2.64319 2.49593 3.75202 2.76417 6.41748 2.47311 4.4542 4.01397 6.37062 2.32589 3.25633 2.30695 2.34478 2.84325 2.64458 2.26354 2.24526 3.95256
threshold=1.4750000000000003 0.56500000000000006 0.16500000000000004 7.9224658844010191e-05 2.8750000000000004 2.1750000000000003 0.74500000000000011 0.87500000000000011 2.5317976732766226e-05 3.2950000000000004 0.00012706473277413873 9.0810878130370413e-05 1.5750000000000004 0.00018570759228402314 3.0050000000000003 3.0950000000000002 4.7650000000000006 3.0450000000000004 1.655
decision_type=2 2 2 2 2 2 2 2 2 2 2 2 2 2 2 2 2 2 2
left_child=1 -1 3 -2 17 10 -3 8 -8 -10 11 -6 16 14 -14 -15 -7 -4 -19
right_child=2 6 4 -5 5 12 7 -9 9 -11 -12 -13 13 15 -16 -17 -18 18 -20
leaf_value=0.011802299320697785 0.025035580941315357 -0.005740326880660963 -0.00025734008913995827 0.0044101819315034412 0.022533329034393486 -0.00057440753425321272 0.025188461473832531 -0.0027410137133964847 -0.0032701170032328748 0.024693975053154505 0.019184517070471523 -0.0008549509650987128 0.011952100932598115 -0.0054535747904862677 -0.0061071687892955894 0.014036163784887479 0.017741857106621201 0.025392233518262704 0.0015989307197742165
leaf_weight=31 29 558 958 92 22 31 24 1314 94 26 83 46 25 28 170 46 37 24 64
leaf_count=31 29 558 958 92 22 31 24 1314 94 26 83 46 25 28 170 46 37 24 64
internal_value=0 -0.00268674 0.00243981 0.00935346 0.00189447 0.00500186 -0.00290953 -0.00182614 0.00652205 0.00278877 0.0135677 0.00671185 0.00116377 -0.000916181 -0.00379188 0.00666167 0.0093918 0.000444755 0.00808801
internal_weight=0 2047 1655 121 1534 488 2016 1458 144 120 151 68 337 269 195 74 68 1046 88
internal_count=3702 2047 1655 121 1534 488 2016 1458 144 120 151 68 337 269 195 74 68 1046 88
is_linear=0
shrinkage=0.05


Tree=10
num_leaves=20
num_cat=0
split_feature=3 14 2 15 15 1 3 2 3 2 1 14 15 15 1 14 14 3 15
split_gain=7.68884 4.29337 5.25971 3.46553 2.72938 2.97118 2.30318 2.45728 2.29453 4.67945 2.28679 4.67775 1.9699 1.90504 5.02981 2.02482 2.42306 3.60611 2.85274
threshold=1.4750000000000003 1.2950000000000002 0.00013925313415174691 1.9750000000000003 3.6150000000000007 4.7954927035639654e-05 1.8350000000000002 0.00027156800296505683 0.57500000000000007 8.3548704915605549e-05 0.00022008769603966993 0.095000000000000015 0.42500000000000004 2.8250000000000006 2.3415708388087374e-05 0.32500000000000007 0.16500000000000004 0.88500000000000012 0.33500000000000008
decision_type=2 2 2 2 2 2 2 2 2 2 2 2 2 2 2 2 2 2 2
left_child=8 2 -2 -3 -5 -6 12 -8 9 -1 13 -12 -4 15 -15 16 17 -10 -18
right_child=1 3 6 4 5 -7 7 -9 10 -11 11 -13 -14 14 -16 -17 18 -19 -20
leaf_value=0.025587514042854309 0.013356592612046945 -0.0042819558558138933 0.004536498014657003 0.0020377717002489494 0.00036914876621702442 0.024433430515486618 0.015825595622035591 -0.0046403370458971372 0.003148861880103747 -0.0021362133820851648 0.02307357625276954 -0.001525216385283891 -0.0084071234658812024 0.023024175554513932 -0.0008329557313730843 -0.0045545209343219135 0.016208360940217974 -0.0063407535148023372 0.00078991241753101349
leaf_weight=23 190 220 53 991 23 29 44 22 150 45 27 68 66 25 190 957 35 301 210
leaf_count=23 190 220 53 991 23 29 44 22 150 45 27 68 66 25 190 957 35 301 210
internal_value=0 0.00281564 0.00751348 0.00142079 0.00262367 0.0137896 0.00151245 0.00900362 -0.00178865 0.00724093 -0.00210144 0.00546602 -0.00264232 -0.00248629 0.00194113 -0.00306215 -0.00101015 -0.00318456 0.00299255
internal_weight=0 1638 375 1263 1043 52 185 66 2031 68 1963 95 119 1868 215 1653 696 451 245
internal_count=3669 1638 375 1263 1043 52 185 66 2031 68 1963 95 119 1868 215 1653 696 451 245
is_linear=0
shrinkage=0.05


Tree=11
num_leaves=20
num_cat=0
split_feature=3 14 2 1 15 5 3 5 15 5 2 3 1 14 1 15 1 8 5
split_gain=6.93918 3.87477 4.80886 3.37063 3.12764 2.89121 3.54746 2.62796 2.49082 2.35211 3.27994 3.85835 2.15653 4.22167 1.92239 1.87373 4.5394 1.93895 1.84978
threshold=1.4750000000000003 1.2950000000000002 0.00027897637608550536 5.7264713201406e-05 1.9750000000000003 6.4350000000000014 2.0250000000000004 8.2050000000000018 3.5750000000000006 2.7150000000000003 8.8263656604151995e-05 0.88500000000000012 0.00022008769603966993 0.095000000000000015 4.7954927035639654e-05 2.8250000000000006 2.3415708388087374e-05 9.0000000000000426 3.9550000000000005
decision_type=2 2 2 2 2 2 2 2 2 2 2 2 2 2 2 2 2 2 2
left_child=9 2 3 -2 -3 6 -5 -7 -6 10 11 -1 15 -14 -10 17 -17 -11 -18
right_child=1 4 -4 5 8 7 -8 -9 14 12 -12 -13 13 -15 -16 16 18 -19 -20
leaf_value=0.017883882433176044 0.023995572836484229 -0.0040271796651184556 -0.0057772709704935555 -0.0020118871843814853 0.0018439425227969337 0.015584848322890333 0.019548297771941062 0.00019796495395047324 0.00034718443226555121 -0.003303311200234397 -0.0061891022473573682 -0.0038145824766928154 0.021700699319442115 -0.001434465746230939 0.018150224309946811 0.021654238249361517 0.011217148691415787 0.011494818527251482 -0.0027712145765866241
leaf_weight=57 35 220 60 100 978 122 23 35 23 1566 45 31 27 68 42 25 27 22 163
leaf_count=57 35 220 60 100 978 122 23 35 23 1566 45 31 27 68 42 25 27 22 163
internal_value=0 0.00264811 0.00706643 0.00951285 0.00133626 0.00770251 0.00201969 0.0121547 0.00246757 -0.00168222 0.00468135 0.0102401 -0.00212814 0.00514079 0.0118507 -0.00251114 0.00182563 -0.0030983 -0.000783395
internal_weight=0 1638 375 315 1263 280 123 157 1043 2031 133 88 1898 95 65 1803 215 1588 190
internal_count=3669 1638 375 315 1263 280 123 157 1043 2031 133 88 1898 95 65 1803 215 1588 190
is_linear=0
shrinkage=0.0495


Tree=12
num_leaves=20
num_cat=0
split_feature=3 15 2 14 15 1 2 8 3 14 15 0 7 15 1 3 3 3 3
split_gain=6.2692 3.51182 3.55935 4.27374 2.58321 2.47673 2.38736 2.31565 2.14733 1.94305 3.14785 2.40893 2.52909 2.21244 4.10113 2.08335 3.78832 2.66851 1.94357
threshold=1.4750000000000003 0.7350000000000001 7.777684693952701e-05 0.45500000000000007 3.6150000000000007 4.7954927035639654e-05 0.00014790376662759673 3.0000000000000022 3.0250000000000004 0.31500000000000006 0.7350000000000001 3.843744187735871e-05 0.00062181112937786953 2.8250000000000006 2.3415708388087374e-05 0.88500000000000012 0.77500000000000013 0.8650000000000001 0.99500000000000011
decision_type=2 2 2 2 2 2 2 2 2 2 2 2 2 2 2 2 2 2 2
left_child=9 2 -2 -4 7 -6 -5 -3 -9 10 15 12 -12 -11 -15 16 -1 -18 -17
right_child=1 4 3 6 5 -7 -8 8 -10 13 11 -13 -14 14 -16 18 17 -19 -20
leaf_value=-0.0029124163472552256 0.022407508048787713 0.00065673937010929601 0.00072602227574199672 0.029720351770520213 0.00032669902170157951 0.021860393200922631 0.0081481754777660322 0.0045524076832559055 0.021990470345355569 -0.0037521239163627955 0.028402538505010306 0.0025593776038647449 0.0057505489163126415 0.020376529694867133 -0.00073717052815031069 -0.0061030300714942859 0.024180751134440303 0.0047578513453282274 0.0011462352470472893
leaf_weight=119 36 1277 127 22 23 29 28 74 22 1020 20 158 29 25 190 256 25 53 136
leaf_count=119 36 1277 127 22 23 29 28 74 22 1020 20 158 29 25 190 256 25 53 136
internal_value=0 0.00249186 0.0083609 0.00550396 0.00161459 0.0123359 0.0176399 0.00120854 0.00854863 -0.00158296 0.000305048 0.00550337 0.0149963 -0.00279985 0.00171791 -0.00152187 0.00258938 0.0109831 -0.00358798
internal_weight=0 1638 213 177 1425 52 50 1373 96 2031 796 207 49 1235 215 589 197 78 392
internal_count=3669 1638 213 177 1425 52 50 1373 96 2031 796 207 49 1235 215 589 197 78 392
is_linear=0
shrinkage=0.049005


Tree=13
num_leaves=20
num_cat=0
split_feature=3 14 2 1 15 3 1 5 3 3 2 2 2 1 1 5 15 2 1
split_gain=5.66981 3.27419 4.22158 2.835 2.80921 2.61156 4.67574 2.59105 3.17968 2.54071 4.1702 3.47511 3.18494 5.11828 2.43519 2.29751 2.2672 2.25566 2.78708
threshold=1.4750000000000003 1.2950000000000002 0.00027897637608550536 5.7264713201406e-05 2.8250000000000006 3.0050000000000003 0.00038902402540016425 6.4350000000000014 2.0250000000000004 1.8950000000000002 0.00014618665233674707 0.00017991077531237903 8.4262401652530328e-05 3.1711042540502074e-05 7.5835307108103239e-05 8.2050000000000018 3.4650000000000003 0.0003959031665177832 0.00041659036141107858
decision_type=2 2 2 2 2 2 2 2 2 2 2 2 2 2 2 2 2 2 2
left_child=-1 2 3 -2 5 17 -7 8 -5 10 12 -11 13 -6 -15 -9 -13 -3 -19
right_child=1 4 -4 7 9 6 -8 15 -10 11 -12 16 -14 14 -16 -17 -18 18 -20
leaf_value=-0.0014903357609946893 0.021591209115600717 -0.002613339933981388 -0.0054677120452952385 -0.002067569296532817 -0.0034902563339716895 0.023079282711147391 -0.00040370015230070568 0.014220339427288592 0.017938236624845637 -0.006701906003793329 0.018553080788418524 0.0019787482360770973 -0.0021451986080514912 0.021894671335473632 0.0029380217765998095 0.00011964674732949053 0.018327835986495247 0.01877683202381283 -0.0028834044962948511
leaf_weight=2031 35 611 60 100 47 29 64 122 23 99 58 86 107 58 22 35 26 27 29
leaf_count=2031 35 611 60 100 47 29 64 122 23 99 58 86 107 58 22 35 26 27 29
internal_value=0 0.00234605 0.00632672 0.00857328 0.00116414 -0.00069728 0.00691895 0.00694604 0.00167335 0.00397661 0.00690763 -7.95858e-05 0.00402115 0.00921642 0.0166816 0.0110769 0.00577407 -0.00175921 0.00755992
internal_weight=0 1638 375 315 1263 760 93 280 123 503 292 211 234 127 80 157 112 667 56
internal_count=3669 1638 375 315 1263 760 93 280 123 503 292 211 234 127 80 157 112 667 56
is_linear=0
shrinkage=0.048515


Tree=14
num_leaves=20
num_cat=0
split_feature=3 15 2 14 15 2 5 2 3 8 3 1 14 20 3 5 5 1 15
split_gain=5.13302 3.01901 2.97339 3.66501 2.22997 2.11982 2.0834 2.93081 2.79879 2.05973 1.89379 1.85591 3.71645 1.84514 2.28894 2.78856 4.66425 2.46116 2.21411
threshold=1.4750000000000003 0.7350000000000001 7.777684693952701e-05 0.45500000000000007 3.5750000000000006 0.00014790376662759673 2.7150000000000003 9.799938257717485e-05 0.88500000000000012 3.0000000000000022 3.0250000000000004 0.00022008769603966993 0.095000000000000015 0.002206389452332647 1.7750000000000001 6.9350000000000014 8.2850000000000019 7.4531381391876816e-05 2.0350000000000006
decision_type=2 2 2 2 2 2 2 2 2 2 2 2 2 2 2 2 2 2 2
left_child=6 2 -2 -4 9 -5 7 8 -1 13 -11 -8 -13 14 15 18 17 -17 -3
right_child=1 4 3 5 -6 -7 11 -9 -10 10 -12 12 -14 -15 -16 16 -18 -19 -20
leaf_value=0.014342257096252586 0.02012624228798433 -0.0054691272823080405 0.00064750621494019222 0.027155807767124313 0.010103620722278363 0.0072327799946470947 -0.0021558142149284078 -0.0072960982058232855 -0.0031533641965744005 0.0041015362014402796 0.020151890348175397 0.01980793889761278 -0.0012541102860444393 -0.0022598125945564825 -0.00044887542086108947 0.02780849962836934 -0.0084822403161957122 0.010568366991922443 0.0044505426746882697
leaf_weight=66 36 72 127 22 65 28 1803 36 31 74 22 27 68 391 493 26 24 72 186
leaf_count=66 36 72 127 22 65 28 1803 36 31 74 22 27 68 391 493 26 24 72 186
internal_value=0 0.00220991 0.0075433 0.00498406 0.0014127 0.0159989 -0.00140385 0.00440733 0.00875087 0.000997328 0.00777974 -0.00181106 0.00473195 0.000482208 0.00171031 0.00451156 0.0104948 0.0151423 0.00168226
internal_weight=0 1638 213 177 1425 50 2031 133 97 1360 96 1898 95 1264 873 380 122 98 258
internal_count=3669 1638 213 177 1425 50 2031 133 97 1360 96 1898 95 1264 873 380 122 98 258
is_linear=0
shrinkage=0.0480298


Tree=15
num_leaves=20
num_cat=0
split_feature=3 5 22 10 16 3 3 15 1 17 19 14 15 3 16 21 2 1 5
split_gain=5.596 2.08019 1.74382 1.95778 1.63995 1.63563 4.5608 1.99397 1.57953 1.47586 2.04098 1.43745 3.05266 5.83818 1.56234 1.42756 1.40435 2.76873 1.75087
threshold=1.4750000000000003 2.5750000000000006 0.00020567421198125493 -6.0000000000000266 2 0.77500000000000013 0.83500000000000008 1.655 8.1370606435576183e-05 -3.9999999999999987 -0.0018512063494804385 0.055000000000000007 0.35500000000000004 1.1450000000000002 1.0000000000000007 0.00090911541141447405 8.9924757871603773e-05 3.5975404058942853e-05 5.3150000000000004
decision_type=2 2 2 2 2 2 2 2 2 2 2 2 2 2 2 2 2 2 2
left_child=1 4 3 8 -1 7 15 -3 -2 10 -8 -11 13 14 -13 -7 17 -5 -18
right_child=2 5 -4 16 -6 6 9 -9 -10 11 -12 12 -14 -15 -16 -17 18 -19 -20
leaf_value=0.017400773540598095 0.017116915942610476 -0.0049639320051804506 -0.0013878425944439795 -0.0021723524628646526 -0.0014122656694699452 0.020455282426628078 0.013921909490427349 0.0078197598428191937 0.0051015182050069682 -0.0057228593594374723 -0.00048212144048185982 0.027340251666069404 -0.002496064917038627 -0.0032986390353134604 0.0095809911692591419 0.0043734105023480263 -0.0094390623506595793 0.0070677854961739206 0.0011514175468829238
leaf_weight=22 30 566 333 105 20 26 30 29 141 234 86 24 901 64 21 24 37 243 766
leaf_count=22 30 566 333 105 20 26 30 29 141 234 86 24 901 64 21 24 37 243 766
internal_value=0 -0.00203082 0.00168748 0.00246213 0.00844218 -0.00225021 -0.00136798 -0.00434086 0.00720948 -0.00188651 0.00324306 -0.00236483 -0.00158683 0.00592894 0.0190526 0.012736 0.00175683 0.00427981 0.000663438
internal_weight=0 2047 1655 1322 42 2005 1410 595 171 1360 116 1244 1010 109 45 50 1151 348 803
internal_count=3702 2047 1655 1322 42 2005 1410 595 171 1360 116 1244 1010 109 45 50 1151 348 803
is_linear=0
shrinkage=0.0475495


Tree=16
num_leaves=20
num_cat=0
split_feature=3 14 15 0 12 12 2 5 3 5 1 17 15 2 3 5 2 15 6
split_gain=5.07648 1.89725 2.9875 3.22351 1.7971 2.82813 3.37704 2.92233 2.74047 2.63321 2.24827 1.78017 1.60227 2.85377 1.78709 2.62998 1.78194 2.02354 2.22234
threshold=1.4750000000000003 0.31500000000000006 0.7350000000000001 3.4017674537640902e-05 -1 0.99999999999998923 8.9924757871603773e-05 6.4050000000000011 3.0450000000000004 10.755000000000001 0.00048392163639903368 -2.9999999999999982 2.8750000000000004 0.00019333613257693259 1.7750000000000001 8.0050000000000008 0.00042503811246437964 2.3625000000000003 2.7499999999999862
decision_type=2 2 2 2 2 2 2 2 2 2 2 2 2 2 2 2 2 2 2
left_child=1 2 -1 -4 8 6 7 -6 -2 -10 12 -5 16 14 15 -14 17 18 -8
right_child=4 -3 3 11 5 -7 10 -9 9 -11 -12 -13 13 -15 -16 -17 -18 -19 -20
leaf_value=-0.0017661169714783909 -0.0023070852096848797 -0.003071055400268018 0.018086148136238545 0.013192317705750342 0.00454048988807012 -0.00019365251846306918 0.0063672214443651612 0.017097933861988435 0.021126611429939861 0.0018568353759848919 -0.0060626295482742757 -4.0557383347698235e-05 0.017795463602419761 0.019422077411653669 -0.002725906798427605 -0.0037174846362891065 0.014059972506254704 -0.0071848020824888809 -0.0027641905064439893
leaf_weight=610 415 1240 34 27 88 475 151 77 22 55 58 136 34 36 47 20 25 55 97
leaf_count=610 415 1240 34 27 88 475 151 77 22 55 58 136 34 36 47 20 25 55 97
internal_value=0 -0.00191492 -0.000138446 0.00490155 0.00159117 0.0026001 0.00452893 0.0104006 -0.000793758 0.00736249 0.00267648 0.00215139 0.00376652 0.00804214 0.00398593 0.0098277 0.00198067 0.000984026 0.00279566
internal_weight=0 2047 807 197 1655 1163 688 165 492 77 523 163 465 137 101 54 328 303 248
internal_count=3702 2047 807 197 1655 1163 688 165 492 77 523 163 465 137 101 54 328 303 248
is_linear=0
shrinkage=0.047074


Tree=17
num_leaves=20
num_cat=0
split_feature=3 14 15 0 12 12 2 3 14 15 2 8 3 2 16 12 21 6 18
split_gain=4.60979 1.72283 2.78515 2.6306 1.63189 2.56813 3.06658 2.48854 2.10543 2.03578 2.44846 1.74781 1.74774 1.7868 1.73113 1.54321 1.52953 1.49633 2.42943
threshold=1.4750000000000003 0.31500000000000006 0.89500000000000013 4.1543900426784734e-05 -1 0.99999999999998923 8.9924757871603773e-05 3.0450000000000004 1.8150000000000002 2.8750000000000004 0.00012706473277413873 -0.50000000000005584 1.7750000000000001 0.00019333613257693259 -3.9999999999999862 9.9999999999999947 -0.0053462180311945598 4.9999999999999165 0.059179582917263669
decision_type=2 2 2 2 2 2 2 2 2 2 2 2 2 2 2 2 2 2 2
left_child=1 2 -1 -4 7 6 11 -2 -9 17 -11 -6 -12 -14 -13 -7 -10 -8 -19
right_child=4 -3 3 -5 5 15 9 8 16 10 12 14 13 -15 -16 -17 -18 18 -20
leaf_value=-0.0012748467580706623 -0.0021764966169351817 -0.0028972236210758049 0.02140184487732431 0.0032422176222547967 0.016241002269101041 -0.00078189712941226003 0.0025071646626692633 0.019130359676053893 0.0097035125573659477 -0.00036851951855518538 0.023910275113216597 0.016173706582550303 -0.00016323000131170671 0.0153806898817098 0.0026651793978445942 0.011593008863778124 -0.0058423670005065013 -0.0088048686013610204 0.0070126886909831097
leaf_weight=687 415 1240 21 99 59 452 281 22 28 55 21 28 29 36 78 23 27 71 30
leaf_count=687 415 1240 21 99 59 452 281 22 28 55 21 28 29 36 78 23 27 71 30
internal_value=0 -0.00180653 -0.000130609 0.00642015 0.00150111 0.00245293 0.00427258 -0.000748829 0.00694574 0.00252498 0.00731077 0.00981192 0.0122219 0.00844571 0.00623347 -0.000182691 0.0020719 0.000758503 -0.00410658
internal_weight=0 2047 807 120 1655 1163 688 492 77 523 141 165 86 65 106 475 55 382 101
internal_count=3702 2047 807 120 1655 1163 688 492 77 523 141 165 86 65 106 475 55 382 101
is_linear=0
shrinkage=0.0466033


Tree=18
num_leaves=20
num_cat=0
split_feature=5 2 1 2 15 14 14 2 15 14 14 5 5 15 14 5 15 14 6
split_gain=4.1541 1.92211 3.72403 2.26277 2.82198 3.56636 2.29165 1.94644 2.90367 2.5562 2.2078 2.69837 1.80427 1.921 1.72823 2.4842 1.70809 2.02616 1.69061
threshold=5.3450000000000006 8.9924757871603773e-05 2.8992965239856474e-05 0.0001700048985150641 2.9350000000000005 2.1750000000000003 -0.39499999999999996 4.612981061923272e-05 2.0450000000000004 1.7850000000000004 1.4825000000000002 6.2550000000000008 2.5950000000000002 1.0050000000000001 1.9550000000000003 6.4650000000000007 3.3950000000000005 1.3050000000000004 3.0000000000000031
decision_type=2 2 2 2 2 2 2 2 2 2 2 2 2 2 2 2 2 2 2
left_child=12 2 -2 14 6 -6 -5 8 -4 10 11 -9 13 -1 15 -3 17 18 -17
right_child=1 3 7 4 5 -7 -8 9 -10 -11 -12 -13 -14 -15 -16 16 -18 -19 -20
leaf_value=0.013162513372070004 -0.0061747500101781757 -0.005805730130673729 0.0050678390102135915 0.014819759185035263 0.018707695265871249 0.0028240071351764407 0.00025694985715495912 -0.0032549105897655408 0.026297268898353272 -0.0010063862817593495 0.01840513484565157 0.010881219388544845 -0.0018741521919853673 -0.0042357923735404073 -0.0049539425717362879 0.014606867429138672 0.01617701031197722 -0.0021376658884705098 0.00075173162319809768
leaf_weight=35 60 91 32 24 46 87 553 47 24 102 36 74 2056 22 212 38 20 106 37
leaf_count=35 60 91 32 24 46 87 553 47 24 102 36 74 2056 22 212 38 20 106 37
internal_value=0 0.00147279 0.00435996 0.000580952 0.00225917 0.00831761 0.000862682 0.00636657 0.0141662 0.00468017 0.00837461 0.00539033 -0.00164967 0.00644738 -0.0017832 0.00051884 0.0033822 0.00196841 0.00777167
internal_weight=0 1589 375 1214 710 133 577 315 56 259 157 121 2113 57 504 292 201 181 75
internal_count=3702 1589 375 1214 710 133 577 315 56 259 157 121 2113 57 504 292 201 181 75
is_linear=0
shrinkage=0.0461372


Tree=19
num_leaves=20
num_cat=0
split_feature=3 5 22 10 1 3 3 15 17 18 14 15 3 21 14 15 2 3 7
split_gain=3.82451 1.66938 1.44952 2.45788 1.61979 1.42218 4.17333 1.78202 1.33558 1.94237 1.34638 2.77419 5.26767 1.29307 1.26259 2.12481 1.82113 2.72457 1.71378
threshold=1.4750000000000003 2.5750000000000006 7.3198404278662657e-05 -6.0000000000000266 8.1370606435576183e-05 0.77500000000000013 0.83500000000000008 1.655 -3.9999999999999987 -0.039721742040766998 0.055000000000000007 0.35500000000000004 1.1450000000000002 0.00090911541141447405 2.0950000000000002 2.6950000000000007 0.00017327768808013082 1.7750000000000001 -0.00057327540880169881
decision_type=2 2 2 2 2 2 2 2 2 2 2 2 2 2 2 2 2 2 2
left_child=1 -1 3 4 -2 7 13 -3 9 -8 -10 12 -12 -7 15 -5 17 -17 -16
right_child=2 5 -4 14 -6 6 8 -9 10 -11 11 -13 -14 -15 18 16 -18 -19 -20
leaf_value=0.0074000890639064473 0.017660986077306502 -0.0042395260333299772 -0.00088164285611715641 0.0013102781969679365 0.005374522543174309 0.019006305856691212 0.01477223929128669 0.0073694752207212237 -0.005046235741412183 0.00018131729373964338 0.017656107237778971 -0.0020337155386102698 -0.0027383845444235049 0.0043038195596017377 -0.0049714057436526255 0.0092830276017069873 0.015617824891662177 -0.0093889937327879622 0.0018429917728689585
leaf_weight=42 27 566 447 614 131 26 24 29 234 92 45 901 64 24 134 56 42 23 181
leaf_count=42 27 566 447 614 131 26 24 29 234 92 45 901 64 24 134 56 42 23 181
internal_value=0 -0.00161227 0.00134054 0.00216282 0.00747411 -0.00180105 -0.00101082 -0.00367371 -0.00148729 0.00320013 -0.00192438 -0.0012011 0.00568136 0.0119491 0.0013636 0.00240049 0.00793266 0.00384687 -0.00105583
internal_weight=0 2047 1655 1208 158 2005 1410 595 1360 116 1244 1010 109 50 1050 735 121 79 315
internal_count=3702 2047 1655 1208 158 2005 1410 595 1360 116 1244 1010 109 50 1050 735 121 79 315
is_linear=0
shrinkage=0.0456759


Tree=20
num_leaves=20
num_cat=0
split_feature=3 15 14 2 2 15 8 3 20 15 3 14 0 14 14 3 3 3 3
split_gain=2.79556 2.39728 2.85181 2.87285 1.99254 1.96007 1.81282 1.59385 1.58916 1.96916 3.55105 3.21856 2.0678 1.94716 1.7967 1.65044 1.59102 1.49838 1.466
threshold=1.4750000000000003 0.7350000000000001 0.45500000000000007 7.1840627692684942e-05 0.00014790376662759673 3.5750000000000006 3.0000000000000022 3.0250000000000004 0.002206389452332647 2.7750000000000004 2.0250000000000004 2.6450000000000005 7.9851977540026795e-05 1.9750000000000003 1.3050000000000004 1.5650000000000002 2.0250000000000004 1.7250000000000003 0.57500000000000007
decision_type=2 2 2 2 2 2 2 2 2 2 2 2 2 2 2 2 2 2 2
left_child=18 2 3 -2 -4 6 8 -8 9 12 11 13 14 17 -3 -13 -14 -11 -1
right_child=1 5 4 -5 -6 -7 7 -9 -10 10 -12 15 16 -15 -16 -17 -18 -19 -20
leaf_value=0.0062711394337170269 0.018504052895766038 0.012602951654861139 0.025896106074963302 0.00030897140275431049 0.0070331405582172539 0.0095726399811414589 0.0037961280527147091 0.019124699722636831 -0.0024671947635957958 0.014683133882025017 -0.0031294550045882124 0.011146632321178913 -0.0061562700817982359 0.017048713405815402 0.0011760485120290935 -0.0060580810612958415 0.00060531477732905033 -0.0021603913076462286 -0.0011964042868865613
leaf_weight=68 26 43 28 131 28 65 74 22 391 23 101 20 174 89 172 46 174 31 1963
leaf_count=68 26 43 28 131 28 65 74 22 391 23 101 20 174 89 172 46 174 31 1963
internal_value=0 0.00182992 0.00677746 0.00332217 0.0164646 0.00109039 0.00068499 0.00730893 0.000181906 0.00136839 0.00456859 0.00828869 -0.00039371 0.012504 0.00346143 -0.000844532 -0.00277548 0.0050137 -0.000946383
internal_weight=0 1638 213 157 56 1425 1360 96 1264 873 310 209 563 143 215 66 348 54 2031
internal_count=3669 1638 213 157 56 1425 1360 96 1264 873 310 209 563 143 215 66 348 54 2031
is_linear=0
shrinkage=0.05


end of trees

feature_importances:
f_3=118
f_15=54
f_2=51
f_14=51
f_1=50
f_5=34
f_8=7
f_12=5
f_0=4
f_6=4
f_16=3
f_17=3
f_21=3
f_7=2
f_10=2
f_18=2
f_20=2
f_22=2
f_9=1
f_19=1

parameters:
[boosting: gbdt]
[objective: regression]
[metric: binary_logloss]
[tree_learner: serial]
[device_type: cpu]
[data: ]
[valid: ]
[num_iterations: 10]
[learning_rate: 0.05]
[num_leaves: 20]
[num_threads: 0]
[deterministic: 0]
[force_col_wise: 0]
[force_row_wise: 0]
[histogram_pool_size: -1]
[max_depth: -1]
[min_data_in_leaf: 20]
[min_sum_hessian_in_leaf: 0.001]
[bagging_fraction: 0.7]
[pos_bagging_fraction: 1]
[neg_bagging_fraction: 1]
[bagging_freq: 5]
[bagging_seed: 3]
[feature_fraction: 0.9]
[feature_fraction_bynode: 1]
[feature_fraction_seed: 2]
[extra_trees: 0]
[extra_seed: 6]
[early_stopping_round: 0]
[first_metric_only: 0]
[max_delta_step: 0]
[lambda_l1: 0]
[lambda_l2: 0]
[linear_lambda: 0]
[min_gain_to_split: 0]
[drop_rate: 0.1]
[max_drop: 50]
[skip_drop: 0.5]
[xgboost_dart_mode: 0]
[uniform_drop: 0]
[drop_seed: 4]
[top_rate: 0.2]
[other_rate: 0.1]
[min_data_per_group: 100]
[max_cat_threshold: 32]
[cat_l2: 10]
[cat_smooth: 10]
[max_cat_to_onehot: 4]
[top_k: 20]
[monotone_constraints: ]
[monotone_constraints_method: basic]
[monotone_penalty: 0]
[feature_contri: ]
[forcedsplits_filename: ]
[refit_decay_rate: 0.9]
[cegb_tradeoff: 1]
[cegb_penalty_split: 0]
[cegb_penalty_feature_lazy: ]
[cegb_penalty_feature_coupled: ]
[path_smooth: 0]
[interaction_constraints: ]
[verbosity: 0]
[saved_feature_importance_type: 0]
[linear_tree: 0]
[max_bin: 255]
[max_bin_by_feature: ]
[min_data_in_bin: 3]
[bin_construct_sample_cnt: 200000]
[data_random_seed: 1]
[is_enable_sparse: 1]
[enable_bundle: 1]
[use_missing: 1]
[zero_as_missing: 0]
[feature_pre_filter: 1]
[pre_partition: 0]
[two_round: 0]
[header: 0]
[label_column: ]
[weight_column: ]
[group_column: ]
[ignore_column: ]
[categorical_feature: ]
[forcedbins_filename: ]
[precise_float_parser: 0]
[objective_seed: 5]
[num_class: 1]
[is_unbalance: 0]
[scale_pos_weight: 1]
[sigmoid: 1]
[boost_from_average: 1]
[reg_sqrt: 0]
[alpha: 0.9]
[fair_c: 1]
[poisson_max_delta_step: 0.7]
[tweedie_variance_power: 1.5]
[lambdarank_truncation_level: 30]
[lambdarank_norm: 1]
[label_gain: ]
[eval_at: ]
[multi_error_top_k: 1]
[auc_mu_weights: ]
[num_machines: 1]
[local_listen_port: 12400]
[time_out: 120]
[machine_list_filename: ]
[machines: ]
[gpu_platform_id: -1]
[gpu_device_id: -1]
[gpu_use_dp: 0]
[num_gpu: 1]

end of parameters

pandas_categorical:[]
