tree
version=v3
num_class=1
num_tree_per_iteration=1
label_index=0
max_feature_idx=22
objective=regression
feature_names=f_0 f_1 f_2 f_3 f_4 f_5 f_6 f_7 f_8 f_9 f_10 f_11 f_12 f_13 f_14 f_15 f_16 f_17 f_18 f_19 f_20 f_21 f_22
feature_infos=[2.811842593898112e-07:0.0089292451603560918] [2.1333248529010825e-06:0.0055990001705921817] [4.7857545124566229e-06:0.003721014941950642] [0.53000000000000003:6.5599999999999996] [-33.000000000000007:48] [2.4100000000000001:21.82] [-101.00000000000016:144.99999999999994] [-3.0196613872200984:0.53086419753086433] [-81:74] [-46:33.999999999999986] [-51.000000000000021:33.999999999999986] [-33.000000000000007:29.000000000000004] [-41:96.000000000000014] [-36.000000000000007:32.999999999999986] [-0.83999999999999997:2.9100000000000001] [-1.3200000000000001:3.8500000000000001] [-52:73.999999999999972] [-28.000000000000004:24.000000000000004] [-0.29572649572649579:1.1559792027729636] [-0.02958455728073861:0.047292143401983289] [-0.054746473503621829:0.033993115318416534] [-0.078445945945946005:0.045346674363414774] [-0.019984292877423981:0.018327052533256172]
tree_sizes=1793 1880 1865 1865 1889 1883 1894 1894 1868 1886 1885 1893 1899 1900 1903 1886 1875 1887 1918 1882 1881 1891 1903 1902 1925 1908 1861 1893 1890 1871

Tree=0
num_leaves=20
num_cat=0
split_feature=3 3 15 2 15 14 3 1 3 14 14 14 2 1 3 0 15 1 14
split_gain=17.7871 11.1517 8.01837 9.91019 6.6522 7.01291 5.24277 7.54385 5.02139 5.57756 4.15738 13.6671 5.11317 3.82735 4.19807 5.40468 3.67552 3.6295 3.96599
threshold=1.3650000000000004 0.56500000000000006 0.25500000000000006 7.8542271259090176e-05 2.8250000000000006 2.1650000000000005 3.0350000000000006 0.00039019123253236908 1.5150000000000003 0.35500000000000004 1.3150000000000002 1.0750000000000004 0.0001556740803690246 0.00043498491542526724 1.8950000000000002 4.1750721876030799e-05 1.655 6.8490462429568165e-05 2.5750000000000006
decision_type=2 2 2 2 2 2 2 2 2 2 2 2 2 2 2 2 2 2 2
left_child=1 -1 3 -2 6 -6 10 -8 -5 -10 11 16 -13 14 15 -7 -4 -17 -19
right_child=2 -3 4 8 5 13 7 -9 9 -11 -12 12 -14 -15 -16 17 -18 18 -20
leaf_value=0.27713511494842125 0.28807261527438416 0.24744174662075619 0.24780819099748777 0.271726460941077 0.26755022660306782 0.24829988681633725 0.2860726152147795 0.25401464324488476 0.24932261411954418 0.27670897857208504 0.24793176900767122 0.27024315737868382 0.24307261393327964 0.2714059481110121 0.24656934606363418 0.27973928169269813 0.26446150345960712 0.27427951141504181 0.25128016134769493
leaf_weight=32 33 2663 416 52 134 88 25 69 120 22 781 129 20 30 153 30 36 29 53
leaf_count=32 33 2663 416 52 134 88 25 69 120 22 781 129 20 30 153 30 36 29 53
internal_value=0.250603 0.247794 0.253838 0.262742 0.252824 0.257705 0.251115 0.262541 0.258433 0.253566 0.250337 0.253464 0.266596 0.254261 0.252803 0.257573 0.249135 0.264858 0.259414
internal_weight=0 2695 2220 227 1993 517 1476 94 194 142 1382 601 149 383 353 200 452 112 82
internal_count=4915 2695 2220 227 1993 517 1476 94 194 142 1382 601 149 383 353 200 452 112 82
is_linear=0
shrinkage=1


Tree=1
num_leaves=20
num_cat=0
split_feature=3 3 1 5 5 2 12 3 5 5 2 3 5 17 4 14 1 14 14
split_gain=16.0529 10.0644 4.80431 4.45293 4.0939 6.17302 3.46524 4.69796 14.2129 5.92845 4.71347 3.89077 4.14152 3.59682 3.58666 3.38414 4.42459 3.20532 3.11727
threshold=1.3650000000000004 0.56500000000000006 3.4854304964236653e-05 4.4050000000000011 5.3250000000000011 4.8417494972369245e-05 -0.50000000000000588 1.7850000000000004 6.6550000000000011 8.2850000000000019 0.00016373770410651911 3.0350000000000006 16.830000000000002 -3.0000000000000133 0.50000000000000611 2.5650000000000004 7.6162369214700405e-05 0.81500000000000006 0.13500000000000004
decision_type=2 2 2 2 2 2 2 2 2 2 2 2 2 2 2 2 2 2 2
left_child=1 -1 17 -4 15 -6 11 8 13 10 -10 -7 14 -8 -13 18 -17 -2 -5
right_child=2 -3 3 4 5 6 7 -9 9 -11 -12 12 -14 -15 -16 16 -18 -19 -20
leaf_value=0.025205743638798597 0.013013570231420022 -0.0030029552695986657 0.01603957748372261 0.0049037273352344835 0.018001781909922025 -0.0021994609728284266 0.018461071544637286 0.0025708739086375883 0.027051318148997701 -0.00023371074880872454 0.0083128720687495345 0.0057632549493401141 -0.0081183258976255147 -0.0020999140160925249 0.032328443663815661 0.027415526014837349 -0.0039489165920278298 -0.0051807664907895607 -0.0064046969083515377
leaf_weight=32 27 2663 73 84 81 348 24 611 132 35 45 27 21 187 24 22 23 234 222
leaf_count=32 27 2663 73 84 81 348 24 611 132 35 45 27 21 187 24 22 23 234 222
internal_value=0 -0.00266801 0.00307385 0.00392285 0.00345386 0.00456782 0.00381943 0.00537511 0.00942566 0.0185692 0.0222873 -1.04922e-05 0.0105695 0.000238776 0.0182645 -0.0014177 0.0113848 -0.00329859 -0.00330042
internal_weight=0 2695 2220 1959 1886 1535 1454 1034 423 212 177 420 72 211 51 351 45 261 306
internal_count=4915 2695 2220 1959 1886 1535 1454 1034 423 212 177 420 72 211 51 351 45 261 306
is_linear=0
shrinkage=0.05


Tree=2
num_leaves=20
num_cat=0
split_feature=3 3 15 2 15 14 5 3 14 3 14 15 3 15 14 3 5 5 1
split_gain=14.4877 9.08313 6.94894 8.54779 5.97075 9.48978 5.85452 4.47418 4.85342 3.7923 8.51443 5.62529 5.46856 4.06608 5.67813 5.09243 3.75727 3.59984 5.69436
threshold=1.3650000000000004 0.56500000000000006 0.25500000000000006 7.8542271259090176e-05 1.9750000000000003 1.3350000000000002 4.4050000000000011 1.5150000000000003 0.35500000000000004 3.0350000000000006 1.7250000000000003 3.4550000000000005 2.5350000000000006 2.8250000000000006 2.3550000000000004 2.1650000000000005 9.8250000000000011 6.4850000000000012 3.7733710973342312e-05
decision_type=2 2 2 2 2 2 2 2 2 2 2 2 2 2 2 2 2 2 2
left_child=1 -1 3 -2 6 -6 -4 -5 -9 12 -11 -12 13 15 -15 -7 -17 18 -16
right_child=2 -3 4 7 5 9 -8 8 -10 10 11 -13 -14 14 17 16 -18 -19 -20
leaf_value=0.023945456743240359 0.034733900156888091 -0.0028528070252862945 0.014384315907955171 0.019755149775972734 0.030333009186912986 -0.0022628921119730331 -0.0023505328401523533 -0.0013455934139589469 0.024201172522523188 0.032843121623291692 -0.0004085725299941684 0.026470869034528735 -0.0091941791596592114 0.015320315919816495 -0.004973954587213455 0.018787158812795367 -0.0045251322984695436 -0.004559414855914541 0.013796615009677821
leaf_weight=32 33 2663 56 52 34 366 783 120 22 34 103 24 93 140 62 56 25 101 116
leaf_count=32 33 2663 56 52 34 366 783 120 22 34 103 24 93 140 62 56 25 101 116
internal_value=0 -0.00253461 0.00292015 0.011209 0.00197607 0.00430957 -0.00123355 0.00720733 0.00261236 0.00351958 0.0106204 0.00467101 0.00232747 0.00356478 0.0071035 0.000247727 0.011592 0.00298036 0.00725855
internal_weight=0 2695 2220 227 1993 1154 839 194 142 1120 161 127 959 866 419 447 81 279 178
internal_count=4915 2695 2220 227 1993 1154 839 194 142 1120 161 127 959 866 419 447 81 279 178
is_linear=0
shrinkage=0.05


Tree=3
num_leaves=20
num_cat=0
split_feature=3 3 14 15 3 12 13 2 5 3 5 14 2 15 15 14 15 15 14
split_gain=13.1966 8.02673 5.1081 8.0614 4.48971 4.34859 6.20568 7.5189 4.18801 6.71602 4.41239 3.93459 3.99141 6.34622 3.7527 4.29803 3.66491 3.48434 3.10486
threshold=1.4650000000000001 0.56500000000000006 0.32500000000000007 1.7150000000000001 1.3650000000000004 -1 1.0000000180025095e-35 0.00027858242344636644 6.285000000000001 1.7850000000000004 8.2850000000000019 1.4550000000000003 0.00017009170847804675 2.8250000000000006 1.9750000000000003 1.7250000000000003 -0.15499999999999997 2.1950000000000007 2.0950000000000002
decision_type=2 2 2 2 2 2 2 2 2 2 2 2 2 2 2 2 2 2 2
left_child=1 -1 3 4 16 -2 7 8 -7 10 -10 -11 -13 -14 -8 -16 -3 -9 -19
right_child=5 2 -4 -5 -6 6 14 17 9 11 -12 12 13 -15 15 -17 -18 18 -20
leaf_value=0.022748184204101563 -0.000386316053247531 -0.0079616521211231459 -0.0040778056775008778 0.02719557323941478 0.012398171436507255 0.004334556461965784 -0.004067526593932818 -0.008231636898385155 0.022116414154755241 0.016437838336483376 0.00083373242190905989 -0.0086680397914167037 -0.0071569380483457032 0.025941071659326555 0.015311185702465584 0.0014033578702232295 6.2739885788739473e-05 0.013602188784702152 -0.0064624829157706237
leaf_weight=32 602 170 1810 27 64 188 232 90 187 61 28 57 28 30 69 285 873 51 31
leaf_count=32 602 170 1810 27 64 188 232 90 187 61 28 57 28 30 69 285 873 51 31
internal_value=0 -0.00215855 -0.00242927 0.000201988 -0.000456392 0.00314245 0.00473132 0.00774035 0.0104671 0.0134158 0.0193447 0.00617311 0.000728344 0.00996272 0.000875022 0.00411421 -0.00124517 -0.00143879 0.00601676
internal_weight=0 2976 2944 1134 1107 1939 1337 751 579 391 215 176 115 58 586 354 1043 172 82
internal_count=4915 2976 2944 1134 1107 1939 1337 751 579 391 215 176 115 58 586 354 1043 172 82
is_linear=0
shrinkage=0.05


Tree=4
num_leaves=20
num_cat=0
split_feature=3 3 14 15 3 15 15 2 15 14 14 3 2 14 14 3 14 3 2
split_gain=11.9099 7.24412 4.61006 7.27541 4.05196 3.30758 3.22962 8.03812 5.86743 8.58227 5.18247 4.7784 4.61886 4.94658 3.73396 4.91582 3.6574 6.61378 5.76439
threshold=1.4650000000000001 0.56500000000000006 0.32500000000000007 1.7150000000000001 1.3650000000000004 -0.15499999999999997 0.29500000000000004 7.8542271259090176e-05 1.9750000000000003 1.3450000000000004 0.45500000000000007 1.5150000000000003 0.00024586357762412678 1.3150000000000002 1.0750000000000004 1.6050000000000002 1.7450000000000003 3.0050000000000003 0.00014087488952148748
decision_type=2 2 2 2 2 2 2 2 2 2 2 2 2 2 2 2 2 2 2
left_child=1 -1 3 4 5 -3 7 -2 12 -10 11 -9 13 14 -8 -16 17 18 -11
right_child=6 2 -4 -5 -6 -7 8 10 9 16 -12 -13 -14 -15 15 -17 -18 -19 -20
leaf_value=0.021610775589942934 0.03188893534243107 -0.007563569896361407 -0.0038739154360241655 0.025835794651949847 0.011778262909501791 5.960282949647543e-05 0.0002488721054413415 0.022675532264553985 0.034113003189365075 0.013327501596110623 0.027469240907918326 -0.0019534841614918118 -0.0089988262614896213 -0.0051169849201744685 0.020505480662636136 0.00046661566604267466 0.0025271753240677835 0.027470669219660206 -0.0077108737909131588
leaf_weight=32 32 170 1810 27 64 873 173 23 24 82 22 137 155 204 69 55 866 43 54
leaf_count=32 32 170 1810 27 64 873 173 23 24 82 22 137 155 204 69 55 866 43 54
internal_value=0 -0.00205062 -0.00230781 0.000191889 -0.000433573 -0.00118291 0.00298533 0.00877887 0.00226659 0.00455094 0.00471557 0.00158694 -0.00145592 0.000877709 0.00499528 0.0116173 0.003872 0.0103782 0.00497403
internal_weight=0 2976 2944 1134 1107 1043 1939 214 1725 1069 182 160 656 501 297 124 1045 179 136
internal_count=4915 2976 2944 1134 1107 1043 1939 214 1725 1069 182 160 656 501 297 124 1045 179 136
is_linear=0
shrinkage=0.05


Tree=5
num_leaves=20
num_cat=0
split_feature=3 3 3 3 14 1 14 5 14 14 14 14 13 8 12 2 5 3 2
split_gain=13.2257 5.68581 5.56715 4.88261 6.41596 3.94852 3.5872 8.00201 6.09904 3.70619 7.05758 3.48119 3.26625 3.88621 3.8778 4.62404 5.1352 7.82614 4.60954
threshold=1.3350000000000002 0.56500000000000006 0.7350000000000001 0.87500000000000011 0.085000000000000006 2.4631507214963971e-05 0.055000000000000007 3.2450000000000006 0.63500000000000012 1.885 1.9950000000000003 0.19500000000000003 0.99999999999998956 3.999999999999996 -1 0.00031628170679248859 6.5250000000000012 1.7850000000000004 0.00018752433870193469
decision_type=2 2 2 2 2 2 2 2 2 2 2 2 2 2 2 2 2 2 2
left_child=1 -1 -3 4 -4 -2 -5 -8 11 -10 -11 -9 14 -14 -7 16 -16 -18 -19
right_child=5 2 3 6 -6 12 7 8 9 10 -12 -13 13 -15 15 -17 17 18 -20
leaf_value=0.018564509960912891 -0.004592432327322908 -0.0074623822633709232 0.020211122131773406 -0.0079840444634820141 -0.00054774544797502121 0.0012960355477317739 0.010844314167229068 -0.004144336064251102 -0.0086615788456577587 0.018581445632796539 -0.0042991626082650768 0.0031935335680058131 -0.0012353963907437559 0.013320668026804925 0.0034495583516948019 -0.0012250353923495513 0.019585335614917043 -0.0016063995055250219 0.012803207962094127
leaf_weight=31 182 546 56 258 111 622 119 245 447 38 298 475 553 50 324 161 182 111 111
leaf_count=31 182 546 56 258 111 622 119 245 447 38 298 475 553 50 324 161 182 111 111
internal_value=0 -0.00272201 -0.0029765 -0.00177997 0.00641331 0.00247429 -0.00250778 -0.00163671 -0.00262489 -0.00567916 -0.00171147 0.00069662 0.00308269 -2.84259e-05 0.00432425 0.00644297 0.00813878 0.0118994 0.0055984
internal_weight=0 2624 2593 2047 167 2296 1880 1622 1503 783 336 720 2114 603 1511 889 728 404 222
internal_count=4920 2624 2593 2047 167 2296 1880 1622 1503 783 336 720 2114 603 1511 889 728 404 222
is_linear=0
shrinkage=0.05


Tree=6
num_leaves=20
num_cat=0
split_feature=3 3 3 3 14 15 2 15 14 15 5 14 15 15 14 14 14 15 2
split_gain=11.9362 5.13144 5.02436 4.40656 5.79041 4.29059 5.37917 5.11018 10.1247 3.77254 6.51245 4.61627 11.2431 5.05813 5.31432 5.62896 3.52761 4.24647 7.92224
threshold=1.3350000000000002 0.56500000000000006 0.7350000000000001 0.87500000000000011 0.085000000000000006 0.25500000000000006 7.9273110872304147e-05 2.8650000000000007 2.1650000000000005 -0.21499999999999997 3.2450000000000006 0.63500000000000012 1.5550000000000004 2.4350000000000005 2.0450000000000004 1.885 0.18250000000000002 0.12500000000000003 4.1121681175059482e-05
decision_type=2 2 2 2 2 2 2 2 2 2 2 2 2 2 2 2 2 2 2
left_child=1 -1 -3 4 -4 6 -2 -7 -9 -5 -11 12 16 -13 15 -15 -12 18 -18
right_child=5 2 3 9 -6 7 -8 8 -10 10 11 13 -14 14 -16 -17 17 -19 -20
leaf_value=0.017636284232139587 0.027502504487832386 -0.0070892631475414558 0.019200566357799941 -0.010218288193286306 -0.00052035836217639679 0.00021989987615276784 0.0056981008537489962 0.016843856071794269 0.0013536363265344074 0.008518823524805862 -0.0053930292746015625 -0.0089896215001742039 0.029032006580382588 -0.0022742749024660162 -0.0041407478652594294 0.025143444165587427 0.037788262150504376 -0.00020237197289840628 -0.0011883833445608617
leaf_weight=31 33 546 56 142 111 1564 198 151 350 142 306 435 32 39 273 36 22 421 32
leaf_count=31 33 546 56 142 111 1564 198 151 350 142 306 435 32 39 273 36 22 421 32
internal_value=0 -0.00258591 -0.00282767 -0.00169097 0.00609265 0.00235058 0.00881302 0.00162766 0.00602235 -0.00238239 -0.00174217 -0.00265512 -1.61474e-05 -0.0053952 -0.000902175 0.0108862 -0.00120634 0.00149077 0.014691
internal_weight=0 2624 2593 2047 167 2296 231 2065 501 1880 1738 1596 813 783 348 75 781 475 54
internal_count=4920 2624 2593 2047 167 2296 231 2065 501 1880 1738 1596 813 783 348 75 781 475 54
is_linear=0
shrinkage=0.05


Tree=7
num_leaves=20
num_cat=0
split_feature=3 3 3 3 15 1 15 14 5 15 8 14 15 3 14 5 15 3 1
split_gain=10.7724 4.63113 4.55351 4.83253 3.87225 4.89016 4.61194 9.13755 3.59352 4.52725 3.50648 3.39797 11.5356 5.67906 4.47344 5.69855 5.46332 7.74032 3.86707
threshold=1.3350000000000002 0.56500000000000006 0.74500000000000011 0.83500000000000008 0.25500000000000006 8.9804403584669545e-05 2.8650000000000007 2.1650000000000005 3.2850000000000006 0.51500000000000012 3.4999999999999813 0.75500000000000012 1.5550000000000004 0.87500000000000011 0.16500000000000004 3.3350000000000004 0.12500000000000003 1.1950000000000001 2.986722855961553e-05
decision_type=2 2 2 2 2 2 2 2 2 2 2 2 2 2 2 2 2 2 2
left_child=1 -1 -3 8 5 -2 10 -8 9 -4 -6 12 13 -5 -15 -16 17 -17 -18
right_child=4 2 3 11 6 -7 7 -9 -10 -11 -12 -13 -14 14 15 16 18 -19 -20
leaf_value=0.016754471486614599 0.020653765350580219 -0.0066876434310469586 -0.012538008391857147 0.020184858168164892 -0.00051285638405591935 0.0040631012958392762 0.016001663302743673 0.0012859545818396977 0.027248347712599714 0.01659718821446101 0.0079746215695277196 -0.0044528952818385847 0.025453079527332667 -0.0057837664526562364 0.016877982400211634 0.029599034808137838 -0.0094825643342691703 -0.0020104512241151599 0.00034348202679685493
leaf_weight=31 60 558 24 30 1431 171 151 350 23 30 133 849 42 430 51 34 143 45 334
leaf_count=31 60 558 24 30 1431 171 151 350 23 30 133 849 42 430 51 34 143 45 334
internal_value=0 -0.00245662 -0.00268629 -0.00158911 0.00223305 0.00837236 0.00154628 0.00572123 0.0106976 0.00364821 0.000208905 -0.0020723 -0.000249823 -0.00126156 -0.001882 0.000882027 -0.000585228 0.0115936 -0.00260227
internal_weight=0 2624 2593 2035 2296 231 2065 501 77 54 1564 1958 1109 1067 1037 607 556 79 477
internal_count=4920 2624 2593 2035 2296 231 2065 501 77 54 1564 1958 1109 1067 1037 607 556 79 477
is_linear=0
shrinkage=0.05


Tree=8
num_leaves=20
num_cat=0
split_feature=3 3 3 3 15 2 15 14 5 14 15 5 15 14 15 3 14 15 3
split_gain=9.72213 4.17959 4.10954 4.36135 3.50422 4.7215 4.28589 8.24664 3.56157 5.62721 3.2526 3.24315 4.08584 3.07639 9.23419 5.38496 4.62171 4.57428 7.85296
threshold=1.3350000000000002 0.56500000000000006 0.74500000000000011 0.83500000000000008 0.29500000000000004 7.9273110872304147e-05 2.8650000000000007 2.1650000000000005 4.4050000000000011 1.7650000000000003 1.655 3.2850000000000006 0.51500000000000012 0.63500000000000012 1.5550000000000004 0.87500000000000011 0.16500000000000004 0.12500000000000003 1.1950000000000001
decision_type=2 2 2 2 2 2 2 2 2 2 2 2 2 2 2 2 2 2 2
left_child=1 -1 10 11 5 -2 8 -8 9 -6 -3 12 -4 14 15 -5 -17 18 -18
right_child=4 2 3 13 6 -7 7 -9 -10 -11 -12 -13 -14 -15 -16 16 17 -19 -20
leaf_value=0.015916746470236009 0.025245515505472823 -0.0072470585908916809 -0.011911108531057835 0.020272621204113141 0.01664156062262399 0.0050159805499049781 0.015201579429061208 0.0012216568035738808 -0.00050421458720746972 -0.011865019636309666 0.0099508429909574581 0.025885928843332375 0.015767329782247545 -0.0041197459842259683 0.026307752449065448 -0.0054945781445780474 0.028959444400511292 -0.00047964992596931068 -0.0019099285701910656
leaf_weight=31 33 529 24 29 70 229 151 350 1440 23 29 23 30 899 32 430 38 485 45
leaf_count=31 33 529 24 29 70 229 151 350 1440 23 29 23 30 899 32 430 38 485 45
internal_value=0 -0.00233379 -0.00255198 -0.00150966 0.0021214 0.00756398 0.00142034 0.00543517 0.000108248 0.00959155 -0.00635326 0.0101627 0.0034658 -0.00196868 -0.000142618 -0.000966778 -0.00158395 0.00137655 0.012223
internal_weight=0 2624 2593 2035 2296 262 2034 501 1533 93 558 77 54 1958 1059 1027 998 568 83
internal_count=4920 2624 2593 2035 2296 262 2034 501 1533 93 558 77 54 1958 1059 1027 998 568 83
is_linear=0
shrinkage=0.05


Tree=9
num_leaves=20
num_cat=0
split_feature=3 3 3 3 1 15 3 3 14 14 15 5 15 2 3 14 2 2 2
split_gain=8.77423 3.77208 3.70886 3.93612 3.24102 3.45879 5.88112 5.14818 4.93379 4.28609 4.29768 4.57384 4.77687 5.24385 4.42719 4.26698 5.8553 3.72556 3.26138
threshold=1.3350000000000002 0.56500000000000006 0.74500000000000011 0.83500000000000008 2.4631507214963971e-05 2.8650000000000007 2.1450000000000005 3.3350000000000004 2.7950000000000004 1.6150000000000004 1.9450000000000001 4.535000000000001 0.29500000000000004 7.9273110872304147e-05 3.0350000000000006 1.3350000000000002 9.4918727271619191e-05 7.1495050875851985e-05 0.00017009170847804675
decision_type=2 2 2 2 2 2 2 2 2 2 2 2 2 2 2 2 2 2 2
left_child=1 -1 -3 -4 -2 9 8 -8 18 10 11 -6 13 -13 15 -12 17 -17 -7
right_child=4 2 3 -5 5 6 7 -9 -10 -11 14 12 -14 -15 -16 16 -18 -19 -20
leaf_value=0.015120910829113376 -0.0043870606101476233 -0.0060355983046968351 0.0096545872556698803 -0.0018702504416286522 0.011820797249674797 0.0091762243605711877 -0.0092847205201784782 0.010599118310446833 -0.0067301600779357713 -0.0020856401402274626 0.022876801448208944 0.026492319024842361 -0.0018970459712747958 0.0037765612907525968 0.030614548921585084 0.0040790012515172728 -0.0068445175460406715 0.027739257365465165 0.021310895946072907
leaf_weight=31 182 558 77 1958 102 204 90 51 38 554 35 29 568 205 23 41 70 28 76
leaf_count=31 182 558 77 1958 102 204 90 51 38 554 35 29 568 205 23 41 70 28 76
internal_value=0 -0.0022171 -0.00242438 -0.00143418 0.00201533 0.00256652 0.00640689 -0.00209269 0.0101756 0.00150143 0.00330637 0.00184809 0.000579738 0.00659176 0.0099982 0.00727305 0.00334404 0.0136803 0.0124699
internal_weight=0 2624 2593 2035 2296 2114 459 141 318 1655 1101 904 802 234 197 174 139 69 280
internal_count=4920 2624 2593 2035 2296 2114 459 141 318 1655 1101 904 802 234 197 174 139 69 280
is_linear=0
shrinkage=0.05


Tree=10
num_leaves=20
num_cat=0
split_feature=3 14 3 15 3 2 2 3 3 14 15 15 14 2 15 3 1 1 3
split_gain=6.42235 4.09237 4.18604 3.56478 3.29008 4.29979 5.43965 3.5631 4.49512 3.94666 5.02456 3.15349 6.2457 4.26807 6.03905 6.10789 3.16872 6.48381 3.53362
threshold=1.4750000000000003 -0.20499999999999999 0.56500000000000006 0.065000000000000016 1.5350000000000004 3.6323094566587984e-05 4.658773407259126e-05 3.0350000000000006 2.5350000000000006 1.7250000000000003 3.4550000000000005 1.7350000000000001 1.3650000000000004 0.00027858242344636644 1.1850000000000003 2.0250000000000004 0.00029424454832396879 0.0005691685285342925 2.0850000000000004
decision_type=2 2 2 2 2 2 2 2 2 2 2 2 2 2 2 2 2 2 2
left_child=1 3 -3 -1 -2 -6 -7 8 11 -9 -11 13 -13 14 15 -8 -14 18 -18
right_child=4 2 -4 -5 5 6 7 9 -10 10 -12 12 16 -15 -16 -17 17 -19 -20
leaf_value=0.00035399794578552248 0.0077756600044822299 0.016330590518191457 -0.00185198017888712 0.02502323653962877 -0.010174923837184907 0.014305659227593002 0.0040294096365079777 0.021069808659905737 -0.0087329465399185822 -0.0011070862267781232 0.024296599005659423 0.020801398006020762 0.00078364348949959677 -0.0090206084932599757 -0.0060370664832726968 0.032507978486163276 0.0079473973172051581 -0.0078469887375831604 0.030579803226625221
leaf_weight=32 241 32 2930 27 75 86 182 44 120 103 24 49 548 140 159 21 35 33 34
leaf_count=32 241 32 2930 27 75 86 182 44 120 103 24 49 548 140 159 21 35 33 34
internal_value=0 -0.00139582 -0.00165554 0.0116433 0.00231794 0.00152223 0.00207818 0.00137337 0.000494258 0.00816468 0.00369361 0.00141621 0.00358745 -0.00160709 0.00126002 0.00697547 0.00228978 0.0103816 0.0190996
internal_weight=0 3021 2962 59 1894 1653 1578 1492 1321 171 127 1201 699 502 362 203 650 102 69
internal_count=4915 3021 2962 59 1894 1653 1578 1492 1321 171 127 1201 699 502 362 203 650 102 69
is_linear=0
shrinkage=0.05


Tree=11
num_leaves=20
num_cat=0
split_feature=3 14 15 5 3 15 15 5 14 15 15 15 18 12 13 2 14 15 8
split_gain=5.79617 3.85156 4.69401 3.37654 3.24866 3.20499 3.15943 4.31083 3.55926 6.75283 3.20059 3.12649 3.05629 2.87216 4.31372 4.9743 2.76192 4.39537 3.14535
threshold=1.4750000000000003 0.32500000000000007 1.7150000000000001 2.5950000000000002 1.3650000000000004 -0.15499999999999997 2.8250000000000006 4.0250000000000012 1.1850000000000003 1.6150000000000004 3.1150000000000007 3.5850000000000004 -0.022572407428477489 -1 1.0000000180025095e-35 0.00026444997171336189 0.55500000000000016 1.1050000000000002 3.1666666666666736
decision_type=2 2 2 2 2 2 2 2 2 2 2 2 2 2 2 2 2 2 2
left_child=1 2 3 -1 5 -5 8 -8 9 -3 -9 13 -11 -2 15 -15 -16 -18 -19
right_child=11 6 -4 4 -6 -7 7 10 -10 12 -12 -13 -14 14 16 -17 17 18 -20
leaf_value=0.014031180572024611 -0.0011008064745680283 -0.003207749623088283 0.020940475913030762 -0.007189221466885754 0.010052899764850737 0.00038178020173616545 0.013939961254356368 0.013271605587724982 -0.0066552583217886945 0.02073807273550253 -0.0049949276382403986 0.013299065306782723 0.0039110852680329621 0.0080830707639371925 -0.009453304427473443 -0.0012816779571089973 0.023856981649249796 -0.00082736059323299763 0.017585767429322004
leaf_weight=43 570 956 28 163 72 859 62 29 560 38 124 60 87 533 69 188 20 430 24
leaf_count=43 570 956 28 163 72 859 62 29 560 38 124 60 87 533 69 188 20 430 24
internal_value=0 -0.00131277 0.000918102 0.000425027 -0.000109767 -0.000825728 -0.00271307 0.00292922 -0.00345231 -0.00179306 -0.00153264 0.00218002 0.00902649 0.00181626 0.00313171 0.00564122 -0.000200451 0.00114648 0.000146021
internal_weight=0 3021 1165 1137 1094 1022 1856 215 1641 1081 153 1894 125 1834 1264 721 543 474 454
internal_count=4915 3021 1165 1137 1094 1022 1856 215 1641 1081 153 1894 125 1834 1264 721 543 474 454
is_linear=0
shrinkage=0.0495


Tree=12
num_leaves=20
num_cat=0
split_feature=1 3 3 14 15 1 3 14 15 2 15 16 1 1 15 14 15 3 14
split_gain=5.3678 3.23763 3.74808 3.52964 4.91598 3.40009 3.36025 5.71446 7.02418 4.4141 3.49629 2.95627 2.85994 5.0759 2.79646 3.27515 3.8537 5.18269 4.21703
threshold=3.4854304964236653e-05 3.0550000000000002 2.5350000000000006 1.7750000000000001 3.4550000000000005 0.00068985529880498907 1.4650000000000001 0.8650000000000001 1.6725000000000001 0.00027858242344636644 1.6725000000000001 12.250000000000007 0.00029424454832396879 0.0004192411074517845 3.6250000000000004 1.3150000000000002 2.7750000000000004 2.3650000000000007 2.7950000000000004
decision_type=2 2 2 2 2 2 2 2 2 2 2 2 2 2 2 2 2 2 2
left_child=-1 2 6 5 -5 -3 7 8 -2 11 -11 14 -12 -14 15 -8 17 -17 -18
right_child=1 3 -4 4 -6 -7 9 -9 -10 10 12 -13 13 -15 -16 16 18 -19 -20
leaf_value=-0.0026864201013044515 0.00066214271138210221 0.029822227956450408 -0.0076554496271967892 -0.0026417874186951667 0.022379378115199505 0.0052119382340518328 0.0075397369067523052 -0.0045262236823360716 0.019212931968964196 -0.007778994258939239 -0.0072386237361994768 -0.0097184289460256704 0.020212343476205024 -0.0021741631691836356 0.020432135356965545 -0.0028703515265782386 0.0078114655241580079 0.020683237867355347 -0.012808067454701434
leaf_weight=1288 1261 28 125 88 24 26 426 561 51 152 46 36 43 56 26 344 284 24 26
leaf_count=1288 1261 28 125 88 24 26 426 561 51 152 46 36 43 56 26 344 284 24 26
internal_value=0 0.000996299 0.000675647 0.00768169 0.00271989 0.0179728 0.000987814 -0.000386754 0.00138325 0.0027476 -0.00258588 0.00410613 0.00285794 0.00754927 0.00454655 0.00417244 0.0020567 -0.00133425 0.00608209
internal_weight=0 3627 3461 166 112 54 3336 1873 1312 1463 297 1166 145 99 1130 1104 678 368 310
internal_count=4915 3627 3461 166 112 54 3336 1873 1312 1463 297 1166 145 99 1130 1104 678 368 310
is_linear=0
shrinkage=0.049005


Tree=13
num_leaves=20
num_cat=0
split_feature=15 1 14 14 1 15 15 1 2 5 5 3 5 2 14 3 15 5 3
split_gain=4.9991 4.03696 4.18762 3.62568 4.54292 3.98291 3.70078 3.69441 3.51838 4.01435 2.94391 2.47772 2.65693 8.22051 4.08908 3.77364 3.26061 6.72919 3.10317
threshold=2.8250000000000006 3.4854304964236653e-05 2.0750000000000006 2.3550000000000004 0.00043498491542526724 3.6250000000000004 3.1450000000000005 4.7258289118299465e-05 0.00012787927812852091 9.9450000000000021 2.6950000000000007 0.56500000000000006 6.3650000000000011 0.00013633704530260099 1.4425000000000001 2.0250000000000004 1.7950000000000002 7.3650000000000011 3.0050000000000003
decision_type=2 2 2 2 2 2 2 2 2 2 2 2 2 2 2 2 2 2 2
left_child=1 10 11 7 5 6 -5 -2 -9 -10 -1 -3 15 14 16 -13 17 -14 -15
right_child=3 2 -4 4 -6 -7 -8 8 9 -11 -12 12 13 18 -16 -17 -18 -19 -20
leaf_value=0.012515758182306082 0.019338151809026153 0.014502851650687475 -0.0057403545677911314 0.0064232011630266667 0.023012388961826051 0.013512055229510218 -0.0046458910074695407 -0.00058473016375720766 0.017499225358880769 -0.0026863206615440546 -0.003406512465917058 -0.00037352590923653034 -0.0002754658206447959 -0.0022102871285348568 -0.0053131089162632315 0.018976326301019267 0.026517205051455908 0.021550497751397297 0.0073843258733181007
leaf_weight=28 55 31 246 96 21 45 274 116 78 33 1145 2050 66 370 29 24 40 67 101
leaf_count=28 55 31 246 96 21 45 274 116 78 33 1145 2050 66 370 29 24 40 67 101
internal_value=0 -0.000610562 0.00032655 0.00377022 0.000997605 -0.000116396 -0.00177391 0.00805695 0.00532362 0.0114981 -0.00302644 0.000863792 0.000709874 0.00335858 0.0115461 -0.000149612 0.0143722 0.0107196 -0.000152844
internal_weight=0 4197 3024 718 436 415 370 282 227 111 1173 2778 2747 673 202 2074 173 133 471
internal_count=4915 4197 3024 718 436 415 370 282 227 111 1173 2778 2747 673 202 2074 173 133 471
is_linear=0
shrinkage=0.048515


Tree=14
num_leaves=20
num_cat=0
split_feature=15 1 14 14 1 15 15 1 2 5 5 5 15 3 5 2 14 3 14
split_gain=4.5258 3.65476 3.79116 3.28241 4.11282 3.60583 3.3504 3.34464 3.18527 3.63429 2.66519 2.29776 2.27051 2.24314 2.40538 7.44222 3.70195 3.46352 3.3276
threshold=2.8250000000000006 3.4854304964236653e-05 2.0750000000000006 2.3550000000000004 0.00043498491542526724 3.6250000000000004 3.1450000000000005 4.7258289118299465e-05 0.00012787927812852091 9.9450000000000021 2.6950000000000007 5.3550000000000013 3.4250000000000003 0.56500000000000006 6.3650000000000011 0.00013633704530260099 1.4425000000000001 2.0050000000000003 0.8650000000000001
decision_type=2 2 2 2 2 2 2 2 2 2 2 2 2 2 2 2 2 2 2
left_child=1 10 13 7 5 6 11 -2 12 -10 -1 -5 -9 -3 17 16 -16 18 -15
right_child=3 2 -4 4 -6 -7 -8 8 9 -11 -12 -13 -14 14 15 -17 -18 -19 -20
leaf_value=0.011789470868508874 0.018215963263874629 0.013661253898110255 -0.0054072429572193546 0.015033705650647499 0.021676984992969665 0.012727953415132222 -0.0043762908717731022 -0.0065029233933242021 0.016483749137382101 -0.002530433957899399 -0.0032088332565903413 -9.5964256025199432e-05 0.0070352434103547789 0.00074290398799795976 0.013538185484219353 -0.00014397406772031089 -0.0050047904486094615 0.014626887752679443 -0.0036922597438676374
leaf_weight=28 55 31 246 39 21 45 274 65 78 33 1145 57 51 1512 173 471 29 36 526
leaf_count=28 55 31 246 39 21 45 274 65 78 33 1145 57 51 1512 173 471 29 36 526
internal_value=0 -0.000575131 0.0003076 0.00355143 0.000939714 -0.000109642 -0.00167097 0.00758941 0.00501469 0.0108309 -0.00285082 0.00605046 -0.000550798 0.000813666 0.000668681 0.00316368 0.0108761 -0.00014093 -0.000401795
internal_weight=0 4197 3024 718 436 415 370 282 227 111 1173 96 116 2778 2747 673 202 2074 2038
internal_count=4915 4197 3024 718 436 415 370 282 227 111 1173 96 116 2778 2747 673 202 2074 2038
is_linear=0
shrinkage=0.0480298


Tree=15
num_leaves=20
num_cat=0
split_feature=3 15 2 15 14 5 14 3 14 3 5 14 15 3 3 3 3 3 5
split_gain=5.50751 2.53723 3.39631 2.54577 5.69914 2.87044 4.22027 2.48915 6.48664 4.06722 2.73323 2.42466 3.4382 2.65269 4.81904 2.3798 3.40882 3.35963 2.91327
threshold=1.3350000000000002 0.29500000000000004 7.9273110872304147e-05 2.8650000000000007 2.1650000000000005 4.4050000000000011 1.7650000000000003 1.5150000000000003 0.085000000000000006 1.7550000000000001 8.0550000000000015 0.57500000000000007 0.72500000000000009 3.0050000000000003 5.4250000000000016 0.56500000000000006 0.74500000000000011 0.83500000000000008 3.2850000000000006
decision_type=2 2 2 2 2 2 2 2 2 2 2 2 2 2 2 2 2 2 2
left_child=15 2 -2 5 -5 6 -3 8 -4 -9 -11 -7 -13 -14 -15 -1 -17 18 -18
right_child=1 3 7 4 -6 11 -8 9 -10 10 -12 12 13 14 -16 16 17 -19 -20
leaf_value=0.011384203861935586 0.020142092112123172 0.013850134310463863 0.018040363290227047 0.011572967122612366 0.00052081279293443258 -0.0057050032836242744 -0.0096269855826802697 -0.0069317717454399153 -0.011950140213071411 0.018873703387057461 -0.0011039296418159745 0.016642602427627412 -0.00085067306269558682 0.019720220812380042 -0.0018169436166452703 -0.0051612506589153026 0.0027403030615012662 -0.0013492061670476911 0.022948186163649246
leaf_weight=31 33 70 63 151 350 182 23 82 22 32 30 28 1134 41 55 558 54 1958 23
leaf_count=31 33 70 63 151 350 182 23 82 22 32 30 28 1134 41 55 558 54 1958 23
internal_value=0 0.0014766 0.00588078 0.000909296 0.0038519 -5.23778e-05 0.00804396 0.00382566 0.0102781 1.69121e-05 0.00920711 -0.000575267 0.000166873 -0.000208184 0.00738122 -0.00171228 -0.00186885 -0.000966074 0.00877642
internal_weight=0 2296 262 2034 501 1533 93 229 85 144 62 1440 1258 1230 96 2624 2593 2035 77
internal_count=4920 2296 262 2034 501 1533 93 229 85 144 62 1440 1258 1230 96 2624 2593 2035 77
is_linear=0
shrinkage=0.0475495


Tree=16
num_leaves=20
num_cat=0
split_feature=3 15 2 15 14 5 14 3 14 3 1 2 3 5 14 15 3 3 3
split_gain=4.9962 2.30168 3.081 2.30942 5.17004 2.60395 3.82847 2.25806 5.88443 3.68963 2.52042 2.21291 4.9641 3.17706 2.19956 3.119 2.40642 4.37165 2.15886
threshold=1.3350000000000002 0.29500000000000004 7.9273110872304147e-05 2.8650000000000007 2.1650000000000005 4.4050000000000011 1.7650000000000003 1.5150000000000003 0.085000000000000006 1.7550000000000001 0.00016988577464674426 0.00018752433870193469 1.7850000000000004 8.1650000000000009 0.57500000000000007 0.72500000000000009 3.0050000000000003 5.4250000000000016 0.56500000000000006
decision_type=2 2 2 2 2 2 2 2 2 2 2 2 2 2 2 2 2 2 2
left_child=18 2 -2 5 11 6 -3 8 -4 -9 -11 12 13 -5 -7 -16 -17 -18 -1
right_child=1 3 7 4 -6 14 -8 9 -10 10 -12 -13 -14 -15 15 16 17 -19 -20
leaf_value=0.010734461649882726 0.018992501906677599 0.013059651486922228 0.017010727528433009 0.020656086344272035 0.00049108789407009354 -0.005379395839989802 -0.009077534982055423 -0.0065361476918295172 -0.011268097864501088 0.021943476097380118 0.0018889622082947748 0.019658693928624203 -0.0082919359840367031 -0.00018014535988510326 0.015692742237032885 -0.00080212176797642815 0.018594708496339266 -0.0017132429066844307 -0.0017621911784086136
leaf_weight=31 33 70 63 50 350 182 23 82 22 21 41 45 32 24 28 1134 41 55 2593
leaf_count=31 33 70 63 50 350 182 23 82 22 21 41 45 32 24 28 1134 41 55 2593
internal_value=0 0.00139232 0.00554514 0.000857398 0.00363206 -4.93884e-05 0.00758486 0.00360731 0.0096915 1.59468e-05 0.00868162 0.0109125 0.00719942 0.0138984 -0.000542434 0.000157349 -0.000196302 0.00695994 -0.00161456
internal_weight=0 2296 262 2034 501 1533 93 229 85 144 62 151 106 74 1440 1258 1230 96 2624
internal_count=4920 2296 262 2034 501 1533 93 229 85 144 62 151 106 74 1440 1258 1230 96 2624
is_linear=0
shrinkage=0.047074


Tree=17
num_leaves=20
num_cat=0
split_feature=3 14 15 14 15 3 3 3 3 15 2 14 2 3 15 2 8 3 2
split_gain=4.53689 2.11277 4.80198 2.26013 3.39593 4.30913 6.83996 4.0513 4.37136 2.85285 3.0861 2.69308 2.61477 2.1487 2.09008 2.79776 2.12359 2.5047 4.34148
threshold=1.3350000000000002 0.31500000000000006 0.85500000000000009 1.0000000180025095e-35 0.12500000000000003 1.2150000000000001 1.0050000000000001 0.94500000000000006 0.77500000000000013 0.42500000000000004 4.1121681175059482e-05 0.22500000000000003 0.00017991077531237903 0.87500000000000011 0.29500000000000004 7.9273110872304147e-05 3.9999999999999374 2.9850000000000008 0.00013633704530260099
decision_type=2 2 2 2 2 2 2 2 2 2 2 2 2 2 2 2 2 2 2
left_child=1 2 3 13 5 6 -5 8 -6 10 -10 -11 -7 -1 15 -2 -16 18 -18
right_child=14 -3 -4 4 7 12 -8 -9 9 11 -12 -13 -14 -15 16 -17 17 -19 -20
leaf_value=0.0046799469815248552 0.017917464590109084 -0.0026040961047809554 0.0070009311235532728 -0.0050523713454673023 -0.0040440874261851445 -0.0069840146197898932 0.021068164541155964 -0.0064137860585913465 0.003722292016877867 -0.007484616126437498 0.025429736611690207 0.013421991910957203 0.012004564522871117 -0.0073185677060750012 0.00041539435524062221 0.0034031244570991823 0.017303940348830895 0.01950929692682998 -0.003154184831563633
leaf_weight=39 33 1573 181 33 115 63 64 230 25 32 33 23 21 192 1904 229 33 26 71
leaf_count=39 33 1573 181 33 115 63 64 230 25 32 33 23 21 192 1904 229 33 26 71
internal_value=0 -0.00152317 9.46285e-05 -0.0013422 8.59672e-05 0.00549026 0.0121818 -0.00204979 0.00235249 0.00886227 0.0160731 0.00125815 -0.00223687 -0.00529284 0.00131351 0.00523127 0.000808867 0.00657173 0.00333734
internal_weight=0 2624 1051 870 639 181 97 458 228 113 58 55 84 231 2296 262 2034 130 104
internal_count=4920 2624 1051 870 639 181 97 458 228 113 58 55 84 231 2296 262 2034 130 104
is_linear=0
shrinkage=0.0466033


Tree=18
num_leaves=20
num_cat=0
split_feature=1 15 14 15 2 2 16 14 15 14 14 5 14 2 1 1 0 2 1
split_gain=3.24574 2.52697 5.24252 2.73771 4.57106 3.35547 2.82561 2.59991 2.88832 6.98464 3.1549 2.68791 4.77693 3.98108 4.4073 2.65237 2.60792 4.26482 2.46545
threshold=1.7912918385349212e-05 2.8250000000000006 2.0950000000000002 3.1250000000000004 0.00021627578868432511 0.00022032373731710792 2.0000000000000013 2.0750000000000006 1.6250000000000002 1.2250000000000003 -0.11499999999999998 5.3250000000000011 1.9450000000000001 9.3151236887835848e-05 3.4854304964236653e-05 5.7172932519317157e-05 0.00015117927769747142 0.00023094253407232539 4.9773592813509347e-05
decision_type=2 2 2 2 2 2 2 2 2 2 2 2 2 2 2 2 2 2 2
left_child=-1 7 18 5 -5 6 -4 8 10 15 16 12 -11 14 -13 -10 17 -2 -3
right_child=1 2 3 4 -6 -7 -8 -9 9 11 -12 13 -14 -15 -16 -17 -18 -19 -20
leaf_value=-0.0037075949037347041 0.0038481569362077287 0.02175329066362237 0.016834514517680768 -0.0032939268703488251 0.013580886054956246 -0.006865311801627535 0.0017014865832157367 -0.0044823053370257378 0.0034699656200490462 -0.0046946428864501673 -0.0013515316450358956 -0.010251852360775195 0.016715327947879489 -0.00016500408368983271 0.012764751237216376 0.014197186521091544 -0.0011159873316151591 0.022720239956682573 0.007205610798495069
leaf_weight=501 112 30 58 339 38 33 48 287 83 293 2169 21 24 358 113 120 117 33 143
leaf_count=501 112 30 58 339 38 33 48 287 83 293 2169 21 24 358 113 120 117 33 143
internal_value=0 0.00021082 0.00277787 0.000447578 -0.00159302 0.00598214 0.00998182 -0.000263362 8.8319e-05 0.00215945 -0.000773871 0.000239424 -0.0030737 0.0023741 0.00915767 0.00981118 0.00400836 0.00814318 0.00972833
internal_weight=0 4419 689 516 377 139 106 3730 3443 1012 2431 809 317 492 134 203 262 145 173
internal_count=4920 4419 689 516 377 139 106 3730 3443 1012 2431 809 317 492 134 203 262 145 173
is_linear=0
shrinkage=0.0461372


Tree=19
num_leaves=20
num_cat=0
split_feature=3 3 3 15 3 14 15 3 14 5 15 2 2 15 2 14 5 3 1
split_gain=4.05489 4.11085 2.87522 2.52432 2.49504 2.19878 6.98368 4.35602 3.89476 4.08883 3.72341 6.08415 3.61384 2.63507 4.2182 4.21083 3.63213 4.36177 2.41935
threshold=0.77500000000000013 0.83500000000000008 0.56500000000000006 1.655 1.3350000000000002 0.65500000000000014 1.5550000000000004 0.87500000000000011 0.16500000000000004 3.3350000000000004 0.12500000000000003 3.7565526492604115e-05 3.4384295086907432e-05 2.4350000000000005 4.0659656101434221e-05 2.0750000000000006 3.2050000000000005 0.89500000000000013 8.363588279046678e-05
decision_type=2 2 2 2 2 2 2 2 2 2 2 2 2 2 2 2 2 2 2
left_child=2 -2 -1 -4 5 6 7 -3 -9 -10 11 -11 -12 16 15 -15 17 -7 -13
right_child=1 4 3 -5 -6 13 -8 8 9 10 12 18 -14 14 -16 -17 -18 -19 -20
leaf_value=0.0099121206969058923 0.013338939729405091 0.017170223223225704 -0.0050473860362447148 0.0087755689052455496 0.0011868456459850898 -0.0051830495871715643 0.021384056460166286 -0.0040729037046041781 0.014294879157549747 0.028827037950152633 -0.0072952004725136098 -0.010924572399989691 0.001617291675343882 0.019149368771691769 -0.0030356999482082461 0.00080584745777291175 -0.0063420815839163912 0.015196565814262569 0.0087936698661160786
leaf_weight=31 50 29 556 29 2296 50 32 430 49 24 137 21 309 42 238 69 455 39 34
leaf_count=31 50 29 556 29 2296 50 32 430 49 24 137 21 309 42 238 69 455 39 34
internal_value=0 0.000318364 -0.0036438 -0.00436215 0.000165324 -0.00103254 0.000369056 -0.000281941 -0.000786037 0.00167625 0.000498511 0.0096382 -0.0011204 -0.00270409 0.00039364 0.00774664 -0.00469142 0.00374734 0.00126489
internal_weight=0 4304 616 585 4254 1958 1065 1033 1004 574 525 79 446 893 349 111 544 89 55
internal_count=4920 4304 616 585 4254 1958 1065 1033 1004 574 525 79 446 893 349 111 544 89 55
is_linear=0
shrinkage=0.0456759


Tree=20
num_leaves=20
num_cat=0
split_feature=15 14 1 14 2 2 3 15 15 1 3 14 15 15 20 2 3 14 3
split_gain=3.18159 2.66901 2.82354 2.34099 2.35119 4.96305 4.60123 2.23495 3.13454 2.30287 3.94536 2.51533 1.8595 1.73412 2.29362 1.55707 3.06798 5.20131 2.75273
threshold=2.8250000000000006 2.0750000000000006 3.4854304964236653e-05 1.7750000000000001 6.7008496460905717e-05 0.00017009170847804675 1.8950000000000002 3.1150000000000007 3.0150000000000001 2.9394870540493011e-05 1.1650000000000003 2.2625000000000002 3.4550000000000005 3.0850000000000004 -0.00024208800205832712 0.0021274087123722908 3.0050000000000003 1.7450000000000003 2.5450000000000004
decision_type=2 2 2 2 2 2 2 2 2 2 2 2 2 2 2 2 2 2 2
left_child=1 2 -1 -2 7 13 -7 8 -5 -9 11 -11 -8 14 -6 16 18 -18 -4
right_child=3 -3 15 4 5 6 12 9 -10 10 -12 -13 -14 -15 -16 -17 17 -19 -20
leaf_value=-0.0022404321206597462 0.017599587749551844 -0.0047059120665464173 0.00086146164908171893 0.0049501044675707819 0.012716414154537262 0.021790787726640701 -0.0011946973727738604 -0.0037199891087683762 0.030504544930798669 0.010208879979817492 0.016684166421041344 -0.0068571234494447719 0.012926729480105063 -0.0061498942607786603 -0.0086849687354905274 -0.012477726861834527 0.023335124887526038 -0.0015769399194554849 -0.0086130074685132948
leaf_weight=1081 27 338 2593 28 31 40 94 66 21 38 66 50 31 205 21 22 40 44 79
leaf_count=1081 27 338 2593 28 31 40 94 66 21 38 66 50 31 205 21 22 40 44 79
internal_value=0 -0.000445474 -7.23128e-05 0.00315635 0.002592 0.0002634 0.00703066 0.00624504 0.015902 0.00409417 0.00744309 0.000512287 0.00230742 -0.00408134 0.00407355 0.000771365 0.000877127 0.0102859 0.000581341
internal_weight=0 4197 3859 718 691 422 165 269 49 220 154 88 125 257 52 2778 2756 84 2672
internal_count=4915 4197 3859 718 691 422 165 269 49 220 154 88 125 257 52 2778 2756 84 2672
is_linear=0
shrinkage=0.05


Tree=21
num_leaves=20
num_cat=0
split_feature=1 5 3 5 3 4 5 7 5 3 3 1 2 2 14 14 2 0 14
split_gain=2.69136 2.192 1.94467 3.17564 3.13627 2.86388 2.52146 2.4882 2.36417 5.55372 3.65103 3.51448 2.63368 3.63262 3.01692 2.24906 4.70076 3.99367 3.24559
threshold=3.4854304964236653e-05 2.6950000000000007 3.0550000000000002 16.830000000000002 2.5350000000000006 1.0000000000000122 15.805000000000001 -0.035784399018146833 7.2350000000000012 1.5350000000000004 2.4750000000000005 0.0004192411074517845 0.00039476482329121225 0.00027858242344636644 2.4650000000000003 2.4850000000000008 4.8921416669386787e-05 8.4317253216939603e-05 0.35500000000000004
decision_type=2 2 2 2 2 2 2 2 2 2 2 2 2 2 2 2 2 2 2
left_child=1 -1 4 5 7 6 -4 -2 10 -10 15 12 13 14 -11 18 -17 -18 -9
right_child=2 -3 3 -5 -6 -7 -8 8 9 11 -12 -13 -14 -15 -16 16 17 -19 -20
leaf_value=0.011950144677289895 -0.0046099476478806689 -0.0021942329288475097 -0.00055667217820882804 -0.0058223993827899306 -0.0072552629411220555 0.021965455056892503 0.01761450432240963 0.0022587163185998171 0.023859338550006645 0.0072946616455360699 0.019984098865340152 -0.0085850631368571319 0.018588920105849543 -0.0077177063607778706 -0.0099477959264601991 0.018605266014734903 -0.009198740959681314 0.0077787812625946008 -0.0014817000223660084
leaf_weight=28 199 1260 60 42 125 36 28 952 34 270 24 58 31 61 28 51 58 86 1484
leaf_count=28 199 1260 60 42 125 36 28 952 34 270 24 58 31 61 28 51 58 86 1484
internal_value=0 -0.00188675 0.000773892 0.00606037 0.000520336 0.0100852 0.00522507 0.000811688 0.00115562 0.00437714 0.000570768 0.00289858 0.0046064 0.003399 0.00567456 0.00039368 0.0055606 0.000940613 -1.99281e-05
internal_weight=0 1288 3627 166 3461 124 88 3336 3137 482 2655 448 390 359 298 2631 195 144 2436
internal_count=4915 1288 3627 166 3461 124 88 3336 3137 482 2655 448 390 359 298 2631 195 144 2436
is_linear=0
shrinkage=0.05


Tree=22
num_leaves=20
num_cat=0
split_feature=15 5 2 3 9 15 2 14 15 14 14 15 5 15 2 2 14 18 5
split_gain=2.72423 3.15764 2.45911 3.11923 2.57768 2.44079 2.67852 2.36845 2.52346 4.79836 3.57025 4.81364 3.31759 2.98029 2.70133 3.72605 3.173 2.27058 2.24238
threshold=2.8250000000000006 3.9450000000000007 0.00018179789135096901 1.7950000000000002 7.9999999999999414 3.1150000000000007 0.00027109543416519263 2.0750000000000006 1.9750000000000003 1.3150000000000002 1.2150000000000001 1.6150000000000004 7.2350000000000012 1.7150000000000001 0.00031628170679248859 6.2715508454935394e-05 -0.17499999999999996 -0.024649676845423071 7.4750000000000005
decision_type=2 2 2 2 2 2 2 2 2 2 2 2 2 2 2 2 2 2 2
left_child=7 -2 3 4 -3 6 -4 8 10 -10 11 14 -12 -14 15 16 -1 -13 -17
right_child=1 2 5 -5 -6 -7 -8 -9 9 -11 12 17 13 -15 -16 18 -18 -19 -20
leaf_value=0.017106713531982332 0.019081007329554395 0.0044163423210548955 0.013565761923789979 -0.005531436975484025 -0.0082803006304634948 0.014125480435111307 -0.0075072002057966439 -0.004427450040035699 0.016314606443047525 0.0014235827137123456 -0.0065817050576050659 0.014371007139960382 0.018836019016229191 -0.0037990450859069825 -0.0064732577320602211 0.0011558093201731229 -0.0025057406998677538 0.0035460604302999053 0.009034245643688708
leaf_weight=21 29 358 25 146 45 77 38 338 60 550 374 73 26 33 180 1152 1148 144 98
leaf_count=21 29 358 25 146 45 77 38 338 60 550 374 73 26 33 180 1152 1148 144 98
internal_value=0 0.00291884 0.00223858 0.000730141 0.0029986 0.0081538 0.000855086 -0.000414056 -6.25328e-05 0.00288827 -0.000616547 3.33909e-05 -0.00484339 0.00617573 -0.000563943 -0.000124225 -0.00215342 0.00718763 0.00177348
internal_weight=0 718 689 549 403 140 63 4197 3859 610 3249 2816 433 59 2599 2419 1169 217 1250
internal_count=4915 718 689 549 403 140 63 4197 3859 610 3249 2816 433 59 2599 2419 1169 217 1250
is_linear=0
shrinkage=0.05


Tree=23
num_leaves=20
num_cat=0
split_feature=15 5 14 14 15 14 14 15 5 3 2 2 14 18 7 5 3 5 2
split_gain=2.45862 2.84977 2.25341 2.13753 2.27742 4.33052 3.22215 4.34431 2.99412 2.76473 2.43795 3.36276 2.86364 2.0492 2.2208 2.02375 6.20673 6.12712 3.76693
threshold=2.8250000000000006 3.9450000000000007 1.7750000000000001 2.0750000000000006 1.9750000000000003 1.3150000000000002 1.2150000000000001 1.6150000000000004 7.2350000000000012 2.4750000000000005 0.00031628170679248859 6.2715508454935394e-05 -0.17499999999999996 -0.024649676845423071 0.0098242152099827802 7.4750000000000005 2.0250000000000004 5.0450000000000008 0.00012296180271180969
decision_type=2 2 2 2 2 2 2 2 2 2 2 2 2 2 2 2 2 2 2
left_child=3 -2 -3 4 6 -6 7 10 -8 -10 11 12 -1 -9 -15 16 17 -13 -17
right_child=1 2 -4 -5 5 -7 8 13 9 -11 -12 15 -14 14 -16 18 -18 -19 -20
leaf_value=0.016251377938758759 0.018126957195586171 0.016285500123544974 0.0015491724813362622 -0.0042060775472920328 0.015498876112202804 0.0013524035242470829 -0.0062526197556187135 0.013652456857978482 0.014212986081838609 -0.0081695852293209598 -0.0061495949369337827 0.0027590096914937713 -0.0023804537627443619 -0.00061569026872223501 0.013045273100336395 0.024082139134407043 0.028709089234471321 -0.0056870426853290867 0.0023826912471226285
leaf_weight=21 29 27 662 338 60 550 374 73 37 22 180 844 1148 102 42 28 20 288 70
leaf_count=21 29 27 662 338 60 550 374 73 37 22 180 844 1148 102 42 28 20 288 70
internal_value=0 0.0027729 0.00212665 -0.000393353 -5.94062e-05 0.00274386 -0.00058572 3.17213e-05 -0.00460122 0.00586694 -0.000535746 -0.000118014 -0.00204575 0.00682825 0.00336876 0.0016848 0.00109802 0.000610191 0.00858253
internal_weight=0 718 689 4197 3859 610 3249 2816 433 59 2599 2419 1169 217 144 1250 1152 1132 98
internal_count=4915 718 689 4197 3859 610 3249 2816 433 59 2599 2419 1169 217 144 1250 1152 1132 98
is_linear=0
shrinkage=0.05


Tree=24
num_leaves=20
num_cat=0
split_feature=15 3 3 2 14 15 2 1 2 2 14 15 15 14 3 2 2 14 14
split_gain=2.2189 1.96602 1.97212 4.19942 2.39825 5.71896 2.78718 3.5072 2.53629 2.14826 2.14765 2.77419 2.97061 4.26155 3.67151 2.34028 3.26099 2.40445 2.39564
threshold=2.8250000000000006 0.56500000000000006 3.0350000000000006 0.00065272114878945785 1.3150000000000002 1.6150000000000004 0.00039476482329121225 0.0004192411074517845 2.1252941540537138e-05 4.658773407259126e-05 -0.11499999999999998 -0.15499999999999997 0.12500000000000003 0.16500000000000004 1.1950000000000001 0.00026444997171336189 6.381836683672444e-05 0.095000000000000015 1.0000000180025095e-35
decision_type=2 2 2 2 2 2 2 2 2 2 2 2 2 2 2 2 2 2 2
left_child=1 -1 4 -4 5 10 9 -8 -7 -6 -3 -12 13 -13 -15 16 -14 18 -18
right_child=-2 2 3 -5 6 8 7 -9 -10 -11 11 12 15 14 -16 -17 17 -19 -20
leaf_value=0.011972344620153308 0.0026342552705229494 0.0034751625545322894 0.017259703671678586 -0.0038766784236786214 0.00038510474065939584 -0.0048277462917295372 0.020808742913816656 -0.0040002711888017326 0.0080731730986858766 -0.0045672747163803549 -0.0077840185195610333 -0.0017565735222138082 -0.0028258026731776496 0.02599914201668331 0.0048845357298851018 -0.0073842013447449131 0.0006902392614971508 0.00050294081737965724 0.016924257433794915
leaf_weight=32 718 280 47 47 306 44 28 29 284 770 148 97 954 35 50 145 44 810 47
leaf_count=32 718 280 47 47 306 44 28 29 284 770 148 97 954 35 50 145 44 810 47
internal_value=0 -0.000373685 -0.000468541 0.00669151 -0.000633867 0.000119758 -0.0025881 0.00818661 0.00634256 -0.00315888 -0.000662265 -0.00115947 -0.000710139 0.00540554 0.0135788 -0.00126667 -0.000788476 0.00136869 0.00907484
internal_weight=0 4197 4165 94 4071 2938 1133 57 328 1076 2610 2330 2182 182 85 2000 1855 901 91
internal_count=4915 4197 4165 94 4071 2938 1133 57 328 1076 2610 2330 2182 182 85 2000 1855 901 91
is_linear=0
shrinkage=0.05


Tree=25
num_leaves=20
num_cat=0
split_feature=3 3 3 3 2 5 14 14 5 2 5 1 3 1 10 22 0 22 18
split_gain=3.50969 3.44699 2.28352 1.93667 2.26185 2.43666 2.55603 4.10475 4.85898 4.7728 3.32562 2.91483 2.77763 2.5202 1.88944 2.47152 2.46506 2.07916 1.89485
threshold=0.77500000000000013 0.83500000000000008 0.56500000000000006 1.3350000000000002 0.00027109543416519263 5.0450000000000008 0.65500000000000014 0.055000000000000007 3.3350000000000004 8.2433888693364627e-05 2.5950000000000002 5.4609953133582807e-05 1.2250000000000003 0.00024356814081481757 -5.000000000000048 7.4724330724640367e-05 9.2955634649742312e-05 0.0037621032367426426 0.03364578418373277
decision_type=2 2 2 2 2 2 2 2 2 2 2 2 2 2 2 2 2 2 2
left_child=2 -2 -1 4 5 6 7 10 11 12 -3 -9 -10 -11 15 16 -5 -16 -18
right_child=1 3 -4 14 -6 -7 -8 8 9 13 -12 -13 -14 -15 17 -17 18 -19 -20
leaf_value=0.0095047772892059828 0.013367163568735123 0.015488956272602081 -0.0044204931152172578 0.014528419631413925 0.015327942548763185 -0.0068509789053783857 -0.0026661823965344611 0.02254339953263601 0.00036521721074351442 0.0097544987531588048 -0.0057124387624302537 0.0035692974286420012 -0.010332417017535161 -0.004864209081445422 0.00028870865002521143 -0.0013771972741729529 -0.00090096487673287551 0.01377994328223426 0.0091723200678825376
leaf_weight=31 50 20 585 78 21 172 817 48 301 187 246 35 76 35 1873 129 97 29 90
leaf_count=31 50 20 585 78 21 172 817 48 301 187 246 35 76 35 1873 129 97 29 90
internal_value=0 0.000315448 -0.00371971 0.000162043 -0.000993215 -0.00117016 -0.000616562 0.00114983 0.00320457 0.00163357 -0.00411835 0.0145423 -0.00179134 0.00744975 0.00114723 0.00429866 0.00706163 0.000494411 0.00394714
internal_weight=0 4304 616 4254 1958 1937 1765 948 682 599 266 83 377 222 2296 394 265 1902 187
internal_count=4920 4304 616 4254 1958 1937 1765 948 682 599 266 83 377 222 2296 394 265 1902 187
is_linear=0
shrinkage=0.05


Tree=26
num_leaves=20
num_cat=0
split_feature=3 3 3 15 3 2 5 14 15 3 14 5 15 3 5 0 15 14 14
split_gain=3.16749 3.11091 2.06087 1.99817 1.74784 2.04132 2.19909 2.30747 6.08455 3.27587 3.35188 5.02152 3.65656 8.24914 3.65437 2.94932 2.30558 3.56819 4.1118
threshold=0.77500000000000013 0.83500000000000008 0.56500000000000006 1.655 1.3350000000000002 0.00027109543416519263 5.0450000000000008 0.75500000000000012 1.5550000000000004 0.87500000000000011 0.065000000000000016 3.3550000000000004 0.03500000000000001 1.1950000000000001 4.6050000000000013 4.8114362891535527e-05 2.4350000000000005 2.0750000000000006 1.885
decision_type=2 2 2 2 2 2 2 2 2 2 2 2 2 2 2 2 2 2 2
left_child=2 -2 -1 -4 5 6 7 8 9 -3 -11 -12 13 -13 -14 -16 -9 18 -18
right_child=1 4 3 -5 -6 -7 -8 16 -10 10 11 12 14 -15 15 -17 17 -19 -20
leaf_value=0.009029538641052862 0.012698805212974548 0.016448320448398591 -0.0048668426870227717 0.0085957083722640725 0.0010898697611840136 0.014561545316662108 -0.0065084300068921829 -0.0047377693453400406 0.019638098669903622 -0.0052934448612502304 0.013012470242129752 0.031677461255873951 -0.0041468831491816328 -0.002219247430562973 0.021423758566379549 0.0019784985325084284 -0.0018839324896152204 -0.0025468097094978603 0.020662182179235281
leaf_weight=31 50 30 556 29 2296 21 172 485 42 249 83 28 379 50 24 104 39 210 42
leaf_count=31 50 30 556 29 2296 21 172 485 42 249 83 28 379 50 24 104 39 210 42
internal_value=0 0.000299675 -0.00353372 -0.00419947 0.00015394 -0.000943554 -0.00111165 -0.000585734 0.00101566 0.000189745 -0.00034216 0.00150345 -0.00012945 0.0099488 -0.00167995 0.00562448 -0.00262669 0.000891781 0.00980665
internal_weight=0 4304 616 585 4254 1958 1937 1765 989 947 917 668 585 78 507 128 776 291 81
internal_count=4920 4304 616 585 4254 1958 1937 1765 989 947 917 668 585 78 507 128 776 291 81
is_linear=0
shrinkage=0.05


Tree=27
num_leaves=20
num_cat=0
split_feature=3 3 3 15 10 17 21 15 14 6 10 5 8 1 7 17 7 6 21
split_gain=2.85866 2.80759 1.85994 1.80335 1.69937 1.94449 2.23119 1.47738 2.40507 1.58014 1.91818 1.48844 1.46919 1.43572 1.26984 1.44056 1.37566 1.16711 1.28284
threshold=0.77500000000000013 0.83500000000000008 0.56500000000000006 1.655 -2.0000000000000235 -2.9999999999999982 0.0011316102836329558 2.8050000000000002 2.2850000000000006 3.2500000000000644 -3.2499999999999969 7.2350000000000012 -2.0000000000000235 5.388106954002779e-05 0.027834009722919609 1.0000000000000007 -0.044583051999755145 17.000000000000039 0.0014660788979296015
decision_type=2 2 2 2 2 2 2 2 2 2 2 2 2 2 2 2 2 2 2
left_child=2 -2 -1 -4 7 6 -6 12 -9 10 11 -10 -3 -8 16 -16 -7 18 -14
right_child=1 4 3 -5 5 14 13 8 9 -11 -12 -13 17 -15 15 -17 -18 -19 -20
leaf_value=0.008578061384539452 0.01206386497616768 0.0041953228444469226 -0.004623500458735357 0.0081659230178800137 0.0068728780491011492 -0.0085544853418503177 -0.010991285289778855 0.011530242901254487 0.020362014509737493 -0.0028210365213453773 -0.0029965495225042107 0.0031956592655700191 -0.0012937004423606568 0.001630912028567892 -0.0083575517759989885 -0.00099454597619019064 -0.00040619874580944657 -0.0070451987457686455 0.0028332809671905222
leaf_weight=31 50 245 556 29 175 53 33 91 28 96 32 23 487 71 118 152 2285 58 307
leaf_count=31 50 245 556 29 175 53 33 91 28 96 32 23 487 71 118 152 2285 58 307
internal_value=0 0.000284692 -0.00335704 -0.00398949 0.000146243 -0.000541419 0.00342594 0.00159853 0.00491178 0.00154708 0.00659936 0.0126203 0.000783061 -0.00237421 -0.000965841 -0.00421245 -0.000590912 -0.000198165 0.000301996
internal_weight=0 4304 616 585 4254 2887 279 1367 270 179 83 51 1097 104 2608 270 2338 852 794
internal_count=4920 4304 616 585 4254 2887 279 1367 270 179 83 51 1097 104 2608 270 2338 852 794
is_linear=0
shrinkage=0.05


Tree=28
num_leaves=20
num_cat=0
split_feature=3 3 3 15 1 22 22 6 15 14 3 3 5 2 2 0 5 13 2
split_gain=2.57994 2.53385 1.67859 1.62752 1.6002 1.58295 1.85063 1.77524 1.36697 2.94378 1.49583 1.48514 1.51531 1.38457 1.78417 1.99921 1.36579 2.66336 2.63271
threshold=0.77500000000000013 0.83500000000000008 0.56500000000000006 1.655 1.7912918385349212e-05 0.0037621032367426426 0.00045853229497661024 -2.0000000000000235 3.3950000000000005 1.9950000000000003 5.6100000000000003 4.1000000000000005 9.9450000000000021 0.00017747541516054244 9.1522722736270566e-05 5.6797441104041435e-05 6.4150000000000009 -1.4166666666666436 9.0651917924436585e-05
decision_type=2 2 2 2 2 2 2 2 2 2 2 2 2 2 2 2 2 2 2
left_child=2 -2 -1 -4 -3 6 7 -6 10 -10 11 12 16 14 15 -11 -9 -18 -19
right_child=1 4 3 -5 5 -7 -8 8 9 13 -12 -13 -14 -15 -16 -17 17 18 -20
leaf_value=0.0081491582816646951 0.011460671752691269 -0.002826393277830741 -0.0043923254828337286 0.0077576267565118862 -0.00063080509445246529 0.0074157762899994852 -0.002162250019196663 0.00080412671828018582 0.021849713875697212 -0.003476534976113227 -0.012157898135483266 0.014503020048141481 -0.0087206809471050903 0.014473951421678066 -0.012675242019551142 0.016504151267664774 -0.0033982255926696204 0.017004748946055772 0.0043503633224880782
leaf_weight=31 50 411 556 29 1275 80 631 1233 26 31 20 22 36 20 21 21 93 48 286
leaf_count=31 50 411 556 29 1275 80 631 1233 26 31 20 22 36 20 21 21 93 48 286
internal_value=0 0.000270457 -0.00318918 -0.00379002 0.000138931 0.000456066 0.000308105 0.000805804 0.00179217 0.00697652 0.0014372 0.00159546 0.00142803 0.00281843 -0.00037487 0.00459259 0.00164812 0.00408524 0.00616896
internal_weight=0 4304 616 585 4254 3843 3763 3132 1857 119 1738 1718 1696 93 73 52 1660 427 334
internal_count=4920 4304 616 585 4254 3843 3763 3132 1857 119 1738 1718 1696 93 73 52 1660 427 334
is_linear=0
shrinkage=0.05


Tree=29
num_leaves=20
num_cat=0
split_feature=3 3 14 0 2 3 15 3 5 2 3 5 1 15 14 2 15 14 15
split_gain=2.3284 2.2868 1.54576 2.61147 2.96651 1.51493 1.46884 1.38596 2.79796 3.86734 2.33613 4.17851 3.6347 3.87122 3.15358 3.14658 2.33328 3.61711 2.93894
threshold=0.77500000000000013 0.83500000000000008 -0.40499999999999997 0.0001647799411906393 0.00022520425748149455 0.56500000000000006 1.655 1.4750000000000003 5.1350000000000007 0.00013937020689781807 1.5350000000000004 7.6250000000000009 7.8937305218803797e-05 0.78500000000000014 1.8050000000000004 3.2833498157614439e-05 1.6725000000000001 1.405 0.23500000000000001
decision_type=2 2 2 2 2 2 2 2 2 2 2 2 2 2 2 2 2 2 2
left_child=5 -2 3 4 -3 -1 -7 8 9 -4 11 12 14 -14 -9 -12 18 -18 -17
right_child=1 2 7 -5 -6 6 -8 10 -10 -11 15 -13 13 -15 -16 16 17 -19 -20
leaf_value=0.0077417007377070766 0.010887638360261917 0.002106815965279289 -0.001023668750555752 -0.0033193047131810875 0.027501564440519918 -0.0041727093148896163 0.0073697453685875602 0.00041434249403525373 -0.0056279615795567688 0.0054261581532740865 -0.010260153795356181 0.023126182456811271 0.0092602663156059056 -0.011353622713396627 0.017856875549663198 0.0047228656833370533 0.012142315659537373 0.001270550058998457 -0.0042969759196451272
leaf_weight=31 50 23 1794 35 23 556 29 49 267 267 67 30 36 62 55 120 83 978 365
leaf_count=31 50 23 1794 35 23 556 29 49 267 267 67 30 36 62 55 120 83 978 365
internal_value=0 0.000256934 0.000131985 0.00697305 0.0148042 -0.00302973 -0.00360052 -8.03819e-07 -0.000812003 -0.000188102 0.00102276 0.00571406 0.0031281 -0.00378117 0.00963876 0.000348002 0.000807735 0.00212103 -0.00206526
internal_weight=0 4304 4254 81 46 616 585 4173 2328 2061 1845 232 202 98 104 1613 1546 1061 485
internal_count=4920 4304 4254 81 46 616 585 4173 2328 2061 1845 232 202 98 104 1613 1546 1061 485
is_linear=0
shrinkage=0.05


end of trees

feature_importances:
f_3=137
f_14=112
f_15=106
f_2=70
f_5=58
f_1=38
f_0=7
f_8=5
f_7=4
f_12=4
f_13=4
f_18=4
f_22=4
f_6=3
f_10=3
f_17=3
f_4=2
f_16=2
f_21=2
f_9=1
f_20=1

parameters:
[boosting: gbdt]
[objective: regression]
[metric: binary_logloss]
[tree_learner: serial]
[device_type: cpu]
[data: ]
[valid: ]
[num_iterations: 10]
[learning_rate: 0.05]
[num_leaves: 20]
[num_threads: 0]
[deterministic: 0]
[force_col_wise: 0]
[force_row_wise: 0]
[histogram_pool_size: -1]
[max_depth: -1]
[min_data_in_leaf: 20]
[min_sum_hessian_in_leaf: 0.001]
[bagging_fraction: 0.7]
[pos_bagging_fraction: 1]
[neg_bagging_fraction: 1]
[bagging_freq: 5]
[bagging_seed: 3]
[feature_fraction: 0.9]
[feature_fraction_bynode: 1]
[feature_fraction_seed: 2]
[extra_trees: 0]
[extra_seed: 6]
[early_stopping_round: 0]
[first_metric_only: 0]
[max_delta_step: 0]
[lambda_l1: 0]
[lambda_l2: 0]
[linear_lambda: 0]
[min_gain_to_split: 0]
[drop_rate: 0.1]
[max_drop: 50]
[skip_drop: 0.5]
[xgboost_dart_mode: 0]
[uniform_drop: 0]
[drop_seed: 4]
[top_rate: 0.2]
[other_rate: 0.1]
[min_data_per_group: 100]
[max_cat_threshold: 32]
[cat_l2: 10]
[cat_smooth: 10]
[max_cat_to_onehot: 4]
[top_k: 20]
[monotone_constraints: ]
[monotone_constraints_method: basic]
[monotone_penalty: 0]
[feature_contri: ]
[forcedsplits_filename: ]
[refit_decay_rate: 0.9]
[cegb_tradeoff: 1]
[cegb_penalty_split: 0]
[cegb_penalty_feature_lazy: ]
[cegb_penalty_feature_coupled: ]
[path_smooth: 0]
[interaction_constraints: ]
[verbosity: 0]
[saved_feature_importance_type: 0]
[linear_tree: 0]
[max_bin: 255]
[max_bin_by_feature: ]
[min_data_in_bin: 3]
[bin_construct_sample_cnt: 200000]
[data_random_seed: 1]
[is_enable_sparse: 1]
[enable_bundle: 1]
[use_missing: 1]
[zero_as_missing: 0]
[feature_pre_filter: 1]
[pre_partition: 0]
[two_round: 0]
[header: 0]
[label_column: ]
[weight_column: ]
[group_column: ]
[ignore_column: ]
[categorical_feature: ]
[forcedbins_filename: ]
[precise_float_parser: 0]
[objective_seed: 5]
[num_class: 1]
[is_unbalance: 0]
[scale_pos_weight: 1]
[sigmoid: 1]
[boost_from_average: 1]
[reg_sqrt: 0]
[alpha: 0.9]
[fair_c: 1]
[poisson_max_delta_step: 0.7]
[tweedie_variance_power: 1.5]
[lambdarank_truncation_level: 30]
[lambdarank_norm: 1]
[label_gain: ]
[eval_at: ]
[multi_error_top_k: 1]
[auc_mu_weights: ]
[num_machines: 1]
[local_listen_port: 12400]
[time_out: 120]
[machine_list_filename: ]
[machines: ]
[gpu_platform_id: -1]
[gpu_device_id: -1]
[gpu_use_dp: 0]
[num_gpu: 1]

end of parameters

pandas_categorical:[]
