tree
version=v3
num_class=1
num_tree_per_iteration=1
label_index=0
max_feature_idx=22
objective=regression
feature_names=f_0 f_1 f_2 f_3 f_4 f_5 f_6 f_7 f_8 f_9 f_10 f_11 f_12 f_13 f_14 f_15 f_16 f_17 f_18 f_19 f_20 f_21 f_22
feature_infos=[3.5138360446667107e-07:0.0066553821535006137] [2.5600331918768856e-06:0.0039732576088439284] [9.2225614268401974e-06:0.0029579505118275174] [0.53000000000000003:6.5599999999999996] [-33.000000000000007:46] [2.4100000000000001:21.82] [-101.00000000000016:144.99999999999994] [-0.15710919088766695:0.17837578087457961] [-81:74] [-46:33.999999999999986] [-51.000000000000021:33.999999999999986] [-33.000000000000007:27.999999999999979] [-41:96.000000000000014] [-36.000000000000007:32.999999999999986] [-0.52000000000000002:2.9100000000000001] [-0.94999999999999996:3.8500000000000001] [-52:73.999999999999972] [-28.000000000000004:24.000000000000004] [-0.29572649572649579:0.64215246636771273] [-0.02958455728073861:0.047292143401983289] [-0.054746473503621829:0.033993115318416534] [-0.039377561323276189:0.045346674363414774] [-0.019984292877423981:0.018327052533256172]
tree_sizes=1826 1856 1841 1855 1844 1874 1874 1857 1876 1872

Tree=0
num_leaves=20
num_cat=0
split_feature=3 3 14 2 3 14 3 3 3 7 19 15 2 15 3 1 1 15 3
split_gain=9.32804 4.97364 3.82431 1.80529 1.75026 2.28913 1.12558 1.95381 3.20891 1.43578 1.13567 0.910084 1.76939 0.92628 0.903585 0.865818 1.10578 1.19837 1.71633
threshold=3.3700000000000006 1.5150000000000003 1.7750000000000001 0.00050104812056764173 5.5750000000000011 2.0350000000000006 1.8950000000000002 1.7250000000000003 1.7850000000000004 0.0089254591182513793 -0.0016993479985223379 2.6350000000000002 0.00017327768808013082 0.27500000000000008 1.6850000000000003 3.7576019723361413e-05 4.593931727492793e-05 2.6125000000000003 1.6450000000000002
decision_type=2 2 2 2 2 2 2 2 2 2 2 2 2 2 2 2 2 2 2
left_child=1 -1 -2 -4 -5 -6 7 14 9 10 -9 13 -13 -10 15 -3 -17 -18 -19
right_child=2 6 3 4 5 -7 -8 8 11 -11 -12 12 -14 -15 -16 16 17 18 -20
leaf_value=0.048484793308328139 0.077787443456914893 0.048362155881357574 0.047787443233397474 0.075287443438288443 0.047787443233397474 0.070287443401035543 0.050609312742958192 0.067430300522605305 0.059151079681699525 0.070864366482257024 0.055060170560310782 0.051869075916869227 0.069216014821624205 0.047787443233397474 0.047787443233397474 0.063304684728320265 0.05059643201837101 0.052549348030781186 0.066358871943193967
leaf_weight=2151 35 87 28 20 26 20 567 28 22 39 55 49 21 97 119 29 178 63 35
leaf_count=2151 35 87 28 20 26 20 567 28 22 39 55 49 21 97 119 29 178 63 35
internal_value=0.0503026 0.0499908 0.0636789 0.0584257 0.062939 0.0575701 0.0523231 0.0535052 0.0566299 0.0629514 0.0592332 0.0525493 0.0570732 0.0498883 0.0516035 0.0527619 0.054017 0.0530411 0.0574813
internal_weight=0 3540 129 94 66 46 1389 822 311 122 83 189 70 119 511 392 305 276 98
internal_count=3669 3540 129 94 66 46 1389 822 311 122 83 189 70 119 511 392 305 276 98
is_linear=0
shrinkage=1


Tree=1
num_leaves=20
num_cat=0
split_feature=3 3 5 14 1 3 5 3 2 3 3 14 5 18 3 5 14 1 3
split_gain=8.41856 4.48871 4.46726 6.69838 3.17047 1.0479 3.04826 2.36879 2.4449 1.87023 3.76995 3.16683 2.17399 2.26403 1.40916 0.955583 0.644984 1.00625 1.52217
threshold=3.3700000000000006 1.5150000000000003 16.830000000000002 1.9350000000000003 0.00092014798587458418 2.2850000000000006 6.9350000000000014 2.1950000000000007 0.00021454633883369949 1.8950000000000002 1.7250000000000003 1.9650000000000001 7.6950000000000012 -0.0050826659777835062 1.5450000000000002 6.7250000000000005 2.3850000000000002 4.9618897856622179e-05 1.7850000000000004
decision_type=2 2 2 2 2 2 2 2 2 2 2 2 2 2 2 2 2 2 2
left_child=1 -1 3 -2 -5 6 16 8 9 10 14 12 13 -12 -8 -7 -3 -18 -19
right_child=2 5 -4 4 -6 15 7 -9 -10 -11 11 -13 -14 -15 -16 -17 17 18 -20
leaf_value=-0.0017268896752363136 0.040423127120504013 -0.00049738575925224835 -0.00068401506259327849 0.0021533106703583789 0.026435627173632383 0.0093742965232758296 0.014136845370133719 0.018681656038670832 -0.00076378977133168121 -0.00074475132195012908 0.030896018513224346 0.034236106686294079 0.0027785833821528487 0.0094618856308183504 0.00056240017268251868 -0.0017304656296968459 -0.0018086650908209275 0.010294064750067063 -0.0015101720113307238
leaf_weight=2151 26 485 42 41 20 21 24 33 135 56 22 20 36 28 94 250 69 72 44
leaf_count=2151 26 485 42 41 20 21 24 33 135 56 22 20 36 28 94 250 69 72 44
internal_value=0 -0.000296152 0.0127075 0.0191724 0.0101147 0.00191948 0.00259563 0.00578844 0.0047632 0.007428 0.00947119 0.0163151 0.0121474 0.0188929 0.0033233 -0.000869949 0.000460739 0.00297258 0.0058166
internal_weight=0 3540 129 87 61 1389 1118 448 415 280 224 106 86 50 118 271 670 185 116
internal_count=3669 3540 129 87 61 1389 1118 448 415 280 224 106 86 50 118 271 670 185 116
is_linear=0
shrinkage=0.05


Tree=2
num_leaves=20
num_cat=0
split_feature=3 3 5 14 1 3 5 3 2 15 15 2 3 15 14 5 15 1 3
split_gain=7.59775 4.05106 4.0317 6.04529 2.86135 0.945733 2.75105 2.13783 2.20652 2.55448 5.03512 2.82303 2.04928 2.41934 2.68849 0.862414 0.730563 0.890307 0.507429
threshold=3.3700000000000006 1.5150000000000003 16.830000000000002 1.9350000000000003 0.00092014798587458418 2.2850000000000006 6.9350000000000014 2.1950000000000007 0.00021454633883369949 1.5650000000000002 0.065000000000000016 0.00012867774293607245 1.885 2.7750000000000004 1.925 6.7250000000000005 3.5850000000000004 4.7954927035639654e-05 3.0750000000000006
decision_type=2 2 2 2 2 2 2 2 2 2 2 2 2 2 2 2 2 2 2
left_child=1 -1 3 -2 -5 6 16 8 9 10 -8 -11 13 -13 -15 -7 -3 -18 -17
right_child=2 5 -4 4 -6 15 7 -9 -10 11 -12 12 -14 14 -16 18 17 -19 -20
leaf_value=-0.0016405450595825953 0.03840197218725315 1.0723185245018856e-05 -0.00064981427221071162 0.0020456453149275081 0.025113846212625503 0.0089055813494182765 -0.00086107142269611361 0.017747572290174891 -0.00072560033588497724 -0.0014467957752323387 0.030860128895989783 0.0041516320407390594 0.00083927040876344196 0.0082116097127172081 0.031568685812609541 -0.002443942427635193 -0.00011889898133548822 0.014457096615806223 0.0046989147152219505
leaf_weight=2151 26 628 42 41 20 21 22 33 135 101 29 35 43 22 28 222 22 20 28
leaf_count=2151 26 628 42 41 20 21 22 33 135 101 29 35 43 22 28 222 22 20 28
internal_value=0 -0.000281344 0.0120722 0.0182138 0.00960899 0.00182351 0.00246585 0.00549902 0.00452504 0.0070566 0.0171765 0.00480283 0.00973417 0.0142339 0.0212916 -0.000826452 0.000437702 0.00682205 -0.00164394
internal_weight=0 3540 129 87 61 1389 1118 448 415 280 51 229 128 85 50 271 670 42 250
internal_count=3669 3540 129 87 61 1389 1118 448 415 280 51 229 128 85 50 271 670 42 250
is_linear=0
shrinkage=0.05


Tree=3
num_leaves=20
num_cat=0
split_feature=3 3 5 14 1 1 3 3 5 0 2 3 1 15 3 3 15 14 14
split_gain=6.85697 3.65608 3.63861 5.45588 2.58237 0.860785 1.2767 3.57069 2.66449 1.75095 1.25485 1.05109 1.05966 1.02151 1.54336 1.36611 1.15787 0.976635 0.807712
threshold=3.3700000000000006 1.5150000000000003 16.830000000000002 1.9350000000000003 0.00092014798587458418 3.7576019723361413e-05 1.7850000000000004 1.7250000000000003 6.9350000000000014 0.00017624809799433419 0.00012867774293607245 1.6850000000000003 4.593931727492793e-05 2.6125000000000003 1.6450000000000002 1.5350000000000004 3.3250000000000006 2.3450000000000002 2.3250000000000006
decision_type=2 2 2 2 2 2 2 2 2 2 2 2 2 2 2 2 2 2 2
left_child=1 -1 3 -2 -5 -3 7 11 17 10 -10 12 -7 15 16 -14 -15 -9 -8
right_child=2 5 -4 4 -6 6 18 8 9 -11 -12 -13 13 14 -16 -17 -18 -19 -20
leaf_value=-0.0015585179236747397 0.036481874034954953 -0.0020457571194342833 -0.00061732352312122074 0.0019433630721234696 0.023858154714107516 0.012391072704360405 0.0016890373161082628 -0.0031018798849705995 0.015856043613431129 0.0077645543389595478 0.032943548368556161 -0.0024806258426803463 0.011182526987977327 -0.002856413201363974 0.014861650594643184 -0.001642471400706412 0.011705577895045281 0.011260294979438187 -0.0022837606168924327
leaf_weight=2151 26 136 42 41 20 29 558 29 22 26 21 106 24 43 35 154 20 20 166
leaf_count=2151 26 136 42 41 20 29 558 29 22 26 21 106 24 43 35 154 20 20 166
internal_value=0 -0.000267277 0.0114685 0.0173031 0.00912854 0.00173233 0.00214241 0.00400956 0.0116761 0.0180076 0.0242011 0.00180846 0.0032991 0.00234378 0.0064433 8.67419e-05 0.00176644 0.00276023 0.000778147
internal_weight=0 3540 129 87 61 1389 1253 529 118 69 43 411 305 276 98 178 63 49 724
internal_count=3669 3540 129 87 61 1389 1253 529 118 69 43 411 305 276 98 178 63 49 724
is_linear=0
shrinkage=0.05


Tree=4
num_leaves=20
num_cat=0
split_feature=3 3 14 2 17 3 3 1 2 1 14 15 15 3 3 1 14 3 3
split_gain=6.18841 3.29961 2.74953 1.38494 1.79922 0.817853 1.28026 3.65758 0.913213 1.03148 1.04614 1.94762 1.60845 1.02363 1.8307 1.65577 1.56538 0.850801 1.02435
threshold=3.3700000000000006 1.5150000000000003 1.7750000000000001 0.00050104812056764173 4.0000000000000027 2.2850000000000006 2.1950000000000007 0.0002391761061390949 0.00028937306815570064 3.7576019723361413e-05 -0.14499999999999999 0.25500000000000006 0.03500000000000001 1.7850000000000004 1.7250000000000003 0.00011877697456191671 1.905 1.6850000000000003 1.635
decision_type=2 2 2 2 2 2 2 2 2 2 2 2 2 2 2 2 2 2 2
left_child=1 -1 -2 -4 -5 6 8 -8 9 -3 -11 12 -12 14 17 -16 -17 18 -13
right_child=2 5 3 4 -6 -7 7 -9 -10 10 11 13 -14 -15 15 16 -18 -19 -20
leaf_value=-0.0014805919130954949 0.022857952788472177 -0.0018912174438516938 -0.0028769723139703274 0.0047543571227126654 0.022478606321272396 -0.00081857898276010564 -0.0031477618031203747 0.023637452438473705 -0.0024857036234741964 -0.0019730456094158456 0.004330976773053408 0.0022022028536432319 0.024383694091811778 0.00084315401629782196 0.0029716162321468194 0.0095063220324187458 0.027431185561276619 -0.0024448977317661049 0.0093674889914151568
leaf_weight=2151 35 124 28 45 21 271 26 25 108 94 20 180 20 306 36 29 21 60 69
leaf_count=2151 35 124 28 45 21 271 26 25 108 94 20 180 20 306 36 29 21 60 69
internal_value=0 -0.000253913 0.0108951 0.00644087 0.0103939 0.00164572 0.00224306 0.00998225 0.00187314 0.00236402 0.00299594 0.00362628 0.0143573 0.00301395 0.00469563 0.0111479 0.0170348 0.00289987 0.00418776
internal_weight=0 3540 129 94 66 1389 1118 51 1067 959 835 741 40 701 395 86 50 309 249
internal_count=3669 3540 129 94 66 1389 1118 51 1067 959 835 741 40 701 395 86 50 309 249
is_linear=0
shrinkage=0.05


Tree=5
num_leaves=20
num_cat=0
split_feature=5 0 14 14 2 14 1 3 3 3 3 3 3 5 5 13 9 14 3
split_gain=4.46238 2.11933 1.27354 1.54633 2.37439 3.76405 1.92245 3.50914 1.52922 3.30333 0.612826 0.535181 1.19176 0.522374 1.03177 1.37566 0.585591 0.438579 0.714244
threshold=7.5850000000000009 0.001445144365974069 2.0350000000000006 1.9450000000000001 0.00010940016466848825 1.1850000000000003 0.00016221783531069172 2.2950000000000004 3.0750000000000006 5.4800000000000013 0.56500000000000006 1.8750000000000002 1.6950000000000001 5.3150000000000004 5.6850000000000014 2.5000000000000249 6.0000000000000009 0.22500000000000003 0.8650000000000001
decision_type=2 2 2 2 2 2 2 2 2 2 2 2 2 2 2 2 2 2 2
left_child=10 2 3 4 5 -2 -5 -8 -6 -10 -1 12 -4 17 15 16 -15 18 -12
right_child=1 -3 11 6 8 -7 7 -9 9 -11 13 -13 -14 14 -16 -17 -18 -19 -20
leaf_value=0.0059606036111231782 0.028621407792988149 0.015878757913455818 -0.0033316719811409714 -0.0013514387514442206 -0.00016082124898628313 -0.00062695075334473092 0.03289001538418234 0.004790951102972031 0.023587763843976935 -0.00080506751579897745 0.0025940740843547272 -0.0017588719144273715 0.012779469838873906 0.00051893950793249852 -0.00094831647095632368 0.014935633413154971 0.0096455641184002155 -0.0020117962889076089 -0.0014158390684548868
leaf_weight=31 22 33 24 20 245 22 20 25 23 35 149 157 22 145 772 22 20 1479 436
leaf_count=31 22 33 24 20 245 22 20 25 23 35 149 157 22 145 772 22 20 1479 436
internal_value=0 0.00353458 0.00287221 0.00446933 0.00314357 0.0139972 0.0115469 0.0172794 0.00156746 0.00886795 -0.00103367 -0.000369235 0.00437366 -0.00110539 -0.000141146 0.00319113 0.0016252 -0.00155341 -0.000394511
internal_weight=0 648 615 412 347 44 65 45 303 58 3054 203 46 3023 959 187 165 2064 585
internal_count=3702 648 615 412 347 44 65 45 303 58 3054 203 46 3023 959 187 165 2064 585
is_linear=0
shrinkage=0.05


Tree=6
num_leaves=20
num_cat=0
split_feature=5 0 15 2 15 15 3 14 3 3 0 3 5 5 13 19 16 4 15
split_gain=4.0273 1.91269 1.36204 1.61471 4.91505 1.52462 2.69738 2.68944 1.5269 3.701 0.674422 0.553076 0.471442 0.931177 1.24153 0.540862 0.433981 0.706727 0.423723
threshold=7.5850000000000009 0.001445144365974069 3.2450000000000006 0.00010940016466848825 1.5650000000000002 2.8750000000000004 1.9650000000000001 1.9450000000000001 3.0750000000000006 5.3000000000000007 0.00060005868465218281 0.56500000000000006 5.3150000000000004 5.6850000000000014 2.5000000000000249 0.0031426070992987003 2.0000000000000013 -1.0000000180025095e-35 0.40500000000000008
decision_type=2 2 2 2 2 2 2 2 2 2 2 2 2 2 2 2 2 2 2
left_child=11 2 3 4 -2 8 7 -7 -5 -10 -11 -1 18 14 15 16 -14 -18 -13
right_child=1 -3 -4 5 -6 6 -8 -9 9 10 -12 12 13 -15 -16 -17 17 -19 -20
leaf_value=0.0056625736456724909 0.029802249558269978 0.015084820252024768 -0.0024572343556653886 0.00010335586619929384 -0.0029164458547408386 0.0035824443772435191 -0.0015715360585035699 0.028181703202426436 0.02473300854958918 0.0065421581733971839 -0.0050811174182364581 3.2380183570479094e-05 -0.0019833289986026701 -0.00090090067251320013 0.014188851306045597 0.0069628836431850985 -0.0025968773197382689 0.010389681338247928 -0.0018160498777355762
leaf_weight=31 22 33 105 313 24 20 33 25 23 24 26 380 87 772 22 36 20 22 1684
leaf_count=31 22 33 105 313 24 20 33 25 23 24 26 380 87 772 22 36 20 22 1684
internal_value=0 0.00335785 0.0027286 0.00379627 0.0127316 0.00291044 0.00928629 0.0172487 0.00162205 0.00813373 0.000498055 -0.000981983 -0.00105012 -0.000134089 0.00303157 0.00154394 3.1673e-05 0.00420561 -0.00147574
internal_weight=0 648 615 510 46 464 78 45 386 73 50 3054 3023 959 187 165 129 42 2064
internal_count=3702 648 615 510 46 464 78 45 386 73 50 3054 3023 959 187 165 129 42 2064
is_linear=0
shrinkage=0.05


Tree=7
num_leaves=20
num_cat=0
split_feature=5 0 15 2 15 15 3 14 3 3 0 3 5 5 13 9 3 3 15
split_gain=3.63464 1.73924 1.27068 1.42397 4.43583 1.72917 1.92451 2.94903 1.32259 3.88916 0.688711 0.499151 0.425476 0.840387 1.12048 0.503718 0.410301 3.73223 0.38241
threshold=7.5850000000000009 0.0018581489659376591 3.2450000000000006 0.00010940016466848825 1.5650000000000002 2.8750000000000004 1.925 1.9450000000000001 3.0750000000000006 5.3000000000000007 0.00060005868465218281 0.56500000000000006 5.3150000000000004 5.6850000000000014 2.5000000000000249 6.0000000000000009 2.2850000000000006 2.1150000000000007 0.40500000000000008
decision_type=2 2 2 2 2 2 2 2 2 2 2 2 2 2 2 2 2 2 2
left_child=11 2 3 4 -2 8 7 -7 16 -10 -11 -1 18 14 15 -14 17 -5 -13
right_child=1 -3 -4 5 -6 6 -8 -9 9 10 -12 12 13 -15 -16 -17 -18 -19 -20
leaf_value=0.0053794449976375027 0.02831213672391393 0.016398318437859417 -0.0023343726353985922 -0.00082152454903529543 -0.002770623580242197 0.0034033223614096646 0.0016291835225927525 0.03023062790078776 0.024092266894876958 0.0062150504750510061 -0.0051486320110658811 3.0761203777633215e-05 0.00044072732714743455 -0.00085585559139250169 0.013479409045116467 0.0089053347241133448 -0.0024080527279901945 0.021909364517778158 -0.0017252474150569524
leaf_weight=31 22 24 105 186 24 20 39 21 24 24 30 380 145 772 22 20 109 20 1684
leaf_count=31 22 24 105 186 24 20 39 21 24 24 30 380 145 772 22 20 109 20 1684
internal_value=0 0.00318996 0.00268194 0.00369681 0.012095 0.00288006 0.0095806 0.0171441 0.00151609 0.00734509 -9.81065e-05 -0.000932883 -0.000997615 -0.000127384 0.00288 0.00146674 7.27174e-05 0.00138536 -0.00140195
internal_weight=0 648 624 519 46 473 80 41 393 78 54 3054 3023 959 187 165 315 206 2064
internal_count=3702 648 624 519 46 473 80 41 393 78 54 3054 3023 959 187 165 315 206 2064
is_linear=0
shrinkage=0.05


Tree=8
num_leaves=20
num_cat=0
split_feature=5 0 15 2 15 15 3 14 3 3 0 3 3 5 5 7 0 14 3
split_gain=3.28351 1.58439 1.09682 1.19214 4.10312 1.19743 2.24572 2.20161 1.21817 3.00398 0.547638 0.449555 0.401122 0.472155 0.887634 1.32635 0.506226 0.381901 0.623879
threshold=7.6050000000000013 0.001445144365974069 3.2450000000000006 0.00010940016466848825 1.5650000000000002 2.8750000000000004 1.9650000000000001 1.9450000000000001 3.0750000000000006 5.3000000000000007 0.00060005868465218281 0.56500000000000006 1.5450000000000002 5.6850000000000014 5.3150000000000004 0.005679897246876898 6.5777942253484185e-05 0.22500000000000003 0.8650000000000001
decision_type=2 2 2 2 2 2 2 2 2 2 2 2 2 2 2 2 2 2 2
left_child=11 2 3 4 -2 8 7 -7 -5 -10 -11 -1 17 14 -14 16 -16 18 -13
right_child=1 -3 -4 5 -6 6 -8 -9 9 10 -12 12 13 -15 15 -17 -18 -19 -20
leaf_value=0.0051104722844977531 0.02803219731897116 0.013731337428996057 -0.0022192465702017532 0.00015105240301802416 -0.0026320923585444692 0.0032331562787294393 -0.0015744184567169708 0.025489898264408114 0.022291744678564693 0.0059042978721360363 -0.0045696298735072981 0.0025567670921551305 -0.0016411943285650498 -0.00059402183772107645 -0.0030961997865233573 0.013532971618149212 0.0066286848696029705 -0.0017280650376623999 -0.0011201899896016794
leaf_weight=31 20 33 103 307 24 20 33 25 23 24 26 149 74 673 32 34 23 1537 511
leaf_count=31 20 33 103 307 24 20 33 25 23 24 26 149 74 673 32 34 23 1537 511
internal_value=0 0.00306263 0.0024807 0.00344503 0.0113062 0.00268981 0.00833275 0.015598 0.00153152 0.00733703 0.000457855 -0.000880154 -0.000941384 -9.23766e-06 0.00240524 0.00576969 0.00097057 -0.00129608 -0.000290089
internal_weight=0 638 605 502 44 458 78 45 380 73 50 3064 3033 836 163 89 55 2197 660
internal_count=3702 638 605 502 44 458 78 45 380 73 50 3064 3033 836 163 89 55 2197 660
is_linear=0
shrinkage=0.05


Tree=9
num_leaves=20
num_cat=0
split_feature=5 0 15 2 15 15 6 3 3 20 4 3 3 3 3 15 14 3 5
split_gain=2.96337 1.43221 1.0246 1.04968 3.70307 1.3974 1.73057 1.04505 3.20393 0.902523 0.621294 0.405723 0.373634 3.35379 0.362013 0.448609 2.45218 0.624549 0.948052
threshold=7.6050000000000013 0.0018581489659376591 3.2450000000000006 0.00010940016466848825 1.5650000000000002 2.8750000000000004 7.9999999999999858 3.0750000000000006 5.3000000000000007 0.0020195417043918922 -1.0000000180025095e-35 0.56500000000000006 2.2850000000000006 2.1150000000000007 1.5450000000000002 2.0250000000000004 1.3650000000000004 1.6850000000000003 5.3150000000000004
decision_type=2 2 2 2 2 2 2 2 2 2 2 2 2 2 2 2 2 2 2
left_child=11 2 3 4 -2 7 9 12 -9 -7 -10 -1 13 -5 -13 -16 -17 18 -18
right_child=1 -3 -4 5 -6 6 -8 8 10 -11 -12 14 -14 -15 15 16 17 -19 -20
leaf_value=0.0048549490590249341 0.026630587987601758 0.014891835255548359 -0.0021082842975710201 -0.00075268872264448727 -0.0025004877631242079 0.009059340526928774 0.021004575127292247 0.021790900841976206 0.0054003735860952973 -0.0037289615297182045 -0.0053333388042769263 -0.0012312790035563922 -0.002309875681641556 0.020806342829018831 -0.001334141694956063 0.017706483673481717 -0.0022423162089230922 -0.00098691961848491384 0.006348101595150573
leaf_weight=31 20 24 103 184 24 37 21 24 26 22 28 2197 105 20 362 21 52 317 84
leaf_count=31 20 24 103 184 24 37 21 24 26 22 28 2197 105 20 362 21 52 317 84
internal_value=0 0.0029095 0.00244113 0.00335814 0.0107409 0.00266254 0.00867818 0.001419 0.00659049 0.00429082 -0.000165255 -0.000836147 0.000113577 0.00136094 -0.000894315 -8.77579e-06 0.00100342 0.000229109 0.00306353
internal_weight=0 638 614 511 44 467 80 387 78 59 54 3064 309 204 3033 836 474 453 136
internal_count=3702 638 614 511 44 467 80 387 78 59 54 3064 309 204 3033 836 474 453 136
is_linear=0
shrinkage=0.05


end of trees

feature_importances:
f_3=67
f_15=26
f_5=23
f_14=22
f_1=13
f_2=13
f_0=10
f_13=3
f_4=2
f_7=2
f_9=2
f_19=2
f_6=1
f_16=1
f_17=1
f_18=1
f_20=1

parameters:
[boosting: gbdt]
[objective: regression]
[metric: binary_logloss]
[tree_learner: serial]
[device_type: cpu]
[data: ]
[valid: ]
[num_iterations: 10]
[learning_rate: 0.05]
[num_leaves: 20]
[num_threads: 0]
[deterministic: 0]
[force_col_wise: 0]
[force_row_wise: 0]
[histogram_pool_size: -1]
[max_depth: -1]
[min_data_in_leaf: 20]
[min_sum_hessian_in_leaf: 0.001]
[bagging_fraction: 0.7]
[pos_bagging_fraction: 1]
[neg_bagging_fraction: 1]
[bagging_freq: 5]
[bagging_seed: 3]
[feature_fraction: 0.9]
[feature_fraction_bynode: 1]
[feature_fraction_seed: 2]
[extra_trees: 0]
[extra_seed: 6]
[early_stopping_round: 0]
[first_metric_only: 0]
[max_delta_step: 0]
[lambda_l1: 0]
[lambda_l2: 0]
[linear_lambda: 0]
[min_gain_to_split: 0]
[drop_rate: 0.1]
[max_drop: 50]
[skip_drop: 0.5]
[xgboost_dart_mode: 0]
[uniform_drop: 0]
[drop_seed: 4]
[top_rate: 0.2]
[other_rate: 0.1]
[min_data_per_group: 100]
[max_cat_threshold: 32]
[cat_l2: 10]
[cat_smooth: 10]
[max_cat_to_onehot: 4]
[top_k: 20]
[monotone_constraints: ]
[monotone_constraints_method: basic]
[monotone_penalty: 0]
[feature_contri: ]
[forcedsplits_filename: ]
[refit_decay_rate: 0.9]
[cegb_tradeoff: 1]
[cegb_penalty_split: 0]
[cegb_penalty_feature_lazy: ]
[cegb_penalty_feature_coupled: ]
[path_smooth: 0]
[interaction_constraints: ]
[verbosity: 0]
[saved_feature_importance_type: 0]
[linear_tree: 0]
[max_bin: 255]
[max_bin_by_feature: ]
[min_data_in_bin: 3]
[bin_construct_sample_cnt: 200000]
[data_random_seed: 1]
[is_enable_sparse: 1]
[enable_bundle: 1]
[use_missing: 1]
[zero_as_missing: 0]
[feature_pre_filter: 1]
[pre_partition: 0]
[two_round: 0]
[header: 0]
[label_column: ]
[weight_column: ]
[group_column: ]
[ignore_column: ]
[categorical_feature: ]
[forcedbins_filename: ]
[precise_float_parser: 0]
[objective_seed: 5]
[num_class: 1]
[is_unbalance: 0]
[scale_pos_weight: 1]
[sigmoid: 1]
[boost_from_average: 1]
[reg_sqrt: 0]
[alpha: 0.9]
[fair_c: 1]
[poisson_max_delta_step: 0.7]
[tweedie_variance_power: 1.5]
[lambdarank_truncation_level: 30]
[lambdarank_norm: 1]
[label_gain: ]
[eval_at: ]
[multi_error_top_k: 1]
[auc_mu_weights: ]
[num_machines: 1]
[local_listen_port: 12400]
[time_out: 120]
[machine_list_filename: ]
[machines: ]
[gpu_platform_id: -1]
[gpu_device_id: -1]
[gpu_use_dp: 0]
[num_gpu: 1]

end of parameters

pandas_categorical:[]
