tree
version=v3
num_class=1
num_tree_per_iteration=1
label_index=0
max_feature_idx=22
objective=regression
feature_names=f_0 f_1 f_2 f_3 f_4 f_5 f_6 f_7 f_8 f_9 f_10 f_11 f_12 f_13 f_14 f_15 f_16 f_17 f_18 f_19 f_20 f_21 f_22
feature_infos=[3.5138360446667107e-07:0.0066553821535006137] [2.5600331918768856e-06:0.0039732576088439284] [9.2225614268401974e-06:0.0029579505118275174] [0.53000000000000003:6.5599999999999996] [-33.000000000000007:46] [2.4100000000000001:21.82] [-101.00000000000016:144.99999999999994] [-0.15710919088766695:0.17837578087457961] [-81:74] [-46:33.999999999999986] [-51.000000000000021:33.999999999999986] [-33.000000000000007:27.999999999999979] [-41:96.000000000000014] [-36.000000000000007:32.999999999999986] [-0.52000000000000002:2.9100000000000001] [-0.94999999999999996:3.8500000000000001] [-52:73.999999999999972] [-28.000000000000004:24.000000000000004] [-0.29572649572649579:0.64215246636771273] [-0.02958455728073861:0.047292143401983289] [-0.054746473503621829:0.033993115318416534] [-0.039377561323276189:0.045346674363414774] [-0.019984292877423981:0.018327052533256172]
tree_sizes=1303 1353 1354 1342 1346 1369 1355 1344 1365 1360

Tree=0
num_leaves=14
num_cat=0
split_feature=3 15 1 10 2 8 15 3 2 15 2 1 3
split_gain=6.9234 4.12958 3.52514 2.48551 2.22614 2.16949 2.41943 1.92871 2.98099 3.83523 2.7943 2.45155 2.22454
threshold=1.4950000000000003 0.7350000000000001 3.9322949550839061e-05 9.9999999999999876 2.962741176234285e-05 -1.0000000180025095e-35 -0.044999999999999991 1.7550000000000001 0.00020467053333761656 2.8550000000000004 8.9809896665054984e-05 0.00014654629797720495 2.1950000000000007
decision_type=2 2 2 2 2 2 2 2 2 2 2 2 2
left_child=4 5 -3 7 -1 -2 -7 10 -9 12 -4 -12 -10
right_child=1 2 3 -5 -6 6 -8 8 9 -11 11 -13 -14
leaf_value=0.25644314630589499 0.28189356593977954 0.25565127088210743 0.27734175758338442 0.25646983788390637 0.2617001857785286 0.25768049160085271 0.27795698869241853 0.26129996618869189 0.25470430121335963 0.28109318931579835 0.25926779314084902 0.27445067743646595 0.269056152637493
leaf_weight=254 59 88 97 59 972 28 31 223 36 54 63 46 108
leaf_count=254 59 88 97 59 972 28 31 223 36 54 63 46 108
internal_value=0.263724 0.266401 0.265073 0.266281 0.260611 0.275114 0.268334 0.267204 0.265264 0.26973 0.271169 0.265675 0.265468
internal_weight=0 892 774 686 1226 118 59 627 421 198 206 109 144
internal_count=2118 892 774 686 1226 118 59 627 421 198 206 109 144
is_linear=0
shrinkage=1


Tree=1
num_leaves=14
num_cat=0
split_feature=5 2 8 14 2 16 2 14 16 5 3 5 21
split_gain=8.8879 2.00072 1.926 4.11592 2.75401 1.82621 1.73356 2.90471 2.88611 1.72309 1.52694 2.45322 2.39196
threshold=4.6650000000000009 2.2229418284747239e-05 -0.49999999999999417 1.2350000000000001 0.00011682014899832339 10.250000000000005 0.00021878117435536099 2.3750000000000004 6.0000000000000027 2.5750000000000006 1.8050000000000004 7.0150000000000006 0.00050069784858619581
decision_type=2 2 2 2 2 2 2 2 2 2 2 2 2
left_child=1 -1 3 4 -2 6 10 8 -8 -3 11 -4 -13
right_child=2 9 5 -5 -6 -7 7 -9 -10 -11 -12 12 -14
leaf_value=-0.010549069927497344 0.02451214834171183 0.010762064371790205 -0.00016258543309492942 0.0017006161622703077 0.0080393985360860832 -0.012845285361011824 -2.2825300693511962e-05 0.023523505628108982 0.018651713609695433 -0.0037409883834863089 -0.0042184600106826642 0.003295219730999735 0.024528811162426362
leaf_weight=110 34 21 312 304 100 24 120 20 25 827 164 36 21
leaf_count=110 34 21 312 304 100 24 120 20 25 827 164 36 21
internal_value=0 -0.00420479 0.00230281 0.00491858 0.0122191 0.00071595 0.00118224 0.00566075 0.00319692 -0.00338183 -0.000204167 0.00157996 0.0111181
internal_weight=0 958 1160 438 134 722 698 165 145 848 533 369 57
internal_count=2118 958 1160 438 134 722 698 165 145 848 533 369 57
is_linear=0
shrinkage=0.05


Tree=2
num_leaves=14
num_cat=0
split_feature=5 15 8 20 1 3 1 2 6 1 5 16 14
split_gain=8.02133 2.30923 2.83996 1.9411 2.03167 2.84031 1.8138 1.80565 1.64222 1.60904 1.55509 1.40932 1.32995
threshold=4.6650000000000009 0.31500000000000006 -0.49999999999999417 0.0042228286208548802 3.9322949550839061e-05 1.5650000000000002 0.00033939683670311782 2.2229418284747239e-05 14.999999999999904 4.4945515754861363e-05 2.5750000000000006 4.0000000000000027 -0.024999999999999998
decision_type=2 2 2 2 2 2 2 2 2 2 2 2 2
left_child=7 2 -2 4 5 -3 -5 -1 9 -6 -9 -8 -12
right_child=1 3 -4 6 8 -7 11 10 -10 -11 12 -13 -14
leaf_value=-0.010021616504950958 0.016205522562226942 0.00575122743844986 0.0015592515678472922 -0.0048295445780279821 0.016582268416881565 -0.011827595697508918 0.016250215843319895 0.010223961515086038 -0.0053480748315246742 0.0036474533960413023 -0.011722277643832754 -0.0015570280551910401 -0.0030617435677693441
leaf_weight=110 62 40 71 186 25 54 20 21 49 628 47 25 780
leaf_count=110 62 40 71 186 25 54 20 21 49 628 47 25 780
internal_value=0 0.00218767 0.00838684 0.00138485 0.00255586 -0.00434725 -0.00265029 -0.00399455 0.0034802 0.00414266 -0.00321274 0.0063573 -0.00355394
internal_weight=0 1160 133 1027 796 94 231 958 702 653 848 45 827
internal_count=2118 1160 133 1027 796 94 231 958 702 653 848 45 827
is_linear=0
shrinkage=0.05


Tree=3
num_leaves=14
num_cat=0
split_feature=5 15 8 20 1 5 18 8 2 5 1 6 1
split_gain=7.23925 2.08408 2.56307 1.75184 1.83358 2.59824 1.64844 2.2232 1.82886 1.7121 1.63695 1.48211 1.45216
threshold=4.6650000000000009 0.31500000000000006 -0.49999999999999417 0.0042228286208548802 3.9322949550839061e-05 4.9650000000000007 -0.035988733037552616 1 2.2229418284747239e-05 3.7350000000000008 0.00033939683670311782 14.999999999999904 4.4945515754861363e-05
decision_type=2 2 2 2 2 2 2 2 2 2 2 2 2
left_child=6 2 -2 4 5 -3 7 -1 -8 -9 -5 12 -6
right_child=1 3 -4 10 11 -7 8 9 -10 -11 -12 -13 -14
leaf_value=-0.0032637279814687267 0.015395246349996138 0.0077205737271616535 0.0014812892171698559 -0.0045880673313012689 0.015753155589103698 -0.0099610601862271629 -0.011793157309293749 0.0015198204761896379 -0.0040043502609084427 0.018493162902692952 0.0060394375854068332 -0.0050806711066742338 0.0034650808484975697
leaf_weight=145 62 31 71 186 25 63 85 39 665 24 45 49 628
leaf_count=145 62 31 71 186 25 63 85 39 665 24 45 49 628
internal_value=0 0.00207828 0.00796749 0.00131561 0.00242806 -0.00412988 -0.00379483 0.000143598 -0.00488708 0.00798586 -0.00251777 0.00330619 0.00393553
internal_weight=0 1160 133 1027 796 94 958 208 750 63 231 702 653
internal_count=2118 1160 133 1027 796 94 958 208 750 63 231 702 653
is_linear=0
shrinkage=0.05


Tree=4
num_leaves=14
num_cat=0
split_feature=3 15 1 10 16 3 2 2 15 1 3 1 1
split_gain=4.86984 3.09216 2.57292 2.08225 1.90591 1.6285 2.48528 2.471 3.30731 2.1298 1.93658 2.90485 3.26976
threshold=1.4950000000000003 0.7350000000000001 3.9322949550839061e-05 9.9999999999999876 -3.9999999999999951 1.7550000000000001 8.9809896665054984e-05 0.00020467053333761656 2.8550000000000004 0.00014654629797720495 2.1950000000000007 0.00038902402540016425 0.00026020608626445334
decision_type=2 2 2 2 2 2 2 2 2 2 2 2 2
left_child=-1 4 -3 5 -2 6 -4 -7 10 -8 -9 12 -12
right_child=1 2 3 -5 -6 7 9 8 -10 -11 11 -13 -14
leaf_value=-0.0025943330593929791 -0.0015915000545127051 -0.0069367945617572827 0.012454105606398633 -0.006835574088460309 0.013345445742209753 -0.0024023931189502837 -0.0045206172007416926 -0.0087279742376671892 0.015824928934927342 0.0096309034396772804 0.001528403746045154 -0.0021363798994570972 0.028816989489964081
leaf_weight=1226 28 88 97 59 90 223 63 36 54 46 23 64 21
leaf_count=1226 28 88 97 59 90 223 63 36 54 46 23 64 21
internal_value=0 0.00226149 0.00111204 0.00214455 0.00980109 0.00298957 0.00663238 0.0012071 0.00527233 0.00145158 0.0013151 0.00466279 0.0145525
internal_weight=0 892 774 686 118 627 206 421 198 109 144 108 44
internal_count=2118 892 774 686 118 627 206 421 198 109 144 108 44
is_linear=0
shrinkage=0.05


Tree=5
num_leaves=14
num_cat=0
split_feature=5 4 14 14 1 3 0 21 12 2 19 7 10
split_gain=9.63007 2.63083 1.83439 1.58291 2.36784 1.38084 1.32556 1.18471 1.1036 1.7475 1.66124 2.93786 2.24117
threshold=4.4450000000000012 1.0000000180025095e-35 -0.39499999999999996 0.33500000000000008 0.00010994637070890724 0.57500000000000007 4.4123065783610233e-05 -0.008642381155406607 -1.0000000000000118 0.00036358178136183789 -1.0000000180025095e-35 -0.018649220195611989 -0.99999999999998967
decision_type=2 2 2 2 2 2 2 2 2 2 2 2 2
left_child=1 5 -2 4 -3 -1 -5 -4 9 -9 -10 12 -12
right_child=2 3 7 6 -6 -7 -8 8 10 -11 11 -13 -14
leaf_value=0.0047535106059043639 0.017517601922154426 0.0010260465554893018 -0.0042134026538080249 0.0039651015112476965 0.020080729897903361 -0.0060319096686171116 -0.0098866678010194747 -0.0013931756801450785 0.0058439248896176273 0.013312826305627823 0.00018021790754227412 0.00024098685866184616 0.021335494037597411
leaf_weight=31 20 56 67 31 23 695 39 247 404 22 21 451 31
leaf_count=31 20 56 67 31 23 695 39 247 404 22 21 451 31
internal_value=0 -0.00432933 0.00249536 0.00172251 0.00657361 -0.00557138 -0.00375231 0.00225365 0.00262209 -0.000190454 0.00345625 0.00153851 0.012792
internal_weight=0 875 1263 149 79 726 70 1243 1176 269 907 503 52
internal_count=2138 875 1263 149 79 726 70 1243 1176 269 907 503 52
is_linear=0
shrinkage=0.05


Tree=6
num_leaves=14
num_cat=0
split_feature=5 4 15 14 1 15 14 0 15 14 2 5 17
split_gain=8.69114 2.37432 2.08545 1.65554 1.58911 1.45572 2.33388 3.40692 2.16593 2.07329 3.48883 2.25231 2.14285
threshold=4.4450000000000012 1.0000000180025095e-35 0.94500000000000006 -0.39499999999999996 0.00010994637070890724 1.9950000000000003 2.1350000000000002 3.8103922080132942e-05 2.9150000000000005 1.2350000000000001 0.00014958479746790502 6.6550000000000011 1.0000000000000007
decision_type=2 2 2 2 2 2 2 2 2 2 2 2 2
left_child=1 -1 4 -2 -3 9 7 -7 -9 10 11 12 -5
right_child=3 2 -4 5 -6 6 -8 8 -10 -11 -12 -13 -14
leaf_value=-0.0052928065547601585 0.016641721501946451 0.0025118936441446606 -0.0048196449437562161 0.0099420535141852371 0.017849114475150904 0.018799772129083674 0.00077925855071538325 0.0021282329126631363 0.011633047675713897 -0.004295392225017655 -0.00218150458816025 0.018908820442251256 -0.0049218029372001953
leaf_weight=726 20 57 68 67 24 48 377 239 80 177 180 37 38
leaf_count=726 20 57 68 67 24 48 377 239 80 177 180 37 38
internal_value=0 -0.00411286 0.00163638 0.00237059 0.00705626 0.00214097 0.00354229 0.0063806 0.00451189 5.16236e-05 0.00244113 0.00830081 0.00456275
internal_weight=0 875 149 1263 81 1243 744 367 319 499 322 142 105
internal_count=2138 875 149 1263 81 1243 744 367 319 499 322 142 105
is_linear=0
shrinkage=0.05


Tree=7
num_leaves=14
num_cat=0
split_feature=5 4 15 14 1 15 15 14 3 2 15 9 20
split_gain=7.84375 2.14283 1.88212 1.49412 1.43417 1.34417 5.42122 3.01261 2.78692 3.33169 2.47017 2.049 1.47718
threshold=4.4450000000000012 1.0000000180025095e-35 0.94500000000000006 -0.39499999999999996 0.00010994637070890724 2.8950000000000005 3.0550000000000002 2.0350000000000006 1.4950000000000003 0.00022948028557848781 3.4250000000000003 -0.99999999999999523 -0.0012303382488176304
decision_type=2 2 2 2 2 2 2 2 2 2 2 2 2
left_child=1 -1 4 -2 -3 -5 12 11 10 -10 -9 -8 -7
right_child=3 2 -4 5 -6 6 7 8 9 -11 -12 -13 -14
leaf_value=-0.0050281663325207303 0.015809635519981387 0.0023862985534626145 -0.0045786627075251416 0.00103928376357634 0.016956658723453682 0.030575841949099587 -0.00070881782607598739 0.00073566611390560874 -0.0068918974591153015 0.011469359422723452 0.022804851900963558 0.018052011451055838 0.012417431765546402
leaf_weight=726 20 57 68 910 24 21 22 32 140 30 21 43 24
leaf_count=726 20 57 68 910 24 21 22 32 140 30 21 43 24
internal_value=0 -0.00390722 0.00155456 0.00225206 0.00670344 0.00203392 0.00475199 0.00223021 -0.00053068 -0.00365168 0.00948006 0.0117022 0.0208914
internal_weight=0 875 149 1263 81 1243 333 288 223 170 53 65 45
internal_count=2138 875 149 1263 81 1243 333 288 223 170 53 65 45
is_linear=0
shrinkage=0.05


Tree=8
num_leaves=14
num_cat=0
split_feature=5 4 15 20 20 9 12 15 0 0 21 20 22
split_gain=7.07899 1.9339 1.69862 1.36012 1.92514 2.17544 2.38831 2.89657 1.89615 2.35578 1.7938 1.65808 1.33457
threshold=4.4450000000000012 1.0000000180025095e-35 0.94500000000000006 -0.0085432896767010363 -0.0014501164971779665 1.0000000000000122 1.0000000000000007 2.7850000000000006 0.0001001454978183786 4.8304547017088049e-05 0.0031062851157086517 -0.006141519726038768 -0.00081214228462261884
decision_type=2 2 2 2 2 2 2 2 2 2 2 2 2
left_child=1 -1 -3 10 5 6 7 11 9 -7 -2 -5 -6
right_child=3 2 -4 4 12 8 -8 -9 -10 -11 -12 -13 -14
leaf_value=-0.004776757801613532 -0.0088826080570455473 0.0063682703140341204 -0.0043497298570240248 -0.0095760016441345224 -0.0053562421245234356 0.015849365562200547 -0.0060333012603223327 0.015950010453953462 0.017831321884142725 -0.0052673516262854853 0.0041147346509263867 0.0044757143061124639 0.001879046174038327
leaf_weight=726 61 81 68 25 70 25 56 51 57 28 47 131 712
leaf_count=726 61 81 68 25 70 25 56 51 57 28 47 131 712
internal_value=0 -0.00371186 0.00147683 0.00213946 0.0026412 0.00559688 0.00312739 0.00560565 0.0115012 0.00469336 -0.00322636 0.00222384 0.00123139
internal_weight=0 875 149 1263 1155 373 263 207 110 53 108 156 782
internal_count=2138 875 149 1263 1155 373 263 207 110 53 108 156 782
is_linear=0
shrinkage=0.05


Tree=9
num_leaves=14
num_cat=0
split_feature=5 4 15 14 1 3 15 14 0 14 2 7 9
split_gain=6.38879 1.74534 1.533 1.35186 1.29434 1.24621 1.21646 2.05336 3.08367 1.81658 3.11487 2.40413 1.68785
threshold=4.4450000000000012 1.0000000180025095e-35 0.94500000000000006 -0.39499999999999996 0.00010994637070890724 0.57500000000000007 1.9950000000000003 2.1350000000000002 3.8103922080132942e-05 1.2350000000000001 0.00013091683169166383 -0.0049374840418979207 -2.9999999999999578
decision_type=2 2 2 2 2 2 2 2 2 2 2 2 2
left_child=1 5 4 -2 -3 -1 9 8 -8 10 11 -5 -12
right_child=3 2 -4 6 -6 -7 7 -9 -10 -11 12 -13 -14
leaf_value=0.0052707209702461 0.014928488954901696 0.0019485706561490112 -0.0041322432896670177 0.018306189671505331 0.015790412078301112 -0.0049754278265314996 0.017583585654695831 0.00051431693235506112 0.0039904103290324677 -0.0041539568306699316 -0.0077272758211778571 0.002920606696317273 0.0017418702560904867
leaf_weight=31 20 57 68 43 24 695 48 377 319 177 69 62 148
leaf_count=31 20 57 68 43 24 695 48 377 319 177 69 62 148
internal_value=0 -0.00352627 0.00140299 0.00203248 0.00604986 -0.00453792 0.00182499 0.00310598 0.00576826 -8.49536e-05 0.00215173 0.00922137 -0.00126906
internal_weight=0 875 149 1263 81 726 1243 744 367 499 322 105 217
internal_count=2138 875 149 1263 81 726 1243 744 367 499 322 105 217
is_linear=0
shrinkage=0.05


end of trees

feature_importances:
f_15=18
f_1=16
f_2=14
f_5=14
f_14=13
f_3=11
f_20=6
f_0=5
f_4=5
f_8=5
f_16=4
f_9=3
f_10=3
f_21=3
f_6=2
f_7=2
f_12=2
f_17=1
f_18=1
f_19=1
f_22=1

parameters:
[boosting: gbdt]
[objective: regression]
[metric: binary_logloss]
[tree_learner: serial]
[device_type: cpu]
[data: ]
[valid: ]
[num_iterations: 10]
[learning_rate: 0.05]
[num_leaves: 14]
[num_threads: 0]
[deterministic: 0]
[force_col_wise: 0]
[force_row_wise: 0]
[histogram_pool_size: -1]
[max_depth: -1]
[min_data_in_leaf: 20]
[min_sum_hessian_in_leaf: 0.001]
[bagging_fraction: 0.4]
[pos_bagging_fraction: 1]
[neg_bagging_fraction: 1]
[bagging_freq: 5]
[bagging_seed: 3]
[feature_fraction: 0.9]
[feature_fraction_bynode: 1]
[feature_fraction_seed: 2]
[extra_trees: 0]
[extra_seed: 6]
[early_stopping_round: 0]
[first_metric_only: 0]
[max_delta_step: 0]
[lambda_l1: 0]
[lambda_l2: 0]
[linear_lambda: 0]
[min_gain_to_split: 0]
[drop_rate: 0.1]
[max_drop: 50]
[skip_drop: 0.5]
[xgboost_dart_mode: 0]
[uniform_drop: 0]
[drop_seed: 4]
[top_rate: 0.2]
[other_rate: 0.1]
[min_data_per_group: 100]
[max_cat_threshold: 32]
[cat_l2: 10]
[cat_smooth: 10]
[max_cat_to_onehot: 4]
[top_k: 20]
[monotone_constraints: ]
[monotone_constraints_method: basic]
[monotone_penalty: 0]
[feature_contri: ]
[forcedsplits_filename: ]
[refit_decay_rate: 0.9]
[cegb_tradeoff: 1]
[cegb_penalty_split: 0]
[cegb_penalty_feature_lazy: ]
[cegb_penalty_feature_coupled: ]
[path_smooth: 0]
[interaction_constraints: ]
[verbosity: 0]
[saved_feature_importance_type: 0]
[linear_tree: 0]
[max_bin: 255]
[max_bin_by_feature: ]
[min_data_in_bin: 3]
[bin_construct_sample_cnt: 200000]
[data_random_seed: 1]
[is_enable_sparse: 1]
[enable_bundle: 1]
[use_missing: 1]
[zero_as_missing: 0]
[feature_pre_filter: 1]
[pre_partition: 0]
[two_round: 0]
[header: 0]
[label_column: ]
[weight_column: ]
[group_column: ]
[ignore_column: ]
[categorical_feature: ]
[forcedbins_filename: ]
[precise_float_parser: 0]
[objective_seed: 5]
[num_class: 1]
[is_unbalance: 0]
[scale_pos_weight: 1]
[sigmoid: 1]
[boost_from_average: 1]
[reg_sqrt: 0]
[alpha: 0.9]
[fair_c: 1]
[poisson_max_delta_step: 0.7]
[tweedie_variance_power: 1.5]
[lambdarank_truncation_level: 30]
[lambdarank_norm: 1]
[label_gain: ]
[eval_at: ]
[multi_error_top_k: 1]
[auc_mu_weights: ]
[num_machines: 1]
[local_listen_port: 12400]
[time_out: 120]
[machine_list_filename: ]
[machines: ]
[gpu_platform_id: -1]
[gpu_device_id: -1]
[gpu_use_dp: 0]
[num_gpu: 1]

end of parameters

pandas_categorical:[]
