tree
version=v3
num_class=1
num_tree_per_iteration=1
label_index=0
max_feature_idx=22
objective=regression
feature_names=f_0 f_1 f_2 f_3 f_4 f_5 f_6 f_7 f_8 f_9 f_10 f_11 f_12 f_13 f_14 f_15 f_16 f_17 f_18 f_19 f_20 f_21 f_22
feature_infos=[3.5138360446667107e-07:0.0066553821535006137] [2.5600331918768856e-06:0.0039732576088439284] [9.2225614268401974e-06:0.0029579505118275174] [0.53000000000000003:6.5599999999999996] [-33.000000000000007:46] [2.4100000000000001:21.82] [-101.00000000000016:144.99999999999994] [-0.15710919088766695:0.17837578087457961] [-81:74] [-46:33.999999999999986] [-51.000000000000021:33.999999999999986] [-33.000000000000007:27.999999999999979] [-41:192.00000000000003] [-36.000000000000007:32.999999999999986] [-0.52000000000000002:2.9100000000000001] [-0.94999999999999996:3.8500000000000001] [-52:73.999999999999972] [-28.000000000000004:24.000000000000004] [-0.29572649572649579:0.64215246636771273] [-0.02958455728073861:0.047292143401983289] [-0.054746473503621829:0.033993115318416534] [-0.039377561323276189:0.045346674363414774] [-0.019984292877423981:0.018327052533256172]
tree_sizes=1840 1869 1881 1869 1891 1881 1875 1879 1885 1884 1889 1878 1890 1888 1894 1921 1911 1931 1934 1935

Tree=0
num_leaves=20
num_cat=0
split_feature=2 15 13 1 15 19 3 2 0 21 7 11 3 14 2 15 16 3 1
split_gain=9.06042 6.39731 3.50053 1.97202 1.46967 1.92734 1.55647 1.35387 1.27201 1.11061 1.58979 0.976449 0.891241 1.28886 1.6593 1.71286 0.88955 0.797279 1.54957
threshold=0.00022948028557848781 2.8750000000000004 -1.0000000180025095e-35 8.4653776542144366e-05 0.095000000000000015 0.0012414170029082518 2.1950000000000007 0.00036358178136183789 0.00039292612916385034 0.0013527976126525012 -0.0055534806917958415 3.9999999999999818 1.5450000000000002 1.2350000000000001 0.00014958479746790502 0.095000000000000015 1.0000000000000122 2.4450000000000007 0.00035126105329102774
decision_type=2 2 2 2 2 2 2 2 2 2 2 2 2 2 2 2 2 2 2
left_child=3 4 7 -1 5 -2 -6 -3 -4 17 -11 -12 -5 14 15 -14 -17 18 -8
right_child=1 2 8 12 6 -7 9 -9 -10 10 11 -13 13 -15 -16 16 -18 -19 -20
leaf_value=0.048519565502657645 0.069724462883840516 0.088325653775800012 0.050230414829066983 0.04979954044160393 0.049593648480393389 0.050230414829066983 0.068304008306636341 0.070576735630163034 0.067849462841930996 0.070926385987628682 0.047849462394896167 0.062432796054192399 0.0515531661813841 0.051212691169621759 0.050435669349254121 0.061642566151471914 0.075349463009569073 0.050627240234762116 0.049932795774795632
leaf_weight=1940 32 21 21 641 172 21 22 22 20 26 22 24 27 446 58 29 20 90 24
leaf_count=1940 32 21 21 641 172 21 22 22 20 26 22 24 27 446 58 29 20 90 24
internal_value=0.0503679 0.0566502 0.069278 0.0495103 0.0542005 0.0620004 0.0531126 0.0792448 0.0588251 0.0560225 0.0610439 0.0554582 0.0510845 0.0525046 0.0568047 0.0616653 0.0672372 0.0533642 0.058719
internal_weight=0 517 84 3161 433 53 380 43 41 208 72 46 1221 580 134 76 49 136 46
internal_count=3678 517 84 3161 433 53 380 43 41 208 72 46 1221 580 134 76 49 136 46
is_linear=0
shrinkage=1


Tree=1
num_leaves=20
num_cat=0
split_feature=1 14 1 5 5 1 2 1 5 14 9 5 5 1 0 6 3 8 3
split_gain=8.23197 2.62924 1.92238 1.74256 3.1965 1.44229 1.96661 1.20935 1.07315 1.25879 2.40379 1.02264 0.981182 1.7813 0.949222 0.729921 1.30738 0.576332 0.635526
threshold=0.00027566130516974247 2.4950000000000006 8.4653776542144366e-05 8.8850000000000033 9.5850000000000026 0.00041659036141107858 0.00031965087587533205 0.0010567632396975984 6.5250000000000012 1.2350000000000001 3.0000000000000142 7.6250000000000009 15.805000000000001 0.0005691685285342925 0.00039292612916385034 6.9999999999999627 1.1150000000000004 -6.0000000000000018 3.1250000000000004
decision_type=2 2 2 2 2 2 2 2 2 2 2 2 2 2 2 2 2 2 2
left_child=2 3 -1 5 -5 6 -2 12 15 10 11 -10 -6 -14 -8 -4 -17 -11 -19
right_child=1 -3 8 4 7 -7 14 -9 9 17 -12 -13 13 -15 -16 16 -18 18 -20
leaf_value=-0.0016851789495124381 0.000820319908293518 0.023721783794462683 -0.00094431613192514144 0.025075037684291604 -0.00029866905262072884 -0.0026645898573884842 0.008167800429509953 0.014461920732581937 0.0098261528576795883 0.0093062218456041249 0.02203525369140235 -0.00079922601580619814 0.019831934571266176 0.00081971402146986552 0.022053430546075108 0.01501053748652339 0.00084848129613832989 0.00014057660507673473 0.0071209562424984253
leaf_weight=1951 74 22 702 28 60 76 32 37 39 21 22 54 22 28 20 20 88 346 36
leaf_count=1951 74 22 702 28 60 76 32 37 39 21 22 54 22 28 20 20 88 346 36
internal_value=0 0.0069199 -0.000686354 0.00593942 0.00959158 0.00277541 0.00605668 0.00664235 0.000781046 0.00255842 0.0071725 0.00365658 0.00401213 0.00918509 0.0135084 -0.000355596 0.00347108 0.00124175 0.000798413
internal_weight=0 399 3279 377 175 202 126 147 1328 518 115 93 110 50 52 810 108 403 382
internal_count=3678 399 3279 377 175 202 126 147 1328 518 115 93 110 50 52 810 108 403 382
is_linear=0
shrinkage=0.05


Tree=2
num_leaves=20
num_cat=0
split_feature=2 15 1 1 3 21 15 5 3 12 7 3 3 6 22 5 5 15 3
split_gain=7.44824 4.52309 3.27061 1.4946 1.42794 1.28943 1.13837 1.11397 1.08908 1.1756 1.13932 1.88824 0.938414 0.621505 0.742859 0.776426 0.562952 2.75496 0.664975
threshold=0.00021441151386286257 2.8750000000000004 0.00038902402540016425 8.4653776542144366e-05 2.0850000000000004 -0.0018725400449068339 0.095000000000000015 7.7550000000000008 2.1950000000000007 6.4999999999999956 -0.0055534806917958415 2.5350000000000006 3.1250000000000004 6.9999999999999627 -0.00088227951229263846 4.6250000000000009 6.5250000000000012 0.79500000000000015 1.7550000000000001
decision_type=2 2 2 2 2 2 2 2 2 2 2 2 2 2 2 2 2 2 2
left_child=3 6 4 -1 -3 -4 7 -2 -8 10 11 -10 13 16 -15 -16 -5 -18 -19
right_child=1 2 5 12 -6 -7 8 -9 9 -11 -12 -13 -14 14 15 -17 17 18 -20
leaf_value=-0.0016716162664527747 0.017612480651587249 0.015724531809488931 0.03345951093804269 -0.0009584283057268748 -0.001523267018741795 0.017305396149555844 -0.00037497149239624702 0.0033596270492878451 0.020376976862873722 0.016394864274188875 0.00054552610804382558 0.0033161268010735512 0.0096283223413463157 0.012143039330840112 0.010653543497689745 0.00054439993025802024 0.016882920382475412 0.0032291252166032794 -0.0017514328643593981
leaf_weight=1940 26 21 21 663 28 30 186 29 23 20 117 55 28 20 22 139 27 109 174
leaf_count=1940 26 21 21 663 28 30 186 29 23 20 117 55 28 20 22 139 27 109 174
internal_value=0 0.00546361 0.0150938 -0.000817683 0.00586865 0.0239571 0.00335173 0.0100973 0.00242653 0.00485015 0.00366607 0.00834689 0.000583866 0.000364416 0.00305475 0.00192577 -0.000136047 0.00162279 0.000166874
internal_weight=0 556 100 3122 49 51 456 55 401 215 195 78 1182 1154 181 161 973 310 283
internal_count=3678 556 100 3122 49 51 456 55 401 215 195 78 1182 1154 181 161 973 310 283
is_linear=0
shrinkage=0.05


Tree=3
num_leaves=20
num_cat=0
split_feature=1 15 1 1 1 6 19 15 21 3 3 5 14 10 5 1 11 21 15
split_gain=6.76211 3.42357 2.81591 2.07964 1.64916 1.43556 1.52818 1.39525 1.16371 1.05541 1.3906 0.826484 0.837971 1.92927 0.931543 0.868843 0.700414 0.598755 0.804976
threshold=0.00029888057667890782 2.9150000000000005 0.00038902402540016425 0.000431001232881904 8.4653776542144366e-05 5.9999999999999174 0.0011172962434048419 2.1650000000000005 -0.0018725400449068339 3.8800000000000003 5.5750000000000011 6.5250000000000012 1.2350000000000001 3.0000000000000142 7.6250000000000009 0.00013469164969493524 -3.0000000000000022 -0.0020582467507974651 2.1825000000000006
decision_type=2 2 2 2 2 2 2 2 2 2 2 2 2 2 2 2 2 2 2
left_child=4 3 -3 5 -1 6 7 -2 -4 -5 -11 16 13 14 15 -13 17 -6 -19
right_child=1 2 8 9 11 -7 -8 -9 -10 10 -12 12 -14 -15 -16 -17 -18 18 -20
leaf_value=-0.0015193026739128244 0.023433886292789665 0.0022744497060775757 0.03178653582220986 -0.0027498640065245772 -0.00098458102222570456 -7.6121148286443778e-05 0.004474720865105971 0.0068789441790431741 0.0164401268089811 0.016373070897534491 0.00029148822877465228 0.01604373237118125 0.0012037256759448122 0.018621755143006645 -0.0012436780179369039 0.0013056586030870676 -0.0011781648237608438 0.002451228487731542 0.012676296375044013
leaf_weight=1951 35 25 21 102 97 33 39 20 30 20 41 20 416 24 58 20 585 118 23
leaf_count=1951 35 25 21 102 97 33 39 20 30 20 41 20 416 24 58 20 585 118 23
internal_value=0 0.00657452 0.0160208 0.00409894 -0.000587429 0.0088958 0.0120455 0.0174139 0.0227592 0.000361511 0.00556414 0.000748417 0.00227235 0.0059162 0.00280464 0.0086747 -0.00024779 0.00203906 0.00411915
internal_weight=0 366 76 290 3312 127 94 55 51 163 61 1361 538 122 98 40 823 238 141
internal_count=3678 366 76 290 3312 127 94 55 51 163 61 1361 538 122 98 40 823 238 141
is_linear=0
shrinkage=0.05


Tree=4
num_leaves=20
num_cat=0
split_feature=2 15 1 1 13 21 21 13 15 7 18 3 21 8 20 0 6 0 8
split_gain=6.16361 3.78628 2.49605 1.22927 1.15086 1.05025 1.03667 1.47731 1.67493 1.07115 1.1531 0.832112 0.681615 0.790475 0.738987 1.11443 0.492158 0.708173 0.650121
threshold=0.00021878117435536099 2.8750000000000004 0.00038902402540016425 8.4653776542144366e-05 0.99999999999998956 -0.0018725400449068339 0.00097136827871158193 4.999999999999992 0.16500000000000004 -0.0052008558794232598 0.0071252905203818004 3.1250000000000004 -0.0021021343204423166 4.0000000000000027 0.0030877112986577031 0.00027416650506405113 6.9999999999999627 0.0001831492021232708 1.0000000000000007
decision_type=2 2 2 2 2 2 2 2 2 2 2 2 2 2 2 2 2 2 2
left_child=3 6 4 -1 -3 -4 12 8 -8 10 -10 16 13 14 -2 -16 -5 18 -18
right_child=1 2 5 11 -6 -7 7 -9 9 -11 -12 -13 -14 -15 15 -17 17 -19 -20
leaf_value=-0.0015120702686229933 -0.00092469182669777767 0.013094590102200925 0.030197208587612424 -0.00012373015155161485 -0.0030949419896517481 0.015618119910359383 0.015377197740599514 0.018328373168002478 -0.00060058246765817922 -0.0020582470203369435 0.015604672240822213 0.009045752856348243 -0.0016441531367918365 0.011936022543712803 0.015544571913778782 0.0011234540240587416 0.0032427035019888233 -0.0014171081053009674 0.012772005644034258
leaf_weight=1940 88 23 21 979 21 30 28 22 21 71 23 28 117 23 21 37 96 67 22
leaf_count=1940 88 23 21 979 21 30 28 22 21 71 23 28 117 23 21 37 96 67 22
internal_value=0 0.00502126 0.0140933 -0.00073561 0.00536777 0.0216213 0.00311029 0.00626634 0.00441064 0.00174052 0.00787035 0.000528093 0.00128949 0.00332047 0.00196323 0.00634489 0.000323201 0.00268831 0.00501935
internal_weight=0 546 95 3132 44 51 451 165 143 115 44 1192 286 169 146 58 1164 185 118
internal_count=3678 546 95 3132 44 51 451 165 143 115 44 1192 286 169 146 58 1164 185 118
is_linear=0
shrinkage=0.05


Tree=5
num_leaves=20
num_cat=0
split_feature=3 3 1 1 14 1 12 4 2 1 8 14 5 4 2 6 14 21 17
split_gain=4.51171 1.7594 1.69403 1.32913 1.30643 0.59126 0.874536 0.808462 0.800184 0.769634 0.901012 0.556399 1.81551 0.923174 0.861454 0.701401 0.530958 0.484852 0.540403
threshold=4.4350000000000014 5.9650000000000007 8.4653776542144366e-05 0.00092014798587458418 1.925 0.00027566130516974247 -1.9999999999999682 -1.0000000000000118 0.00067078586548043279 0.00015639894608797034 -6.0000000000000018 1.2350000000000001 6.7250000000000005 1.9999999999999853 0.00011682014899832339 6.9999999999999627 -0.12499999999999999 -0.0032458999094017722 1.0000000000000007
decision_type=2 2 2 2 2 2 2 2 2 2 2 2 2 2 2 2 2 2 2
left_child=2 3 16 4 -2 9 7 -7 17 10 -4 12 13 15 -14 -12 -1 18 -9
right_child=1 -3 5 -5 -6 6 -8 8 -10 -11 11 -13 14 -15 -16 -17 -18 -19 -20
leaf_value=0.0030010174125877781 0.018372908017287651 0.00018241386860609057 0.0094961702765431269 0.024833938327025285 0.0020410676300525667 0.011203381310527524 -0.0018042115805049737 0.0014499687722751074 0.01202984591099349 -0.0012156354909342144 -0.00055617719916180048 -0.00026861621233159404 0.018674874314191667 0.0096816731949469874 0.0053460811506266951 0.0081965689137578016 -0.0015281173121626896 0.00021829144438592402 0.011921821179037746
leaf_weight=67 24 30 32 22 25 36 78 28 22 496 271 437 22 28 27 25 1893 123 22
leaf_count=67 24 30 32 22 25 36 78 28 22 496 271 437 22 28 27 25 1893 123 22
internal_value=0 0.0103346 -0.000380004 0.0146243 0.0100403 0.000802055 0.00277339 0.00431908 0.00304813 0.00034679 0.00126717 0.000942078 0.00236051 0.00100394 0.0113304 0.000183075 -0.00137329 0.00190595 0.00605758
internal_weight=0 101 3607 71 49 1647 309 231 195 1338 842 810 373 324 49 296 1960 173 50
internal_count=3708 101 3607 71 49 1647 309 231 195 1338 842 810 373 324 49 296 1960 173 50
is_linear=0
shrinkage=0.05


Tree=6
num_leaves=20
num_cat=0
split_feature=3 3 1 1 15 5 3 1 15 2 15 3 5 5 8 12 15 14 20
split_gain=4.07181 1.58786 1.52886 1.19954 1.37921 0.560863 0.888053 0.662181 1.40508 0.680416 1.6285 0.911173 0.931214 1.80436 0.628227 0.903748 1.04095 1.64661 0.607433
threshold=4.4350000000000014 5.9650000000000007 8.4653776542144366e-05 0.00092014798587458418 2.6125000000000003 6.6550000000000011 2.4950000000000006 0.00010257529705095438 2.0450000000000004 0.00021441151386286257 2.8750000000000004 1.8050000000000004 8.1750000000000025 7.8350000000000009 -1.9999999999999682 -1.0000000000000118 2.3950000000000005 1.7950000000000002 0.0016574247785140497
decision_type=2 2 2 2 2 2 2 2 2 2 2 2 2 2 2 2 2 2 2
left_child=2 3 -1 4 -2 -4 7 8 -7 11 14 12 13 -9 -11 16 17 18 -16
right_child=1 -3 5 -5 -6 6 -8 9 -10 10 -12 -13 -14 -15 15 -17 -18 -19 -20
leaf_value=-0.0013046300614594807 0.018457183403813322 0.0001732930603126685 -6.2304567423645063e-05 0.023592241294682029 0.001648555610042352 0.018347588535398248 -0.0012883709543674007 0.0019195293176632662 -0.00039460232481360437 -0.0023732689076236321 0.014237697603447098 -0.0020196613967418671 -0.0027869252726817743 0.017297082580626011 0.0092442345184584451 -0.0030085279770633755 -0.00063649252359126074 0.020124333001673225 -0.0015559887675487478
leaf_weight=1960 23 30 916 22 26 20 177 65 20 49 35 150 39 27 30 34 37 25 23
leaf_count=1960 23 30 916 22 26 20 177 65 20 49 35 150 39 27 30 34 37 25 23
internal_value=0 0.00981788 -0.000361004 0.0138931 0.00953832 0.000761952 0.00179481 0.00277987 0.00897649 0.00229764 0.00429544 0.000641108 0.00368779 0.00643251 0.00253797 0.00415307 0.00627041 0.00954676 0.00455735
internal_weight=0 101 3607 71 49 1647 731 554 40 514 233 281 131 92 198 149 115 78 53
internal_count=3708 101 3607 71 49 1647 731 554 40 514 233 281 131 92 198 149 115 78 53
is_linear=0
shrinkage=0.05


Tree=7
num_leaves=20
num_cat=0
split_feature=3 3 1 10 12 3 14 7 6 20 20 0 1 14 1 0 4 14 3
split_gain=3.67481 1.43304 1.3798 1.12012 0.645764 0.526746 0.816477 0.650777 1.32499 1.00987 1.69201 0.916279 1.24143 1.32228 1.43507 0.832128 0.59487 0.479189 0.471922
threshold=4.4350000000000014 5.9650000000000007 8.4653776542144366e-05 3.9999999999999707 -2.249999999999996 1.5450000000000002 0.25500000000000006 -0.0057759571285092006 8.2500000000000036 -0.0041538593936574766 -0.0024605896373741105 0.00027416650506405113 0.00025528724294924388 1.4950000000000003 0.00013469164969493524 0.00078494393648379315 1.9999999999999853 -0.12499999999999999 1.675
decision_type=2 2 2 2 2 2 2 2 2 2 2 2 2 2 2 2 2 2 2
left_child=2 3 17 4 -2 6 16 8 9 -7 -11 12 13 14 -12 -9 -4 18 -1
right_child=1 -3 5 -5 -6 7 -8 15 -10 10 11 -13 -14 -15 -16 -17 -18 -19 -20
leaf_value=0.0063638197490945465 0.011847838877954266 0.00016462834551930427 0.00084919968376988948 0.0049362475768877914 0.023830075189471247 -0.0010996952945110845 -0.0017349989339709281 9.2205023292169682e-05 -0.0018618300840582535 0.020579804247245193 0.019137162371323662 -0.00065867721956844143 0.017692172053890922 -4.3064166317906299e-05 0.0015636257383795011 0.009244660689280584 0.0076006615735791832 -0.0013864798993816845 -0.0021913891658186914
leaf_weight=40 22 30 276 26 23 51 415 554 92 20 26 48 24 57 21 26 37 1893 27
leaf_count=40 22 30 276 26 23 51 415 554 92 20 26 48 24 57 21 26 37 1893 27
internal_value=0 0.00932698 -0.000342953 0.0131984 0.0179721 0.000723855 -0.000280798 0.00151971 0.00326008 0.00516783 0.00679867 0.00523263 0.00744187 0.00507642 0.0112852 0.000502488 0.0016473 -0.0012394 0.0029162
internal_weight=0 101 3607 71 45 1647 728 919 339 247 196 176 128 104 47 580 313 1960 67
internal_count=3708 101 3607 71 45 1647 728 919 339 247 196 176 128 104 47 580 313 1960 67
is_linear=0
shrinkage=0.05


Tree=8
num_leaves=20
num_cat=0
split_feature=3 3 1 1 15 5 3 2 2 15 0 5 22 1 8 5 3 2 20
split_gain=3.31652 1.29332 1.24527 1.08319 1.227 0.477711 0.8009 0.558037 0.501507 0.6155 0.786914 3.1296 0.98443 0.87542 1.13483 0.978171 0.611994 0.926356 0.450451
threshold=4.4350000000000014 5.9650000000000007 8.4653776542144366e-05 0.00092014798587458418 2.6125000000000003 6.8150000000000004 2.5750000000000006 0.00047795047566142907 9.5956451631978981e-05 3.1950000000000007 8.5317443866871423e-05 7.6950000000000012 -2.4163490175310717e-05 0.0002844075817097918 -0.99999999999998412 8.8850000000000033 1.8050000000000004 0.00019292242589676791 0.0021564311108711602
decision_type=2 2 2 2 2 2 2 2 2 2 2 2 2 2 2 2 2 2 2
left_child=2 3 -1 4 -2 7 8 -4 -7 10 11 -10 -12 16 18 -16 17 -14 -15
right_child=1 -3 5 -5 -6 6 -8 -9 9 -11 12 -13 13 14 15 -17 -18 -19 -20
leaf_value=-0.0011774287019305084 0.016812673259688462 0.00015639694407582283 -0.00024561205251267095 0.021755276010795077 0.00095864332352693269 0.0099583036181601619 -0.0016052098778931248 0.0070466224104166033 0.022154441615566612 -0.0016429200768470764 -0.0019513730783588612 -0.0018952508967730306 0.01004037364386022 -0.0041311824863607231 0.0055122358351945878 0.017607231473084541 -0.00069387647583409474 -0.0027332315644757314 0.0062367424834519625
leaf_weight=1960 23 30 926 22 26 22 146 27 24 85 104 31 40 22 35 32 111 22 20
leaf_count=1960 23 30 926 22 26 22 146 27 24 85 104 31 40 22 35 32 111 22 20
internal_value=0 0.00886064 -0.000325806 0.0125385 0.00840033 0.000687662 0.00168553 -3.90115e-05 0.00256226 0.00225292 0.00300382 0.00859916 0.00220655 0.00373997 0.00724962 0.011289 0.00152869 0.0055078 0.000805925
internal_weight=0 101 3607 71 49 1647 694 953 548 526 441 55 386 282 109 67 173 62 42
internal_count=3708 101 3607 71 49 1647 694 953 548 526 441 55 386 282 109 67 173 62 42
is_linear=0
shrinkage=0.05


Tree=9
num_leaves=20
num_cat=0
split_feature=3 3 1 10 16 3 14 3 9 11 22 4 7 6 21 7 0 15 5
split_gain=2.99316 1.16722 1.12386 0.999193 0.777004 0.45946 0.736136 0.592604 0.549368 0.702146 1.22459 0.845978 0.538348 1.12779 0.972668 1.03027 0.59503 0.555822 1.13299
threshold=4.4350000000000014 5.9650000000000007 8.4653776542144366e-05 3.9999999999999707 -4.2499999999999973 1.5450000000000002 0.25500000000000006 2.5750000000000006 3.0000000000000142 -1.0000000000000007 -2.4155318700036507e-05 0.99999999999999545 -0.0057759571285092006 8.2500000000000036 0.0036235632251163667 -0.0088609975526351397 0.00078494393648379315 2.2050000000000005 6.6550000000000011
decision_type=2 2 2 2 2 2 2 2 2 2 2 2 2 2 2 2 2 2 2
left_child=2 3 -1 4 -2 6 8 12 9 -4 -11 -12 13 14 15 17 -14 18 -7
right_child=1 -3 5 -5 -6 7 -8 -9 -10 10 11 -13 16 -15 -16 -17 -18 -19 -20
leaf_value=-0.00111855719770704 0.0093964162149599625 0.00014857711270451548 0.00045848846661322045 0.0041081351586259333 0.022566017384330433 -0.0014920380022941215 -0.0016658179309353772 -0.0015249494144259253 -0.0018849765180664905 0.017086742017418149 -0.00051195911478762535 0.010716012604534628 0.00054617639373004173 -0.0014365340288304076 0.012480373176314482 0.013051174265834001 0.008962644475766203 -0.00090811309522726173 0.011096059363812973
leaf_weight=1960 21 30 132 26 24 33 415 146 85 20 51 25 462 79 41 26 22 71 39
leaf_count=1960 21 30 132 26 24 33 415 146 85 20 51 25 462 79 41 26 22 71 39
internal_value=0 0.0084176 -0.000309515 0.0119116 0.0164202 0.000653279 -0.000285016 0.00139656 0.00154576 0.00282476 0.00607839 0.00318145 0.00194836 0.00365596 0.00557171 0.00389564 0.000928743 0.002231 0.00532651
internal_weight=0 101 3607 71 45 1647 728 919 313 228 96 76 773 289 210 169 484 143 72
internal_count=3708 101 3607 71 45 1647 728 919 313 228 96 76 773 289 210 169 484 143 72
is_linear=0
shrinkage=0.05


Tree=10
num_leaves=20
num_cat=0
split_feature=2 15 1 3 8 3 1 2 3 3 1 4 3 9 19 3 1 19 7
split_gain=3.88288 2.91073 1.90952 1.14479 1.05235 0.984473 0.943885 1.60346 0.654565 1.23347 1.0485 0.887409 0.652117 0.679632 1.25599 0.497272 0.520498 0.70108 0.507408
threshold=0.00021441151386286257 2.8750000000000004 0.00038902402540016425 2.0850000000000004 -1.0000000000000118 3.1250000000000004 0.00044428057153355255 0.00053789099948906786 2.0150000000000001 2.5750000000000006 0.00029888057667890782 1.9999999999999964 1.5550000000000004 -8.9999999999999893 0.0020840038724307956 1.8050000000000004 9.770877397249885e-05 -0.0045788070404366712 -0.011494167825280397
decision_type=2 2 2 2 2 2 2 2 2 2 2 2 2 2 2 2 2 2 2
left_child=5 6 3 -3 -4 12 7 8 11 10 -10 -2 -1 14 -14 16 -15 -18 -19
right_child=1 2 4 -5 -6 -7 -8 -9 9 -11 -12 -13 13 15 -16 -17 17 18 -20
leaf_value=-0.0010980639633733581 -0.00074332475130047123 0.013483420404649915 0.010233767195181414 -0.0019599849757339274 0.024735649932047417 0.0087802809796163027 -0.000977268850043316 0.016009060002863406 0.0044882478237878989 -0.00061270891843984534 0.016673879181185076 0.010058921042152426 -0.0024166248495812001 -5.7585508100629797e-06 0.013483570454021297 -0.0010348274904074814 0.010980869960729722 0.0074137267492273276 0.0003339845442561188
leaf_weight=2206 140 21 22 28 29 28 149 25 41 48 31 22 23 254 27 424 27 34 99
leaf_count=2206 140 21 22 28 29 28 149 25 41 48 31 22 23 254 27 424 27 34 99
internal_value=0 0.00398218 0.0117075 0.00465862 0.0184799 -0.00055305 0.00228803 0.00387282 0.00279691 0.00559582 0.00973484 0.000723647 -0.000637515 0.000506598 0.00616948 0.000168717 0.00140133 0.00363509 0.00214384
internal_weight=0 556 100 49 51 3122 456 307 282 120 72 162 3094 888 50 838 414 160 133
internal_count=3678 556 100 49 51 3122 456 307 282 120 72 162 3094 888 50 838 414 160 133
is_linear=0
shrinkage=0.05


Tree=11
num_leaves=20
num_cat=0
split_feature=2 15 3 2 5 1 2 15 21 6 5 11 3 21 3 15 6 1 3
split_gain=3.51065 2.65034 1.75746 2.34713 0.897186 0.886101 1.42312 0.764149 1.99705 1.39837 0.683289 1.39327 0.622786 1.14442 0.700946 0.574878 0.757535 0.573447 1.14936
threshold=0.00021878117435536099 2.8750000000000004 2.0350000000000006 0.00072509667545322032 7.3350000000000009 0.00044428057153355255 0.00053789099948906786 2.0750000000000006 -0.0021516872072049327 3.0000000000000031 2.5750000000000006 0.74999999999998412 2.0150000000000001 0.001964743770519473 2.4450000000000007 0.29500000000000004 3.0000000000000031 0.000166153715865929 1.7950000000000002
decision_type=2 2 2 2 2 2 2 2 2 2 2 2 2 2 2 2 2 2 2
left_child=4 5 -3 -4 10 6 12 8 9 -6 11 -1 15 14 -14 16 -2 -9 -19
right_child=1 2 3 -5 7 -7 -8 17 -10 -11 -12 -13 13 -15 -16 -17 -18 18 -20
leaf_value=0.015039409957174212 0.00023023920599371195 0.022567548727691174 -0.00012267453369817566 0.018379353143008693 0.021484438352286816 -0.00091912134207985138 0.01505652093306184 -0.0017385046177220589 0.0003565059046420019 0.0037620507001876837 -0.00092009883075501236 -0.0018273515040054919 0.0071701670940965421 0.012528380675976605 -0.0021919793652933699 -0.0015196025763254833 0.011889149688184261 0.013746092571504415 0.00017634009237472829
leaf_weight=20 36 25 42 28 24 149 25 147 82 20 2724 30 36 38 43 102 22 20 65
leaf_count=20 36 25 42 28 24 149 25 147 82 20 2724 30 36 38 43 102 22 20 65
internal_value=0 0.0037874 0.0113017 0.00727814 -0.000513875 0.00220458 0.00374574 0.00181823 0.00492144 0.0134288 -0.000814846 0.00491935 0.00272491 0.00546965 0.00207432 0.000717815 0.00465258 0.000132861 0.00336922
internal_weight=0 546 95 70 3132 451 302 358 126 44 2774 50 277 117 79 160 58 232 85
internal_count=3678 546 95 70 3132 451 302 358 126 44 2774 50 277 117 79 160 58 232 85
is_linear=0
shrinkage=0.0495


Tree=12
num_leaves=20
num_cat=0
split_feature=2 15 13 0 15 19 13 3 21 14 14 2 15 3 3 9 7 10 7
split_gain=3.18315 2.95509 2.26695 1.40729 0.928553 1.46868 0.88493 0.852119 0.681755 0.533447 1.42451 1.32306 1.21212 0.580615 0.500418 0.587195 0.471661 0.467259 0.654056
threshold=0.00022948028557848781 2.8550000000000004 -1.0000000000000118 0.00056286372351235792 0.095000000000000015 0.0012414170029082518 3.0000000000000142 1.5550000000000004 0.0021947266007213977 1.2350000000000001 -0.18499999999999997 0.00014958479746790502 0.14500000000000005 3.1250000000000004 1.7850000000000004 -8.9999999999999893 -0.0027576340206179046 -2.9999999999999578 -0.022091068181038339
decision_type=2 2 2 2 2 2 2 2 2 2 2 2 2 2 2 2 2 2 2
left_child=7 4 -3 -4 5 -2 17 -1 -8 10 -9 12 -12 14 15 -11 -14 18 -6
right_child=1 2 3 -5 6 -7 8 9 -10 13 11 -13 16 -15 -16 -17 -18 -19 -20
leaf_value=-0.00099314848280887113 0.014685069698701264 0.020678604193341273 -0.0023469604147937414 0.014434940389650208 0.008794662464812638 -0.0019934464618483823 0.00071356211081799123 -0.0023775442299504269 0.012748164894478395 0.0095467715431004768 0.001416304663709764 9.8713523489423103e-05 0.020357824253342115 0.0066689754007570445 -0.0011560859537123769 0.00086616267031615541 0.010168127736124209 -0.0011794575738208141 0.00058626725594037546
leaf_weight=2211 32 39 28 21 31 21 20 68 26 20 21 44 24 32 430 291 20 205 94
leaf_count=2211 32 39 28 21 31 21 20 68 26 20 21 44 24 32 430 291 20 205 94
internal_value=0 0.00368206 0.0118623 0.00484528 0.00200405 0.0080766 0.00114808 -0.000465742 0.00751573 0.000761729 0.00318849 0.00666088 0.011103 0.000206053 -7.30475e-05 0.0014244 0.0157261 0.000260469 0.00262195
internal_weight=0 517 88 49 429 53 376 3161 46 950 177 109 65 773 741 311 44 330 125
internal_count=3678 517 88 49 429 53 376 3161 46 950 177 109 65 773 741 311 44 330 125
is_linear=0
shrinkage=0.049005


Tree=13
num_leaves=20
num_cat=0
split_feature=2 15 13 0 15 19 12 3 5 9 12 14 14 2 15 3 3 9 15
split_gain=2.87882 2.67255 2.05021 1.27274 0.839775 1.32826 0.880073 0.77065 0.684323 1.36406 0.611095 0.482445 1.28832 1.19656 1.09624 0.525103 0.452574 0.557616 0.795369
threshold=0.00022948028557848781 2.8550000000000004 -1.0000000000000118 0.00056286372351235792 0.095000000000000015 0.0012414170029082518 6.4999999999999956 1.5550000000000004 2.5950000000000002 0.50000000000005607 -6.0000000000000018 1.2350000000000001 -0.18499999999999997 0.00014958479746790502 0.14500000000000005 3.1250000000000004 1.7850000000000004 -2.9999999999999853 3.0550000000000002
decision_type=2 2 2 2 2 2 2 2 2 2 2 2 2 2 2 2 2 2 2
left_child=7 4 -3 -4 5 -2 10 8 9 -1 -6 12 -9 14 -14 16 17 18 -13
right_child=1 2 3 -5 6 -7 -8 11 -10 -11 -12 15 13 -15 -16 -17 -18 -19 -20
leaf_value=0.012849993840785957 0.013825773269979295 0.019468596745983023 -0.0022096281621659243 0.013590280556616402 0.0077644546974267887 -0.0018767999721803039 0.0098756721390565044 -0.0022384223549306256 -0.0010812067123843394 -0.0017415551410601376 -0.00010608720674611275 0.0079947481569066607 0.001333429616806949 9.2937319850781936e-05 0.014805929689369071 0.0062787405736129849 -0.0010884376574314277 -4.2010183881326777e-05 -0.00096507412880044439
leaf_weight=25 32 39 28 21 25 21 25 68 2148 38 326 58 21 44 44 32 430 214 39
leaf_count=25 32 39 28 21 25 21 25 68 2148 38 326 58 21 44 44 32 430 214 39
internal_value=0 0.0034666 0.0111682 0.00456176 0.00188678 0.007604 0.0010809 -0.000438489 -0.000935034 0.00404874 0.000454493 0.000717156 0.00300192 0.00627112 0.0104533 0.000193996 -6.87731e-05 0.00134105 0.00439235
internal_weight=0 517 88 49 429 53 376 3161 2211 63 351 950 177 109 65 773 741 311 97
internal_count=3678 517 88 49 429 53 376 3161 2211 63 351 950 177 109 65 773 741 311 97
is_linear=0
shrinkage=0.048515


Tree=14
num_leaves=20
num_cat=0
split_feature=2 15 3 2 1 15 5 0 3 17 2 13 5 9 3 9 19 2 3
split_gain=2.61229 1.96216 1.72076 2.03204 0.822211 1.05672 1.28443 0.800357 0.725527 0.713223 0.874684 0.5998 0.524594 1.06877 0.548679 0.520652 1.12863 0.471076 0.354915
threshold=0.00021441151386286257 2.9150000000000005 2.0350000000000006 0.00072509667545322032 0.000431001232881904 0.095000000000000015 7.7950000000000008 0.00045115425046341699 3.1250000000000004 -3.0000000000000133 0.00030918375089693657 -1.0000000000000118 2.5750000000000006 0.50000000000005607 1.5450000000000002 -8.9999999999999893 0.0020840038724307956 0.00053789099948906786 1.8050000000000004
decision_type=2 2 2 2 2 2 2 2 2 2 2 2 2 2 2 2 2 2 2
left_child=8 4 -3 -4 5 6 -2 9 12 10 -7 -6 13 -1 -14 16 -16 -13 -17
right_child=1 2 3 -5 11 7 -8 -9 -10 -11 -12 17 14 -15 15 18 -18 -19 -20
leaf_value=0.012625929272134174 0.019202879408564518 0.019662558200952515 -0.0014509995875900505 0.015334350531806602 -0.0031900067326244689 0.00049986862966644582 0.0025602695626864591 0.010505565979644214 0.0072605068438919337 -0.00012129335570199758 0.013245915284817391 -0.0026402849558416906 -0.0010077075014390778 -0.0016015923384942042 -0.0024631944470157874 0.0010812009520252742 0.011851554360260707 0.0060264590968773218 -0.00086932211349735806
leaf_weight=21 20 27 41 28 101 27 23 24 28 180 23 23 2132 29 24 437 27 39 424
leaf_count=21 20 27 41 28 101 27 23 24 28 180 23 23 2132 29 24 437 27 39 424
internal_value=0 0.00313718 0.00938292 0.00536045 0.00183372 0.00333804 0.010301 0.00215926 -0.000436154 0.00128835 0.00636305 -0.000907272 -0.000505807 0.00437397 -0.000585961 0.000399964 0.0051152 0.00281138 0.000120665
internal_weight=0 556 96 69 460 297 43 254 3122 230 50 163 3094 50 3044 912 51 62 861
internal_count=3678 556 96 69 460 297 43 254 3122 230 50 163 3094 50 3044 912 51 62 861
is_linear=0
shrinkage=0.0480298


Tree=15
num_leaves=20
num_cat=0
split_feature=3 3 10 2 16 3 6 6 7 2 20 20 5 5 15 4 0 8 21
split_gain=1.74965 1.08835 0.976766 0.702054 0.657323 0.549676 0.436581 0.53616 0.523913 0.860979 0.520732 1.47395 0.499748 1.18892 0.819186 0.657064 0.36642 0.349149 0.468202
threshold=4.4350000000000014 5.9650000000000007 3.9999999999999707 5.8319409107235937e-05 -4.2499999999999973 0.56500000000000006 19.999999999999975 16.500000000000007 -0.0057759571285092006 0.00062599042765729888 -0.0041538593936574766 -0.0033080304782526766 7.3750000000000009 7.6250000000000009 0.065000000000000016 -1.0000000000000118 5.1707414060151744e-05 -1.4999999999999838 -0.0018159053982649829
decision_type=2 2 2 2 2 2 2 2 2 2 2 2 2 2 2 2 2 2 2
left_child=3 2 4 -1 -2 -5 7 8 10 -10 16 -12 14 -14 -13 -15 -7 18 -16
right_child=1 -3 -4 5 -6 6 -8 -9 9 -11 11 12 13 15 17 -17 -18 -19 -20
leaf_value=-0.0011036930010626066 0.0073900351020074291 -0.0015075522059002681 0.0019571608937539496 0.0071350987239531209 0.018909341362893056 0.0031551143702960639 -0.0039640206340382329 0.005963150958402579 -0.0005323886994299654 0.0078920440578774415 0.013458536201995091 0.0093695582516018262 0.014190744013976249 0.0072606275708277952 -0.0024492126252897446 -3.6714736762783108e-05 -0.0020941454911572632 -0.00087732842523355727 0.0053911527807278675
leaf_weight=1377 21 30 26 26 24 38 56 37 1344 28 24 22 21 39 26 98 144 276 51
leaf_count=1377 21 30 26 26 24 38 56 37 1344 28 24 22 21 39 26 98 144 276 51
internal_value=0 0.00608589 0.00929438 -0.000259496 0.0135337 0.000261786 0.000180703 0.000288759 0.000189303 -0.000360462 0.00120997 0.00193148 0.00141244 0.00365552 0.000467352 0.00204063 -0.000998146 -8.746e-05 0.00274376
internal_weight=0 101 71 3607 45 2230 2204 2148 2111 1372 739 557 533 158 375 137 182 353 77
internal_count=3708 101 71 3607 45 2230 2204 2148 2111 1372 739 557 533 158 375 137 182 353 77
is_linear=0
shrinkage=0.0475495


Tree=16
num_leaves=20
num_cat=0
split_feature=3 3 10 2 12 3 6 6 3 20 12 21 21 15 14 2 22 20 5
split_gain=1.58722 0.987311 0.886085 0.636877 0.517339 0.498645 0.396049 0.486384 0.371342 0.531368 0.447576 0.924974 1.00127 0.564952 1.43839 0.822576 0.751988 1.08218 0.750707
threshold=4.4350000000000014 5.9650000000000007 3.9999999999999707 5.8319409107235937e-05 -2.249999999999996 0.56500000000000006 19.999999999999975 16.500000000000007 1.4950000000000003 -0.0042166868285081751 -1.9999999999999682 0.0057474330042381902 0.0077678854050968757 2.3350000000000004 1.7950000000000002 0.00023934326616045274 1.2081891058057794e-05 0.0048062684314873491 7.5850000000000009
decision_type=2 2 2 2 2 2 2 2 2 2 2 2 2 2 2 2 2 2 2
left_child=3 2 4 -1 -2 -5 7 8 -7 -10 11 13 -13 14 15 16 17 18 -11
right_child=1 -3 -4 5 -6 6 -8 -9 9 10 -12 12 -14 -15 -16 -17 -18 -19 -20
leaf_value=-0.0010407007968828844 0.0076004699423345831 -0.0014215100426330279 0.0018454579848613281 0.0067278701234372625 0.017697637716671068 -0.00050775785136010206 -0.0037377780733595573 0.0056228099978020783 -0.0011696579469999231 -0.00031615471157893154 8.6850508718649884e-05 0.016514305923879799 0.0019611955591790019 -0.00016039000428386948 0.012979013617303151 -0.0021401640263711626 -8.9195660821191471e-05 0.016336321926603597 0.010010369747698372
leaf_weight=1377 22 30 26 26 23 956 56 37 251 39 394 20 22 217 29 76 61 20 26
leaf_count=1377 22 30 26 26 23 956 56 37 251 39 394 20 22 217 29 76 61 20 26
internal_value=0 0.00573854 0.00876391 -0.000244686 0.0127612 0.000246845 0.00017039 0.000272279 0.000178498 0.000746517 0.00127855 0.0021992 0.00889125 0.00159863 0.00311938 0.00183141 0.0038988 0.00676078 0.00381446
internal_weight=0 101 71 3607 45 2230 2204 2148 2111 1155 904 510 42 468 251 222 146 85 65
internal_count=3708 101 71 3607 45 2230 2204 2148 2111 1155 904 510 42 468 251 222 146 85 65
is_linear=0
shrinkage=0.047074


Tree=17
num_leaves=20
num_cat=0
split_feature=0 3 7 20 2 3 13 6 6 7 2 21 2 21 3 8 7 19 3
split_gain=1.46987 0.724924 0.911799 0.60758 0.547287 0.457648 0.374625 0.404227 0.492516 0.44039 0.453868 0.376637 0.340384 0.404805 0.798006 0.447265 0.429564 0.668887 0.649307
threshold=0.0018581489659376591 4.4350000000000014 -0.037583892213287222 0.0062764032296394054 5.8319409107235937e-05 0.56500000000000006 -1.5000000000000011 19.999999999999975 16.500000000000007 -0.0059691262708976281 0.00062599042765729888 -0.0087219819558939631 6.3532101353199502e-05 0.0036235632251163667 1.5550000000000004 -0.99999999999998412 -0.012589650772407477 -0.0040905305452882948 1.3450000000000004
decision_type=2 2 2 2 2 2 2 2 2 2 2 2 2 2 2 2 2 2 2
left_child=1 4 -3 -4 -1 -6 7 8 9 11 -11 -7 -13 16 -15 -16 -14 18 -18
right_child=-2 2 3 -5 5 6 -8 -9 -10 10 -12 12 13 14 15 -17 17 -19 -20
leaf_value=-0.00098179373295176516 0.011184932539115806 0.012564261899247045 -0.0021599785956872039 0.0076722443940004199 0.0063470506250446817 0.0068430283500967842 -0.00065203797874466361 -0.0037921843892126869 0.0068634332475452486 -0.00025964230413722331 0.0066849126717039046 0.0071753013994105318 -0.00069879259090266702 -0.00082500860147684241 0.0041449506391848714 0.013414869892801945 0.0027708738590398515 -0.00050939498806729761 0.01309896876169105
leaf_weight=1377 25 21 39 21 26 29 832 44 28 766 21 21 245 40 26 20 39 68 20
leaf_count=1377 25 21 39 21 26 29 832 44 28 766 21 21 245 40 26 20 39 68 20
internal_value=0 -0.000153533 0.00420651 0.0012813 -0.00025158 0.000200333 0.000127657 0.000602204 0.000748351 0.000616133 -7.43365e-05 0.00168582 0.00137359 0.00110757 0.00398914 0.00817535 0.000441399 0.00264098 0.00627192
internal_weight=0 3683 81 60 3602 2225 2199 1367 1323 1295 787 508 479 458 86 46 372 127 59
internal_count=3708 3683 81 60 3602 2225 2199 1367 1323 1295 787 508 479 458 86 46 372 127 59
is_linear=0
shrinkage=0.0466033


Tree=18
num_leaves=20
num_cat=0
split_feature=0 5 1 2 13 2 0 2 15 22 1 2 6 16 8 20 1 20 2
split_gain=1.33606 0.743154 1.18133 0.504734 0.476856 0.410946 0.319034 0.316514 1.25271 1.07595 0.540792 0.505125 0.463711 1.02601 0.41192 0.664004 0.460869 0.761514 0.979052
threshold=0.0018581489659376591 15.805000000000001 0.0005691685285342925 5.8319409107235937e-05 -1.5000000000000011 6.1265107268246698e-05 0.00085506830252801973 0.00021441151386286257 2.8750000000000004 1.2082037031846406e-05 0.00015639894608797034 0.00023934326616045274 0.99999999999988998 2.0000000000000013 1.0000000000000122 0.00047604623402552898 0.00011663467086677356 0.00032248529802081377 0.00011609724877024905
decision_type=2 2 2 2 2 2 2 2 2 2 2 2 2 2 2 2 2 2 2
left_child=1 3 -3 -1 5 -5 -4 10 11 -10 12 -9 -7 14 16 -16 -14 -18 -19
right_child=-2 2 6 4 -6 7 -8 8 9 -11 -12 -13 13 -15 15 -17 17 18 -20
leaf_value=-0.0009266785090921699 0.010557041253811201 0.01344775413262213 -0.0037766797295754042 0.0062493485658162212 -0.00067391721112780969 -0.00024810702555911907 0.0043654317336698787 0.0058353329590950581 0.015977141206845694 0.0013451926060240686 -0.0016358357535510683 9.4593697428285432e-05 -0.0010118090404225974 0.0094159503601247765 0.0086355053286608779 -0.00093586217774500598 -0.0013997311170809499 0.0149102831240097 0.00095271541056017887
leaf_weight=1377 25 22 21 28 840 409 20 37 23 20 258 276 170 36 36 27 40 20 23
leaf_count=1377 25 22 21 28 840 409 20 37 23 20 258 276 170 36 36 27 40 20 23
internal_value=0 -0.000144914 0.004823 -0.000231372 0.000195483 0.000716008 0.000195082 0.000603329 0.00178762 0.00917158 0.000189582 0.000773211 0.000808449 0.0020361 0.00119535 0.00453349 0.000364116 0.00318228 0.00744461
internal_weight=0 3683 63 3620 2243 1403 41 1375 356 43 1019 313 761 352 316 63 253 83 43
internal_count=3708 3683 63 3620 2243 1403 41 1375 356 43 1019 313 761 352 316 63 253 83 43
is_linear=0
shrinkage=0.0461372


Tree=19
num_leaves=20
num_cat=0
split_feature=0 5 1 2 13 17 7 2 21 20 21 2 1 14 18 1 2 18 2
split_gain=1.21562 0.676161 1.07483 0.459234 0.43387 0.39538 0.402621 0.692339 0.51289 0.560873 0.48477 0.359103 0.341402 1.12394 0.793611 0.4629 0.603912 0.695047 0.420639
threshold=0.0018581489659376591 15.805000000000001 0.0005691685285342925 5.8319409107235937e-05 -1.5000000000000011 -7.0000000000000027 -0.0047313303128930775 6.2684374616155925e-05 0.0057474330042381902 -0.0041538593936574766 -0.0087219819558939631 0.00062599042765729888 0.00013629026300561822 0.14500000000000005 0.011376979436179548 9.770877397249885e-05 0.00012664391248826842 0.023456467414602503 0.00025615468592144375
decision_type=2 2 2 2 2 2 2 2 2 2 2 2 2 2 2 2 2 2 2
left_child=1 3 -3 -1 5 -5 7 -7 10 -10 -9 -8 13 14 -12 -15 17 -17 -14
right_child=-2 2 -4 4 -6 6 11 8 9 -11 12 -13 18 15 -16 16 -18 -19 -20
leaf_value=-0.0008750849320788511 0.0099692687660892492 0.012699038764589832 0.00018422053917408772 -0.0033125384151999572 -0.00063639628063158905 0.0095157766472238458 -4.9822395144779268e-06 0.0061902229420214925 0.00075477823782384114 0.011079344576971706 0.014269422833909999 0.0060491526304601671 -0.002228382399926314 -0.0015135805338467149 0.0019881515131290116 0.0010390623585129135 -0.0016132875567937449 0.012278788039352026 0.0018561729232654501
leaf_weight=1377 25 22 41 50 840 23 767 35 21 23 23 21 138 116 21 24 34 22 85
leaf_count=1377 25 22 41 50 840 23 767 35 21 23 23 21 138 116 21 24 34 22 85
internal_value=0 -0.000136846 0.00455447 -0.00021849 0.000184599 0.000676144 0.000823545 0.00175406 0.00142469 0.00615171 0.00100704 0.000156359 0.000615226 0.0018108 0.00840791 0.000329815 0.00300274 0.00641458 -0.000671489
internal_weight=0 3683 63 3620 2243 1403 1353 565 542 44 498 788 463 240 44 196 80 46 223
internal_count=3708 3683 63 3620 2243 1403 1353 565 542 44 498 788 463 240 44 196 80 46 223
is_linear=0
shrinkage=0.0456759


end of trees

feature_importances:
f_3=62
f_1=43
f_2=42
f_15=34
f_5=28
f_21=19
f_14=18
f_0=16
f_6=16
f_7=14
f_20=13
f_8=10
f_13=10
f_9=8
f_12=8
f_19=8
f_4=6
f_10=6
f_22=5
f_11=4
f_16=4
f_17=3
f_18=3

parameters:
[boosting: gbdt]
[objective: regression]
[metric: binary_logloss]
[tree_learner: serial]
[device_type: cpu]
[data: ]
[valid: ]
[num_iterations: 10]
[learning_rate: 0.0456759]
[num_leaves: 20]
[num_threads: 0]
[deterministic: 0]
[force_col_wise: 0]
[force_row_wise: 0]
[histogram_pool_size: -1]
[max_depth: -1]
[min_data_in_leaf: 20]
[min_sum_hessian_in_leaf: 0.001]
[bagging_fraction: 0.7]
[pos_bagging_fraction: 1]
[neg_bagging_fraction: 1]
[bagging_freq: 5]
[bagging_seed: 3]
[feature_fraction: 0.9]
[feature_fraction_bynode: 1]
[feature_fraction_seed: 2]
[extra_trees: 0]
[extra_seed: 6]
[early_stopping_round: 0]
[first_metric_only: 0]
[max_delta_step: 0]
[lambda_l1: 0]
[lambda_l2: 0]
[linear_lambda: 0]
[min_gain_to_split: 0]
[drop_rate: 0.1]
[max_drop: 50]
[skip_drop: 0.5]
[xgboost_dart_mode: 0]
[uniform_drop: 0]
[drop_seed: 4]
[top_rate: 0.2]
[other_rate: 0.1]
[min_data_per_group: 100]
[max_cat_threshold: 32]
[cat_l2: 10]
[cat_smooth: 10]
[max_cat_to_onehot: 4]
[top_k: 20]
[monotone_constraints: ]
[monotone_constraints_method: basic]
[monotone_penalty: 0]
[feature_contri: ]
[forcedsplits_filename: ]
[refit_decay_rate: 0.9]
[cegb_tradeoff: 1]
[cegb_penalty_split: 0]
[cegb_penalty_feature_lazy: ]
[cegb_penalty_feature_coupled: ]
[path_smooth: 0]
[interaction_constraints: ]
[verbosity: 0]
[saved_feature_importance_type: 0]
[linear_tree: 0]
[max_bin: 255]
[max_bin_by_feature: ]
[min_data_in_bin: 3]
[bin_construct_sample_cnt: 200000]
[data_random_seed: 1]
[is_enable_sparse: 1]
[enable_bundle: 1]
[use_missing: 1]
[zero_as_missing: 0]
[feature_pre_filter: 1]
[pre_partition: 0]
[two_round: 0]
[header: 0]
[label_column: ]
[weight_column: ]
[group_column: ]
[ignore_column: ]
[categorical_feature: ]
[forcedbins_filename: ]
[precise_float_parser: 0]
[objective_seed: 5]
[num_class: 1]
[is_unbalance: 0]
[scale_pos_weight: 1]
[sigmoid: 1]
[boost_from_average: 1]
[reg_sqrt: 0]
[alpha: 0.9]
[fair_c: 1]
[poisson_max_delta_step: 0.7]
[tweedie_variance_power: 1.5]
[lambdarank_truncation_level: 30]
[lambdarank_norm: 1]
[label_gain: ]
[eval_at: ]
[multi_error_top_k: 1]
[auc_mu_weights: ]
[num_machines: 1]
[local_listen_port: 12400]
[time_out: 120]
[machine_list_filename: ]
[machines: ]
[gpu_platform_id: -1]
[gpu_device_id: -1]
[gpu_use_dp: 0]
[num_gpu: 1]

end of parameters

pandas_categorical:[]
