tree
version=v3
num_class=1
num_tree_per_iteration=1
label_index=0
max_feature_idx=22
objective=regression
feature_names=f_0 f_1 f_2 f_3 f_4 f_5 f_6 f_7 f_8 f_9 f_10 f_11 f_12 f_13 f_14 f_15 f_16 f_17 f_18 f_19 f_20 f_21 f_22
feature_infos=[3.5138360446667107e-07:0.0066553821535006137] [2.5600331918768856e-06:0.0039732576088439284] [9.2225614268401974e-06:0.0029579505118275174] [0.53000000000000003:6.5599999999999996] [-33.000000000000007:46] [2.4100000000000001:21.82] [-101.00000000000016:144.99999999999994] [-0.15710919088766695:0.17837578087457961] [-81:74] [-46:33.999999999999986] [-51.000000000000021:33.999999999999986] [-33.000000000000007:27.999999999999979] [-41:96.000000000000014] [-36.000000000000007:32.999999999999986] [-0.52000000000000002:2.9100000000000001] [-0.94999999999999996:3.8500000000000001] [-52:73.999999999999972] [-28.000000000000004:24.000000000000004] [-0.29572649572649579:0.64215246636771273] [-0.02958455728073861:0.047292143401983289] [-0.054746473503621829:0.033993115318416534] [-0.039377561323276189:0.045346674363414774] [-0.019984292877423981:0.018327052533256172]
tree_sizes=1646 1705 1717 1725 1698 1716 1706 1703 1704 1711

Tree=0
num_leaves=18
num_cat=0
split_feature=1 3 7 6 3 19 16 20 6 20 18 7 3 3 22 1 14
split_gain=17.1052 6.81817 2.13455 2.03366 2.58983 2.86861 2.56264 2.55485 2.0496 1.94247 1.8984 1.89392 2.01584 1.67091 1.52829 1.51277 1.45897
threshold=6.5726403584304391e-05 1.4950000000000003 -0.0055161523069370824 -5.0000000000000036 1.8350000000000002 0.0010678886996755568 1.0000000000000007 0.0062408876218785778 -11.999999999999831 0.00032080376251941717 -0.013279525471383944 -0.0082106832309584137 3.3350000000000004 1.4650000000000001 0.00073007286657389436 3.7407371232986811e-05 0.31500000000000006
decision_type=2 2 2 2 2 2 2 2 2 2 2 2 2 2 2 2 2
left_child=13 16 3 7 5 6 9 8 -3 -5 -4 12 -6 -1 -12 -15 -2
right_child=1 2 10 4 11 -7 -8 -9 -10 -11 14 -13 -14 15 -16 -17 -18
leaf_value=0.15215978465960128 0.1585717900569848 0.16623242331284302 0.15812802794997724 0.17584780764166685 0.15584297030849126 0.15975806453143498 0.18642473040337307 0.15762038343572257 0.18445104625166711 0.15892473122293693 0.16405441406717861 0.17292473080570442 0.16866157303801957 0.15233382232845222 0.1510080647922053 0.15845862954191259 0.15441399150056553
leaf_weight=1221 425 26 364 39 159 60 28 23 38 30 347 25 38 176 24 236 419
leaf_count=1221 425 26 364 39 159 60 28 23 38 30 347 25 38 176 24 236 419
internal_value=0.156763 0.159952 0.162372 0.165019 0.163437 0.168351 0.173667 0.171913 0.17705 0.16849 0.160693 0.159961 0.158316 0.153089 0.16321 0.155842 0.156508
internal_weight=0 2045 1201 466 379 157 97 87 64 69 735 222 197 1633 371 412 844
internal_count=3678 2045 1201 466 379 157 97 87 64 69 735 222 197 1633 371 412 844
is_linear=0
shrinkage=1


Tree=1
num_leaves=18
num_cat=0
split_feature=5 5 1 0 8 5 5 3 3 22 14 2 3 1 3 11 2
split_gain=16.6652 5.20408 4.03774 2.07859 2.04247 2.32227 2.25987 2.11057 2.30823 2.32866 2.28599 2.16473 2.82756 2.31735 3.17935 2.15762 1.99465
threshold=4.6850000000000014 2.5750000000000006 8.5935968161977044e-05 6.4293806717573889e-05 -4.7499999999999867 6.7250000000000005 4.7750000000000012 1.7850000000000004 1.6950000000000001 -1.2081015288933903e-05 1.9550000000000003 0.00020467053333761656 3.1250000000000004 0.00044428057153355255 2.5750000000000006 0.50000000000003386 0.0008778760289980921
decision_type=2 2 2 2 2 2 2 2 2 2 2 2 2 2 2 2 2
left_child=1 -1 -2 -3 -4 6 -6 8 10 -10 15 12 -9 14 -13 -7 -15
right_child=2 3 4 -5 5 7 -8 11 9 -11 -12 13 -14 16 -16 -17 -18
leaf_value=0.012296682193875315 -5.1448653444989036e-05 -0.0051868049086009251 0.010761441642374504 -0.0011469072692062213 0.014663006845981845 0.0046894866866724833 0.00074430091564005958 -0.0022069854843543798 0.0060800926227654734 0.02436872116573479 -0.0032467409968376161 0.014048349577308501 0.016882720250975005 -0.0029294654726982118 0.0019299680958775912 0.024962028577214197 0.010536490045487882
leaf_weight=50 655 1166 127 438 31 35 492 164 28 46 41 149 22 88 85 21 40
leaf_count=50 655 1166 127 438 31 35 492 164 28 46 41 149 22 88 85 21 40
internal_value=0 -0.00358847 0.00317716 -0.00408364 0.00472189 0.00410432 0.00156931 0.00594828 0.0107978 0.0174487 0.0057239 0.00443502 5.09367e-05 0.00668762 0.00964637 0.0122917 0.00127865
internal_weight=0 1654 2024 1604 1369 1242 523 719 171 74 97 548 186 362 234 56 128
internal_count=3678 1654 2024 1604 1369 1242 523 719 171 74 97 548 186 362 234 56 128
is_linear=0
shrinkage=0.05


Tree=2
num_leaves=18
num_cat=0
split_feature=5 5 1 15 0 18 21 5 16 15 1 9 14 1 14 18 14
split_gain=15.0403 4.69668 3.64406 2.61494 1.87593 1.77997 1.99298 1.85368 1.68934 1.87159 4.33251 1.90847 1.77195 1.9481 1.75165 1.66496 1.65408
threshold=4.6850000000000014 2.5750000000000006 8.5935968161977044e-05 3.5650000000000004 6.4293806717573889e-05 -0.034056782457579086 0.0055429842434303609 6.7250000000000005 5.0000000000000018 2.8950000000000005 0.00041659036141107858 -11.999999999999998 2.5750000000000006 0.00013932666621876375 0.14500000000000005 0.085970422819072648 2.4750000000000005
decision_type=2 2 2 2 2 2 2 2 2 2 2 2 2 2 2 2 2
left_child=1 -1 16 5 -3 6 7 -4 9 11 12 -7 13 -11 -10 -13 -2
right_child=2 4 3 -5 -6 8 -8 -9 14 10 -12 15 -14 -15 -16 -17 -18
leaf_value=0.011681848108768463 0.0013500948145985603 -0.0049274648895956848 -0.0014822178623742528 0.020844721732040248 -0.0010895618071703062 0.016404940847020884 -0.0071563675742724849 0.0059346839381849825 0.023991328291594984 0.0018116671293973924 0.028746479687591392 0.0035428609684571739 -0.0031461879052221775 0.015124998498158376 0.008120559217562353 -0.0046747737484318869 -0.004561684876680374
leaf_weight=50 500 1166 144 24 438 26 58 203 20 50 24 516 40 61 133 70 155
leaf_count=50 500 1166 144 24 438 26 58 203 20 50 24 516 40 61 133 70 155
internal_value=0 -0.00340904 0.0030183 0.00448579 -0.00387946 0.00419389 0.0014228 0.00285678 0.00538782 0.00445322 0.00901301 0.00314936 0.00587656 0.009128 0.0101952 0.00256123 -4.8876e-05
internal_weight=0 1654 2024 1369 1604 1345 405 347 940 787 175 612 151 111 153 586 655
internal_count=3678 1654 2024 1369 1604 1345 405 347 940 787 175 612 151 111 153 586 655
is_linear=0
shrinkage=0.05


Tree=3
num_leaves=18
num_cat=0
split_feature=5 5 1 15 19 8 10 5 15 5 0 1 14 2 14 15 0
split_gain=13.5739 4.25932 3.28877 2.35998 1.96807 1.86656 2.49175 2.15056 2.74676 2.40009 1.83604 1.49913 1.49281 1.78261 1.44555 2.11719 1.89579
threshold=4.6850000000000014 2.5350000000000006 8.5935968161977044e-05 3.5650000000000004 0.0065473339867291322 -4.7499999999999867 0.50000000000005607 6.7250000000000005 0.65500000000000014 4.7750000000000012 0.00010173907323154901 0.00015980107118617043 2.4750000000000005 2.4966296907854478e-05 2.5350000000000006 2.8750000000000004 0.00021874733372753097
decision_type=2 2 2 2 2 2 2 2 2 2 2 2 2 2 2 2 2
left_child=1 -1 12 4 5 6 -4 9 11 -7 -3 -9 13 -2 15 16 -10
right_child=2 10 3 -5 -6 7 -8 8 14 -11 -12 -13 -14 -15 -16 -17 -18
leaf_value=0.016096832496779307 0.014295966148376466 -0.0042809322082262109 0.006566769107208624 0.019802485499531033 -0.00073147591791654885 0.015389615271625849 0.024219506813420191 0.026872948184609415 0.0073185182181564543 0.00051134386515042866 0.00040790128211180376 0.0099178428295999769 -0.0043336006181855357 0.0005976756450377013 -0.0062722985667211031 0.010831932343067008 0.00029597323760390285
leaf_weight=28 25 1380 77 24 190 29 27 22 185 415 246 32 155 475 27 141 200
leaf_count=28 25 1380 77 24 190 29 27 22 185 415 246 32 155 475 27 141 200
internal_value=0 -0.00323859 0.00286739 0.00426151 0.00398419 0.00475993 0.0111497 0.00412764 0.00606202 0.00148312 -0.00357155 0.0168255 -4.64321e-05 0.00128259 0.00501098 0.00559016 0.00367044
internal_weight=0 1654 2024 1369 1345 1155 104 1051 607 444 1626 54 655 500 553 526 385
internal_count=3678 1654 2024 1369 1345 1155 104 1051 607 444 1626 54 655 500 553 526 385
is_linear=0
shrinkage=0.05


Tree=4
num_leaves=18
num_cat=0
split_feature=1 3 7 6 3 19 20 15 6 7 21 3 2 0 0 2 8
split_gain=11.6856 4.85518 1.83957 1.82162 2.35422 2.60214 2.22337 2.16312 1.75799 1.702 1.64916 1.62872 1.41882 1.41178 2.48763 1.64054 1.61678
threshold=6.5726403584304391e-05 1.4950000000000003 -0.0055161523069370824 -5.0000000000000036 1.8350000000000002 0.0010678886996755568 0.0062408876218785778 0.85500000000000009 -11.999999999999831 -0.0082106832309584137 0.0054436554100766319 3.3350000000000004 0.0008778760289980921 0.00039292612916385034 0.00029294299535326018 0.00024943042255963006 -3.0000000000000004
decision_type=2 2 2 2 2 2 2 2 2 2 2 2 2 2 2 2 2
left_child=-1 -2 3 6 5 7 8 -5 -3 11 12 -6 13 14 16 -16 -4
right_child=1 2 10 4 9 -7 -8 -9 -10 -11 -12 -13 -14 -15 15 -17 -18
leaf_value=-0.0030384230667546129 -0.00027229101419166366 0.0084320233991512887 0.011496623541260589 0.028055943608283996 -0.0014600656739195937 0.0021374555056293807 0.00032515503142191014 0.010984900252272686 0.025304917167676123 0.014611655622720718 -0.0020394905062858016 0.010062165911260405 0.01697533843772752 -0.002379752180458587 0.026297055929899216 0.0062878403812646868 0.0025722650251365064
leaf_weight=1633 844 26 58 25 159 60 23 72 38 25 128 38 21 81 21 20 406
leaf_count=1633 844 26 58 25 159 60 23 72 38 25 128 38 21 81 21 20 406
internal_value=0 0.00263391 0.00467624 0.00713382 0.00563605 0.010322 0.0136586 0.0153847 0.0184503 0.00232209 0.0031181 0.000762497 0.0042057 0.00374809 0.00473097 0.0165365 0.00368781
internal_weight=0 2045 1201 466 379 157 87 97 64 222 735 197 607 586 505 41 464
internal_count=3678 2045 1201 466 379 157 87 97 64 222 735 197 607 586 505 41 464
is_linear=0
shrinkage=0.05


Tree=5
num_leaves=18
num_cat=0
split_feature=5 2 3 13 18 14 3 22 1 1 8 5 10 22 13 3 2
split_gain=11.8805 2.81214 2.7712 1.88421 2.08341 2.37693 1.6895 1.72714 2.10749 1.86579 1.60739 1.77023 1.88267 1.33229 1.17136 1.2874 1.93036
threshold=4.6850000000000014 0.0003959031665177832 0.56500000000000006 1.2499999999999958 0.085970422819072648 2.6450000000000005 5.9650000000000007 3.6041016090782037e-05 0.0010567632396975984 0.00067045409494581782 -0.41666666666666513 4.7750000000000012 -5.4166666666666465 0.00026686343433268705 -1.0000000180025095e-35 1.9950000000000003 0.00023413147035680136
decision_type=2 2 2 2 2 2 2 2 2 2 2 2 2 2 2 2 2
left_child=2 3 -1 4 5 10 7 8 9 -3 11 -2 -13 -9 -14 16 -16
right_child=1 6 -4 -5 -6 -7 -8 13 -10 -11 -12 12 14 -15 15 -17 -18
leaf_value=0.012284126389643242 0.019791015658689584 0.0082822273632413464 -0.0033073948662389408 -0.0013429249333735754 -0.002923211129382253 -0.0043070220819083592 -0.0027232970297336578 0.028174480646848677 0.020875910151263943 -0.0066247816486605287 0.0025688931432686374 -0.00015696337737074686 0.0021164502442618948 0.010860769480466843 0.0096052388297045294 0.017252351641654968 -0.0027561812612571217
leaf_weight=29 23 76 1650 338 144 93 30 20 23 29 773 109 81 25 187 40 38
leaf_count=29 23 76 1650 338 144 93 30 20 23 29 773 109 81 25 187 40 38
internal_value=0 0.0026477 -0.0030381 0.00202706 0.00279255 0.00340495 0.00823048 0.01013 0.00716779 0.00416505 0.00397827 0.00625744 0.00557332 0.0185558 0.00737853 0.00898694 0.00751753
internal_weight=0 2029 1679 1826 1488 1344 203 173 128 105 1251 478 455 45 346 265 225
internal_count=3708 2029 1679 1826 1488 1344 203 173 128 105 1251 478 455 45 346 265 225
is_linear=0
shrinkage=0.05


Tree=6
num_leaves=18
num_cat=0
split_feature=5 2 3 20 0 13 13 18 14 8 5 6 2 5 18 7 5
split_gain=10.7222 2.53796 2.50101 1.78507 1.78704 2.06113 1.7005 1.88028 2.14518 1.45067 1.59763 1.39398 2.65749 3.31507 1.69082 1.56476 1.47959
threshold=4.6850000000000014 0.0003959031665177832 0.56500000000000006 -0.0032861411180600815 0.00038013036086486979 -1.0000000180025095e-35 1.2499999999999958 0.085970422819072648 2.6450000000000005 -0.41666666666666513 4.7750000000000012 2.0000000000002243 0.00014447607916982376 6.495000000000001 0.0096181054372904713 -0.0010917508464571288 8.9500000000000011
decision_type=2 2 2 2 2 2 2 2 2 2 2 2 2 2 2 2 2
left_child=2 6 -1 -3 -5 -6 7 8 9 10 -2 12 13 14 -12 -15 -13
right_child=1 3 -4 4 5 -7 -8 -9 -10 -11 11 16 -14 15 -16 -17 -18
leaf_value=0.011669920307808911 0.018801464917867081 0.0012849841536819071 -0.0031420249284216852 0.019583294592624489 0.019112252759245729 0.0024551227688789368 -0.0012757787271540548 -0.0027770504872832035 -0.0040916711492564092 0.0024404484870208655 0.011610928088426592 0.00089321949441606798 0.0018050869797716048 0.029906597322431106 -0.0034038047492504124 0.013180021417361718 0.013602811040786597
leaf_weight=29 23 69 1650 43 26 65 338 144 93 773 50 192 101 29 30 27 26
leaf_count=29 23 69 1650 43 26 65 338 144 93 773 50 192 101 29 30 27 26
internal_value=0 0.00251532 -0.00288619 0.00781895 0.0111835 0.0072143 0.0019257 0.00265292 0.00323471 0.00377935 0.00594457 0.00529466 0.00794894 0.0125116 0.0059804 0.021842 0.00240904
internal_weight=0 2029 1679 203 134 91 1826 1488 1344 1251 478 455 237 136 80 56 218
internal_count=3708 2029 1679 203 134 91 1826 1488 1344 1251 478 455 237 136 80 56 218
is_linear=0
shrinkage=0.05


Tree=7
num_leaves=18
num_cat=0
split_feature=5 5 2 20 0 13 1 18 13 8 8 14 3 4 2 3 5
split_gain=9.67677 2.34944 2.29051 1.61102 1.6128 1.86017 1.57842 1.8274 1.70314 1.45505 1.77725 1.40118 1.94504 3.72363 1.69298 1.60982 1.87338
threshold=4.6850000000000014 2.5750000000000006 0.0003959031665177832 -0.0032861411180600815 0.00038013036086486979 -1.0000000180025095e-35 2.9587252760402096e-05 0.085970422819072648 2.9999999999999862 -0.41666666666666513 6.5000000000000178 2.4750000000000005 1.9950000000000003 -1.0000000180025095e-35 0.00023413147035680136 1.885 6.7750000000000012
decision_type=2 2 2 2 2 2 2 2 2 2 2 2 2 2 2 2 2
left_child=1 -1 6 -4 -5 -6 -2 8 9 11 -11 12 14 -14 15 16 -8
right_child=2 -3 3 4 5 -7 7 -9 -10 10 -12 -13 13 -15 -16 -17 -18
leaf_value=0.0076178652216803353 -0.0037382654970934412 -0.0030795599779556305 0.0012207350761130236 0.018604130037995274 0.018156640002360711 0.0023323666247037742 0.0040642752065038193 -0.0029961831332032201 -0.0019307191729888149 0.001561782519046765 0.012354213651269675 -0.0031181636859070171 0.028658375373253456 0.0067374118456715038 -0.0036545570663831851 -0.0071244899183511741 0.012502455297443602
leaf_weight=53 119 1626 69 43 26 65 196 153 174 823 40 44 26 76 54 22 99
leaf_count=53 119 1626 69 43 26 65 196 153 174 823 40 44 26 76 54 22 99
internal_value=0 -0.00274188 0.00238955 0.007428 0.0106243 0.00685359 0.00182942 0.00221756 0.00273088 0.00331865 0.00206201 0.00541628 0.00621018 0.0123251 0.00452899 0.00592304 0.00689607
internal_weight=0 1679 2029 203 134 91 1826 1707 1554 1380 863 517 473 102 371 317 295
internal_count=3708 1679 2029 203 134 91 1826 1707 1554 1380 863 517 473 102 371 317 295
is_linear=0
shrinkage=0.05


Tree=8
num_leaves=18
num_cat=0
split_feature=5 3 3 3 3 1 22 18 3 5 2 14 0 3 3 5 5
split_gain=8.73329 2.17315 2.0768 2.0522 1.60686 1.68698 2.05867 1.661 1.53796 2.27482 2.39819 2.10178 1.9376 2.66928 1.81191 1.99443 2.56899
threshold=4.6850000000000014 0.56500000000000006 3.3150000000000004 5.9650000000000007 2.6150000000000007 2.9587252760402096e-05 -0.0024641875462623748 0.085970422819072648 1.9950000000000003 6.0750000000000011 0.00022948028557848781 1.3825000000000001 0.00022564939150077195 2.3150000000000004 1.8050000000000004 6.9350000000000014 8.3150000000000031
decision_type=2 2 2 2 2 2 2 2 2 2 2 2 2 2 2 2 2
left_child=1 -1 4 -4 5 -2 -7 8 14 -10 11 -11 13 -12 15 -8 -17
right_child=2 -3 3 -5 -6 6 7 -9 9 10 12 -13 -14 -15 -16 16 -18
leaf_value=0.010963744490311065 -0.0035513521931251563 -0.002843264133189664 0.011880809618066056 -0.00304700550933679 -0.0042202203887180224 0.017465363507685457 0.0017644383284178646 -0.0024899621725462048 0.021901149515594756 0.010679882972739465 0.029361419856548311 -0.0020600818040716739 0.0054709529103357584 0.0048545038327574737 -0.0018358066172923073 0.0092008490341179312 -0.0065000891188780469
leaf_weight=29 119 1650 99 30 103 23 715 157 21 43 25 131 79 20 236 198 30
leaf_count=29 119 1650 99 30 103 23 715 157 21 43 25 131 79 20 236 198 30
internal_value=0 -0.00260479 0.00227008 0.00840922 0.00185326 0.00220138 0.00260935 0.00240289 0.00291569 0.00599567 0.00487482 0.0010883 0.0101882 0.0184695 0.00208235 0.00306293 0.00713494
internal_weight=0 1679 2029 129 1900 1797 1678 1655 1498 319 298 174 124 45 1179 943 228
internal_count=3708 1679 2029 129 1900 1797 1678 1655 1498 319 298 174 124 45 1179 943 228
is_linear=0
shrinkage=0.05


Tree=9
num_leaves=18
num_cat=0
split_feature=5 5 2 20 0 13 14 2 22 2 15 1 3 5 5 15 3
split_gain=7.88179 2.04205 1.93606 1.42393 1.43697 1.63841 1.41853 4.47383 3.28146 2.11275 3.12851 3.63968 2.87491 1.81224 1.69393 1.27472 1.54947
threshold=4.6850000000000014 2.5750000000000006 0.0003959031665177832 -0.0032861411180600815 0.00038013036086486979 -1.0000000180025095e-35 1.2350000000000001 0.00013757826133235174 -3.6238667867782841e-05 0.00020125595990399398 2.8750000000000004 0.00019666780930480541 2.0550000000000002 6.7250000000000005 4.8950000000000005 2.3450000000000002 2.3750000000000004
decision_type=2 2 2 2 2 2 2 2 2 2 2 2 2 2 2 2 2
left_child=1 -1 6 -4 -5 -6 7 8 -2 -8 15 -12 -13 -10 -9 16 -11
right_child=2 -3 3 4 5 -7 9 14 13 10 11 12 -14 -15 -16 -17 -18
leaf_value=0.0071837528415446012 0.021851730098327003 -0.0027893629628445537 0.00095310428220292799 0.017326079932756203 0.016842485677737457 0.0019913644630175373 -0.00023317709849264876 0.010769409919157626 0.003131390222179608 0.010264806606267628 0.030514973334290763 0.017749786128600439 -0.0055446282315712711 0.014369107320904732 -0.0013994562470779988 -0.0045376622268269145 -0.0011126371721426646
leaf_weight=53 42 1626 69 43 26 65 1049 32 127 57 22 27 26 50 269 62 63
leaf_count=53 42 1626 69 43 26 65 1049 32 127 57 22 27 26 50 269 62 63
internal_value=0 -0.00247455 0.00215657 0.00678881 0.00979377 0.00623454 0.0016416 0.00385016 0.00928728 0.000762231 0.0048252 0.0134188 0.00632234 0.00630589 -0.000105756 0.00128386 0.00429165
internal_weight=0 1679 2029 203 134 91 1826 520 219 1306 257 75 53 177 301 182 120
internal_count=3708 1679 2029 203 134 91 1826 520 219 1306 257 75 53 177 301 182 120
is_linear=0
shrinkage=0.05


end of trees

feature_importances:
f_5=28
f_3=26
f_1=15
f_2=15
f_14=12
f_0=10
f_15=8
f_18=8
f_8=7
f_13=7
f_20=6
f_22=6
f_6=5
f_7=5
f_19=3
f_10=2
f_16=2
f_21=2
f_4=1
f_9=1
f_11=1

parameters:
[boosting: gbdt]
[objective: regression]
[metric: binary_logloss]
[tree_learner: serial]
[device_type: cpu]
[data: ]
[valid: ]
[num_iterations: 10]
[learning_rate: 0.05]
[num_leaves: 18]
[num_threads: 0]
[deterministic: 0]
[force_col_wise: 0]
[force_row_wise: 0]
[histogram_pool_size: -1]
[max_depth: -1]
[min_data_in_leaf: 20]
[min_sum_hessian_in_leaf: 0.001]
[bagging_fraction: 0.7]
[pos_bagging_fraction: 1]
[neg_bagging_fraction: 1]
[bagging_freq: 5]
[bagging_seed: 3]
[feature_fraction: 0.9]
[feature_fraction_bynode: 1]
[feature_fraction_seed: 2]
[extra_trees: 0]
[extra_seed: 6]
[early_stopping_round: 0]
[first_metric_only: 0]
[max_delta_step: 0]
[lambda_l1: 0]
[lambda_l2: 0]
[linear_lambda: 0]
[min_gain_to_split: 0]
[drop_rate: 0.1]
[max_drop: 50]
[skip_drop: 0.5]
[xgboost_dart_mode: 0]
[uniform_drop: 0]
[drop_seed: 4]
[top_rate: 0.2]
[other_rate: 0.1]
[min_data_per_group: 100]
[max_cat_threshold: 32]
[cat_l2: 10]
[cat_smooth: 10]
[max_cat_to_onehot: 4]
[top_k: 20]
[monotone_constraints: ]
[monotone_constraints_method: basic]
[monotone_penalty: 0]
[feature_contri: ]
[forcedsplits_filename: ]
[refit_decay_rate: 0.9]
[cegb_tradeoff: 1]
[cegb_penalty_split: 0]
[cegb_penalty_feature_lazy: ]
[cegb_penalty_feature_coupled: ]
[path_smooth: 0]
[interaction_constraints: ]
[verbosity: 0]
[saved_feature_importance_type: 0]
[linear_tree: 0]
[max_bin: 255]
[max_bin_by_feature: ]
[min_data_in_bin: 3]
[bin_construct_sample_cnt: 200000]
[data_random_seed: 1]
[is_enable_sparse: 1]
[enable_bundle: 1]
[use_missing: 1]
[zero_as_missing: 0]
[feature_pre_filter: 1]
[pre_partition: 0]
[two_round: 0]
[header: 0]
[label_column: ]
[weight_column: ]
[group_column: ]
[ignore_column: ]
[categorical_feature: ]
[forcedbins_filename: ]
[precise_float_parser: 0]
[objective_seed: 5]
[num_class: 1]
[is_unbalance: 0]
[scale_pos_weight: 1]
[sigmoid: 1]
[boost_from_average: 1]
[reg_sqrt: 0]
[alpha: 0.9]
[fair_c: 1]
[poisson_max_delta_step: 0.7]
[tweedie_variance_power: 1.5]
[lambdarank_truncation_level: 30]
[lambdarank_norm: 1]
[label_gain: ]
[eval_at: ]
[multi_error_top_k: 1]
[auc_mu_weights: ]
[num_machines: 1]
[local_listen_port: 12400]
[time_out: 120]
[machine_list_filename: ]
[machines: ]
[gpu_platform_id: -1]
[gpu_device_id: -1]
[gpu_use_dp: 0]
[num_gpu: 1]

end of parameters

pandas_categorical:[]
