tree
version=v3
num_class=1
num_tree_per_iteration=1
label_index=0
max_feature_idx=22
objective=regression
feature_names=f_0 f_1 f_2 f_3 f_4 f_5 f_6 f_7 f_8 f_9 f_10 f_11 f_12 f_13 f_14 f_15 f_16 f_17 f_18 f_19 f_20 f_21 f_22
feature_infos=[3.5138360446667107e-07:0.0066553821535006137] [2.5600331918768856e-06:0.0039732576088439284] [9.2225614268401974e-06:0.0029579505118275174] [0.53000000000000003:6.5599999999999996] [-33.000000000000007:46] [2.4100000000000001:21.82] [-101.00000000000016:144.99999999999994] [-0.15710919088766695:0.17837578087457961] [-81:74] [-46:33.999999999999986] [-51.000000000000021:33.999999999999986] [-33.000000000000007:27.999999999999979] [-41:96.000000000000014] [-36.000000000000007:32.999999999999986] [-0.52000000000000002:2.9100000000000001] [-0.94999999999999996:3.8500000000000001] [-52:73.999999999999972] [-28.000000000000004:24.000000000000004] [-0.29572649572649579:0.64215246636771273] [-0.02958455728073861:0.047292143401983289] [-0.054746473503621829:0.033993115318416534] [-0.039377561323276189:0.045346674363414774] [-0.019984292877423981:0.018327052533256172]
tree_sizes=1793 1854 1865 1872 1849 1902 1881 1864 1866 1884 1877 1882 1876 1871 1883 1885 1907 1866 1905 1865

Tree=0
num_leaves=20
num_cat=0
split_feature=3 3 14 1 15 3 14 14 2 14 1 3 0 1 14 3 2 1 3
split_gain=22.7399 11.1 11.0392 13.5169 6.1768 7.63488 9.55546 6.89201 5.52948 5.05068 3.79919 4.60477 5.97062 4.10843 4.46501 3.1224 3.16593 5.8967 2.72706
threshold=1.4750000000000003 0.56500000000000006 1.3050000000000004 0.00022008769603966993 2.8150000000000004 3.0050000000000003 1.7250000000000003 2.1750000000000003 7.5733404095640103e-05 -0.14499999999999999 0.000431001232881904 1.8950000000000002 4.2661729212831595e-05 6.8700249714004685e-05 2.5750000000000006 2.5350000000000006 0.0003959031665177832 0.0005691685285342925 2.4750000000000005
decision_type=2 2 2 2 2 2 2 2 2 2 2 2 2 2 2 2 2 2 2
left_child=1 -1 3 8 5 15 -7 -6 -2 -10 11 12 -9 -14 -15 16 18 -18 -4
right_child=2 -3 4 -5 7 6 -8 10 9 -11 -12 -13 13 14 -16 -17 17 -19 -20
leaf_value=0.2907550112788147 0.29931155889786232 0.26107220112373714 0.26187215199737757 0.26140124914289237 0.28117012321911317 0.29656430615060958 0.26395666222221092 0.26118618216489065 0.26694674856695028 0.28381541630674767 0.28502584461214803 0.26007960805300823 0.2961369557232591 0.28878928547236304 0.26490005844862602 0.25345721716116765 0.29207712666343005 0.25645441604071945 0.28026393985024323
leaf_weight=32 42 1999 501 103 134 39 53 79 59 179 30 155 27 31 53 85 26 21 21
leaf_count=32 42 1999 501 103 134 39 53 79 59 179 30 155 27 31 53 85 26 21 21
internal_value=0.264939 0.26154 0.269458 0.276888 0.267191 0.264293 0.277779 0.271437 0.282585 0.279634 0.267959 0.266475 0.271693 0.27917 0.273716 0.262396 0.263731 0.276161 0.262612
internal_weight=0 2031 1638 383 1255 746 92 509 280 238 375 345 190 111 84 654 569 47 522
internal_count=3669 2031 1638 383 1255 746 92 509 280 238 375 345 190 111 84 654 569 47 522
is_linear=0
shrinkage=1


Tree=1
num_leaves=20
num_cat=0
split_feature=3 3 14 1 3 14 3 2 5 5 1 3 2 1 3 2 14 2 17
split_gain=20.5228 10.0177 9.96285 12.199 4.99721 8.43778 6.91761 4.99036 6.30754 4.42362 5.3183 3.89232 3.05099 3.04899 3.83405 3.422 5.12655 4.79514 3.29034
threshold=1.4750000000000003 0.56500000000000006 1.3050000000000004 0.00022008769603966993 3.0050000000000003 1.7250000000000003 2.5350000000000006 7.5733404095640103e-05 6.4650000000000007 16.830000000000002 0.00059420226055148094 2.0250000000000004 0.00013639639565115336 3.5595404957097695e-05 1.5350000000000004 4.6564423054855548e-05 2.5750000000000006 3.838616688261017e-05 3.0000000000000142
decision_type=2 2 2 2 2 2 2 2 2 2 2 2 2 2 2 2 2 2 2
left_child=1 -1 3 7 6 -6 13 -2 11 10 -7 -9 -10 14 -4 16 17 -15 -17
right_child=2 -3 4 -5 5 9 -8 8 12 -11 -12 -13 -14 15 -16 18 -18 -19 -20
leaf_value=0.024524748651310803 0.03265346877631687 -0.003673919865404027 0.0090934100250403098 -0.0033613239387864052 0.030191028490662575 0.0012862193765062276 -0.011307359962236314 -0.00086203553737738189 0.026652604341506958 -0.011882774757616447 0.026392900174663916 0.021809228241443636 0.010949800846477349 -0.008405035454779863 -0.010013365868440609 0.0039228372498604147 0.031824478745460509 0.019666195275454684 -0.004164132316532375
leaf_weight=32 42 1999 36 103 40 66 105 78 87 33 31 25 48 32 97 602 25 29 159
leaf_count=32 42 1999 36 103 40 66 105 78 87 33 31 25 48 32 97 602 25 29 159
internal_value=0 -0.00322963 0.00429266 0.0113514 0.00213848 0.0101093 0.000889599 0.0167636 0.0139595 0.0039303 0.00931 0.0046407 0.0210694 0.00219642 -0.00484161 0.00330156 0.0127555 0.0049403 0.00223318
internal_weight=0 2031 1638 383 1255 170 1085 280 238 130 97 103 135 980 133 847 86 61 761
internal_count=3669 2031 1638 383 1255 170 1085 280 238 130 97 103 135 980 133 847 86 61 761
is_linear=0
shrinkage=0.05


Tree=2
num_leaves=20
num_cat=0
split_feature=3 3 14 1 15 3 14 14 1 5 2 15 1 15 3 1 3 5 3
split_gain=18.5218 9.04102 8.99147 11.0096 5.41043 6.32813 7.76717 6.18479 4.61202 5.00231 3.75083 3.32003 3.65104 3.2495 4.35242 3.05687 3.00812 2.81336 2.64558
threshold=1.4750000000000003 0.56500000000000006 1.3050000000000004 0.00022008769603966993 2.8150000000000004 3.0050000000000003 1.7250000000000003 2.1750000000000003 5.7264713201406e-05 6.4650000000000007 0.00015492350470356478 3.6150000000000007 0.000431001232881904 3.0050000000000003 1.5450000000000002 4.751405454458351e-05 2.0250000000000004 16.830000000000002 0.70500000000000007
decision_type=2 2 2 2 2 2 2 2 2 2 2 2 2 2 2 2 2 2 2
left_child=1 -1 3 8 5 -4 -7 -6 -2 16 -11 12 13 -9 -15 -13 -10 -8 -3
right_child=2 18 4 -5 7 6 17 11 9 10 -12 15 -14 14 -16 -17 -18 -19 -20
leaf_value=0.023298511235043409 0.032631714931792684 -0.0067801704678015834 -0.0024074176764998598 -0.0031932585013722914 0.015226110382311382 0.028534027628409561 0.010439979588543927 0.0082424536546071379 0.00096177481824443454 0.023963870750654731 0.0028289496325529539 0.00051500522954897458 0.018448419758567102 0.011369932882296735 -0.007027374256829747 0.025231297339858683 0.020718767225742341 -0.012603694200515748 -0.002484545145721548
leaf_weight=32 36 468 654 103 134 39 27 75 84 109 26 22 27 39 183 29 25 26 1531
leaf_count=32 36 468 654 103 134 39 27 75 84 109 26 22 27 39 183 29 25 26 1531
internal_value=0 -0.00306815 0.00407803 0.0107838 0.00203156 -0.000680215 0.0115979 0.00600598 0.0159254 0.0134605 0.0198934 0.00271133 0.000844782 -0.000755549 -0.00379541 0.0145694 0.0054932 -0.000864464 -0.00349022
internal_weight=0 2031 1638 383 1255 746 92 509 280 244 135 375 324 297 222 51 109 53 1999
internal_count=3669 2031 1638 383 1255 746 92 509 280 244 135 375 324 297 222 51 109 53 1999
is_linear=0
shrinkage=0.05


Tree=3
num_leaves=20
num_cat=0
split_feature=3 3 14 2 15 3 14 14 3 15 5 2 3 2 2 15 1 2 2
split_gain=16.7159 8.15952 8.1218 9.71401 5.03305 5.84389 7.00987 5.59296 3.65544 3.67855 3.62673 4.5349 3.59825 7.27984 3.59435 3.59941 3.30018 7.55367 2.65526
threshold=1.4750000000000003 0.56500000000000006 1.3250000000000004 0.00013639639565115336 2.8150000000000004 3.0050000000000003 1.7250000000000003 1.7850000000000004 2.0250000000000004 0.31500000000000006 6.4050000000000011 7.7122306834112722e-05 1.8950000000000002 0.0001700048985150641 0.00017991077531237903 3.4650000000000003 4.0174732622381284e-05 6.7875986553359618e-05 0.0003959031665177832
decision_type=2 2 2 2 2 2 2 2 2 2 2 2 2 2 2 2 2 2 2
left_child=1 -1 3 10 5 18 -7 -6 9 -5 11 -2 13 16 -14 -16 -9 -18 -4
right_child=2 -3 4 8 7 6 -8 12 -10 -11 -12 -13 14 -15 15 -17 17 -19 -20
leaf_value=0.022133585810661317 0.030077410191297532 -0.0033157133069140962 -0.0034532803602707694 0.0072498803822005674 0.028767029643058779 0.027107327718001145 -0.00082124142714266521 -0.0057376673844243796 0.021262346411293206 -0.0074293900741620013 0.02313491063631647 0.0025852836668491365 -0.0073541992541515475 0.027688435955745418 0.00069565009780046426 0.022045937065894791 0.023602109619162301 0.0013665057301521302 0.0079434602388313829
leaf_weight=32 20 1999 585 82 25 39 53 56 22 89 123 60 99 41 82 26 55 125 56
leaf_count=32 20 1999 585 82 25 39 53 56 22 89 123 60 99 41 82 26 55 125 56
internal_value=0 -0.00291474 0.00387413 0.0101094 0.00188609 -0.000766269 0.011018 0.00570568 0.00207796 -0.000390208 0.0177451 0.00945832 0.0045145 0.00824132 -0.000472599 0.00583553 0.0048628 0.00816072 -0.00245762
internal_weight=0 2031 1638 396 1242 733 92 509 193 171 203 80 484 277 207 108 236 180 641
internal_count=3669 2031 1638 396 1242 733 92 509 193 171 203 80 484 277 207 108 236 180 641
is_linear=0
shrinkage=0.05


Tree=4
num_leaves=20
num_cat=0
split_feature=3 14 1 3 15 1 14 3 2 15 14 2 3 1 1 3 15 8 8
split_gain=15.0861 7.3751 9.24209 7.36396 4.675 3.93126 3.8415 4.83181 6.00158 3.48505 3.2961 3.15741 5.47457 4.70872 5.43853 4.20276 3.21788 2.62696 3.562
threshold=1.4750000000000003 1.3050000000000004 0.00022008769603966993 0.56500000000000006 1.9750000000000003 5.7264713201406e-05 1.7450000000000003 3.0450000000000004 9.9901251877144106e-05 2.8150000000000004 -0.22499999999999998 0.00017991077531237903 1.7950000000000002 4.0174732622381284e-05 7.4531381391876816e-05 1.925 3.4650000000000003 1.0000000000000122 -0.50000000000005584
decision_type=2 2 2 2 2 2 2 2 2 2 2 2 2 2 2 2 2 2 2
left_child=3 2 5 -1 -3 -2 7 8 -6 -8 -7 12 13 -11 -15 -13 -17 18 -12
right_child=1 4 -4 -5 6 10 9 -9 -10 11 17 15 -14 14 -16 16 -18 -19 -20
leaf_value=0.021026906697079541 0.029888591004742518 -0.0048847596174062691 -0.0030524295944612005 -0.003149927416448298 0.017495188849871276 0.00029117350882672249 -0.0018237850495747159 0.025983163633862057 -0.0033258531987667081 -0.0053204856677488846 0.018076117757488699 0.024812108469315065 -0.0056327788106032787 0.023606358998912877 0.004116446926043584 0.00072658343447579285 0.020943640344418014 0.024544425168127385 0.0020855892512757902
leaf_weight=32 36 215 103 1999 61 47 371 37 80 55 85 39 140 59 91 81 26 53 59
leaf_count=32 36 215 103 1999 61 47 371 37 80 55 85 39 140 59 91 81 26 53 59
internal_value=0 0.00368042 0.00975365 -0.002769 0.001827 0.0144645 0.00321453 0.00990177 0.00568183 0.00183363 0.0121888 0.00459718 0.00198886 0.00719388 0.0117825 0.0107607 0.00563914 0.0150273 0.0115244
internal_weight=0 1638 383 2031 1255 280 1040 178 141 862 244 491 345 205 150 146 107 197 144
internal_count=3669 1638 383 2031 1255 280 1040 178 141 862 244 491 345 205 150 146 107 197 144
is_linear=0
shrinkage=0.05


Tree=5
num_leaves=20
num_cat=0
split_feature=3 3 3 3 14 14 2 1 5 2 3 14 5 2 5 22 22 14 16
split_gain=16.9654 5.85677 4.89247 6.32312 5.54029 4.702 6.65167 3.86854 4.76197 4.74965 3.51985 2.53708 4.34046 2.99244 2.89217 2.50841 2.56846 3.27652 2.87805
threshold=1.4750000000000003 0.56500000000000006 0.7350000000000001 0.87500000000000011 0.085000000000000006 1.2850000000000004 7.5733404095640103e-05 0.0001909814549781555 6.4650000000000007 0.00018189004180957935 2.0050000000000003 0.055000000000000007 3.2450000000000006 4.0760870764320013e-05 3.5250000000000004 1.2082328990192794e-05 -1.208218300924324e-05 2.1750000000000003 -8.4999999999999947
decision_type=2 2 2 2 2 2 2 2 2 2 2 2 2 2 2 2 2 2 2
left_child=1 -1 -3 4 -4 6 -2 8 9 -8 -9 14 -13 -14 -5 16 18 -18 -7
right_child=5 2 3 11 -6 15 7 10 -10 -11 -12 12 13 -15 -16 -17 17 -19 -20
leaf_value=0.018009835481643678 0.028426489153423825 -0.0079311303180325168 0.019720453183565821 -0.010672404412180186 7.7595748007297519e-05 0.013919636471705002 -0.0047752601630759971 -0.0044805753160090675 0.017869885236609217 0.021609900826993197 0.018405813686549664 0.012067391845036527 0.0013138595026927992 -0.0048020834690906157 0.00348668670789762 -0.00097213906739823165 0.010651417150355802 -0.0030169448150055753 0.00059376682329457262
leaf_weight=31 37 546 56 200 100 44 66 105 102 23 20 49 273 748 44 488 202 56 512
leaf_count=31 37 546 56 200 100 44 66 105 102 23 20 49 273 748 44 488 202 56 512
internal_value=0 -0.0035579 -0.00388955 -0.00238839 0.00712888 0.00324999 0.00836834 0.00601976 0.0104952 0.00204338 -0.000818753 -0.00351829 -0.00246913 -0.00316677 -0.00811913 0.00186229 0.00356156 0.00768464 0.00164833
internal_weight=0 2047 2016 1470 156 1655 353 316 191 89 125 1314 1070 1021 244 1302 814 258 556
internal_count=3702 2047 2016 1470 156 1655 353 316 191 89 125 1314 1070 1021 244 1302 814 258 556
is_linear=0
shrinkage=0.05


Tree=6
num_leaves=20
num_cat=0
split_feature=3 3 3 3 14 14 2 15 14 15 15 15 5 3 3 3 1 1 3
split_gain=15.3113 5.28574 4.41546 5.70661 5.00011 4.24355 6.00314 4.85715 10.6039 3.72992 3.30023 3.05271 3.45656 2.66212 6.83409 2.61843 3.42406 2.43093 3.55875
threshold=1.4750000000000003 0.56500000000000006 0.7350000000000001 0.87500000000000011 0.085000000000000006 1.2850000000000004 7.5733404095640103e-05 2.8750000000000004 2.1750000000000003 1.4750000000000003 1.655 -0.13499999999999998 3.2450000000000006 3.0450000000000004 5.4050000000000011 2.0250000000000004 8.9163341108411753e-05 0.00010315785327216186 2.3850000000000002
decision_type=2 2 2 2 2 2 2 2 2 2 2 2 2 2 2 2 2 2 2
left_child=1 -1 10 4 -4 6 -2 13 -9 15 -3 -5 -13 17 -15 16 -8 18 -7
right_child=5 2 3 11 -6 7 9 8 -10 -11 -12 12 -14 14 -16 -17 -18 -19 -20
leaf_value=0.01710934340953827 0.027005165251525673 -0.0084552347083617467 0.018734429244484221 -0.010435189706656862 7.3715485632419594e-05 -0.00013990591590603194 0.016246479948361713 0.016724165208292324 0.00077974308580602315 0.015127633087619953 0.0088785886250693224 0.0083347584026447243 -0.0031990987435990999 0.026033713249489665 -0.0031263021269330275 0.016657496988773345 -0.0020135528418455235 -0.0041512670445031132 0.016964622345917366
leaf_weight=31 37 517 56 136 100 288 30 151 337 79 29 69 1109 32 54 29 178 406 34
leaf_count=31 37 517 56 136 100 288 30 151 337 79 29 69 1109 32 54 29 178 406 34
internal_value=0 -0.00338001 -0.00369507 -0.00226897 0.00677243 0.00308749 0.00794993 0.00176918 0.00571337 0.00571877 -0.00753457 -0.00334238 -0.00252352 -0.000595395 0.00772394 0.00258249 0.000620106 -0.00157817 0.00166616
internal_weight=0 2047 2016 1470 156 1655 353 1302 488 316 546 1314 1178 814 86 237 208 728 322
internal_count=3702 2047 2016 1470 156 1655 353 1302 488 316 546 1314 1178 814 86 237 208 728 322
is_linear=0
shrinkage=0.05


Tree=7
num_leaves=20
num_cat=0
split_feature=3 3 3 3 14 14 2 15 14 3 3 15 15 5 5 5 2 3 3
split_gain=13.8184 4.77038 3.9972 5.78124 4.25794 3.82981 5.41783 4.38358 9.57 3.56185 4.37796 2.95633 2.75507 3.11955 2.48393 2.44761 6.05949 2.40257 6.16777
threshold=1.4750000000000003 0.56500000000000006 0.74500000000000011 0.87500000000000011 0.085000000000000006 1.2850000000000004 7.5733404095640103e-05 2.8750000000000004 2.1750000000000003 1.5350000000000004 2.0250000000000004 1.655 -0.13499999999999998 3.2450000000000006 2.9150000000000005 6.8450000000000006 0.00027897637608550536 3.0450000000000004 5.4050000000000011
decision_type=2 2 2 2 2 2 2 2 2 2 2 2 2 2 2 2 2 2 2
left_child=1 -1 11 4 -4 6 -2 17 -9 -8 15 -3 -5 -14 -6 -11 -17 -7 -19
right_child=5 2 3 12 14 7 9 8 -10 10 -12 -13 13 -15 -16 16 -18 18 -20
leaf_value=0.016253876686096191 0.025654906316383466 -0.0079612933141522697 0.018988185127576194 -0.0099134300178026456 0.016141458068575181 -0.0014992644713557029 0.017824281052667267 0.015887956755445493 0.00074075597285870641 -0.0052901673465967185 0.019121699719815644 0.008434659191246691 0.0079180206077686249 -0.0030391436987249995 -0.0034021927250756159 0.011666836879755322 -0.012669989466667177 0.024732027715072036 -0.0029699869729854444
leaf_weight=31 37 529 51 136 21 728 49 151 337 100 37 29 69 1109 72 95 35 32 54
leaf_count=31 37 529 51 136 21 728 49 151 337 100 37 29 69 1109 72 95 35 32 54
internal_value=0 -0.00321101 -0.00351032 -0.00213298 0.00737785 0.00293311 0.00755243 0.00168072 0.0054277 0.00543283 0.00315875 -0.00710917 -0.00317526 -0.00239734 0.00101089 0.000590796 0.00511461 -0.000565625 0.00733774
internal_weight=0 2047 2016 1458 144 1655 353 1302 488 316 267 558 1314 1178 93 230 130 814 86
internal_count=3702 2047 2016 1458 144 1655 353 1302 488 316 267 558 1314 1178 93 230 130 814 86
is_linear=0
shrinkage=0.05


Tree=8
num_leaves=20
num_cat=0
split_feature=3 3 3 3 5 5 14 1 15 14 5 3 15 2 15 5 5 5 1
split_gain=12.4711 4.30526 3.60747 5.21757 4.00422 5.80773 3.4564 4.89805 3.95618 8.63692 3.13831 2.87185 2.66809 2.53516 2.48645 2.81539 2.33188 4.46497 5.70342
threshold=1.4750000000000003 0.56500000000000006 0.74500000000000011 0.87500000000000011 2.8550000000000004 3.2950000000000004 1.2850000000000004 0.0001909814549781555 2.8750000000000004 2.1750000000000003 6.4050000000000011 2.0050000000000003 1.655 0.00018189004180957935 -0.13499999999999998 3.2450000000000006 7.9650000000000007 8.5950000000000006 7.7390377053907766e-05
decision_type=2 2 2 2 2 2 2 2 2 2 2 2 2 2 2 2 2 2 2
left_child=1 -1 12 4 -4 -6 7 10 -8 16 13 -9 -3 -2 -5 -16 -10 18 -18
right_child=6 2 3 14 5 -7 8 11 9 -11 -12 -13 -14 -15 15 -17 17 -19 -20
leaf_value=0.015441182255744935 0.00054799182848496873 -0.0075632283192951875 0.026643290032039992 -0.0094177585643003964 -0.0023475130294498647 0.023931519631986267 -0.00053734405730514623 -0.0040872007679371609 0.022337994724512103 0.00070371811750734596 0.016720725747290999 0.016585455164313319 0.0080129252939388686 0.019465462863445283 0.0075221196896788009 -0.0028871866740870842 0.021417149826884269 0.023570934534072878 -0.012619686359539629
leaf_weight=31 77 529 22 136 95 27 814 105 64 337 128 20 29 23 69 1109 20 35 32
leaf_count=31 77 529 22 136 95 27 814 105 64 337 128 20 29 23 69 1109 20 35 32
internal_value=0 -0.00305046 -0.0033348 -0.00202633 0.00700896 0.00346834 0.00278646 0.00717481 0.00159668 0.00515631 0.0115358 -0.000779576 -0.00675371 0.00489901 -0.0030165 -0.00227747 0.0150936 0.00976432 0.000471404
internal_weight=0 2047 2016 1458 144 122 1655 353 1302 488 228 125 558 100 1314 1178 151 87 52
internal_count=3702 2047 2016 1458 144 122 1655 353 1302 488 228 125 558 100 1314 1178 151 87 52
is_linear=0
shrinkage=0.05


Tree=9
num_leaves=20
num_cat=0
split_feature=3 3 3 3 14 14 2 15 14 3 3 15 15 5 2 5 14 14 2
split_gain=11.2552 3.8855 3.25874 4.21716 3.80277 3.1194 4.78036 3.57045 7.79482 3.06878 3.72211 2.42824 2.25181 2.45969 2.32541 2.36572 3.30412 3.38678 2.72088
threshold=1.4750000000000003 0.56500000000000006 0.7350000000000001 0.87500000000000011 0.085000000000000006 1.2850000000000004 7.5733404095640103e-05 2.8750000000000004 2.1750000000000003 1.5350000000000004 2.0250000000000004 1.655 -0.16499999999999998 6.0550000000000006 0.00025615468592144375 3.2450000000000006 0.17500000000000002 0.31500000000000006 0.00017178761226191851
decision_type=2 2 2 2 2 2 2 2 2 2 2 2 2 2 2 2 2 2 2
left_child=1 -1 11 4 -4 6 -2 -7 -9 -8 -11 -3 -5 14 15 -14 -17 18 -18
right_child=5 2 3 12 -6 7 9 8 -10 10 -12 -13 13 -15 -16 16 17 -19 -20
leaf_value=0.0146691232919693 0.023820240352604841 -0.0072562471464478074 0.01626141659383263 -0.0092213428978409097 -1.2349791824817659e-05 -0.00051047675018667889 0.016326896481368005 0.014338881172091755 0.00066853230846741795 0.0003464438571878102 0.017433046609968753 0.0076122798796357779 0.0068953503774745132 -0.011726029217243195 0.013130511687352107 -0.008557437258331399 0.00708179385313448 -0.002922920993836866 -0.011679117957299407
leaf_weight=31 37 517 56 126 100 814 49 151 337 230 37 29 70 64 26 190 159 657 22
leaf_count=31 37 517 56 126 100 814 49 151 337 230 37 29 70 64 26 190 159 657 22
internal_value=0 -0.00289793 -0.00316806 -0.00194292 0.00582952 0.00264714 0.00681607 0.00151685 0.0048985 0.00482507 0.00271425 -0.00646653 -0.00286567 -0.00219159 -0.0016487 -0.00199866 -0.00260429 -0.00125453 0.00480146
internal_weight=0 2047 2016 1470 156 1655 353 1302 488 316 267 546 1314 1188 1124 1098 1028 838 181
internal_count=3702 2047 2016 1470 156 1655 353 1302 488 316 267 546 1314 1188 1124 1098 1028 838 181
is_linear=0
shrinkage=0.05


Tree=10
num_leaves=20
num_cat=0
split_feature=3 14 2 3 15 2 14 3 2 15 2 2 8 3 15 14 15 14 3
split_gain=7.63179 4.38367 6.26278 4.07662 3.60996 3.2945 4.4714 4.67939 4.04837 2.66724 3.11126 2.70523 2.8056 2.64143 4.01785 2.59244 2.40038 3.82033 2.38681
threshold=1.4750000000000003 1.3250000000000004 0.00013639639565115336 0.56500000000000006 1.9750000000000003 6.0020764199049627e-05 2.1750000000000003 1.5350000000000004 0.0001700048985150641 3.1150000000000007 0.00017991077531237903 0.00019959680970553761 3.0000000000000022 1.7650000000000003 3.4150000000000005 1.7450000000000003 1.9750000000000003 1.2150000000000001 2.0250000000000004
decision_type=2 2 2 2 2 2 2 2 2 2 2 2 2 2 2 2 2 2 2
left_child=3 2 16 -1 -3 6 -6 -8 13 11 -11 -10 -13 14 -7 -15 17 -2 -4
right_child=1 4 18 -5 5 8 7 -9 9 10 -12 12 -14 15 -16 -17 -18 -19 -20
leaf_value=0.015901393024250865 0.015716598036080383 -0.0047575775899139109 -0.0010787639135157157 -0.0020870479018524806 0.021538687178066798 -0.001525537688762714 0.016985198259353639 -0.0028365909206596288 0.013322693383207128 -0.0059893619641661648 0.016059104464948178 -0.00089326776671323847 0.015201155667503675 0.0070290798141110335 0.017677883984464588 -0.0086321700593279729 0.029090623489835044 -0.00121792270378633 0.016417625681920487
leaf_weight=32 137 204 171 1999 49 156 45 88 49 20 80 278 30 31 33 179 22 44 22
leaf_count=32 137 204 171 1999 49 156 45 88 49 20 80 278 30 31 33 179 22 44 22
internal_value=0 0.00278355 0.00736439 -0.00180363 0.00132299 0.00251801 0.00862698 0.00387003 0.00121915 0.00443208 0.0116494 0.00241042 0.000674371 -0.00246083 0.00182744 -0.00632027 0.0134955 0.0115999 0.000915643
internal_weight=0 1638 396 2031 1242 1038 182 133 856 457 100 357 308 399 189 210 203 181 193
internal_count=3669 1638 396 2031 1242 1038 182 133 856 457 100 357 308 399 189 210 203 181 193
is_linear=0
shrinkage=0.05


Tree=11
num_leaves=20
num_cat=0
split_feature=3 14 2 3 15 2 14 3 2 5 15 5 5 2 3 15 14 6 5
split_gain=6.88769 3.95626 5.65216 3.67915 3.25799 2.97329 4.03544 4.22315 3.65365 2.76951 2.40718 3.02311 4.86783 2.80792 2.38389 3.62611 2.33967 2.30041 2.28191
threshold=1.4750000000000003 1.3250000000000004 0.00013639639565115336 0.56500000000000006 1.9750000000000003 6.0020764199049627e-05 2.1750000000000003 1.5350000000000004 0.0001700048985150641 5.9750000000000005 3.1150000000000007 7.9050000000000011 9.8150000000000031 0.00017991077531237903 1.7650000000000003 3.4150000000000005 1.7450000000000003 -2.9999999999999578 6.4050000000000011
decision_type=2 2 2 2 2 2 2 2 2 2 2 2 2 2 2 2 2 2 2
left_child=3 2 18 -1 -3 6 -6 -8 14 -9 11 -10 -13 -12 15 17 -16 -7 -2
right_child=1 4 -4 -5 5 8 7 9 10 -11 13 12 -14 -15 16 -17 -18 -19 -20
leaf_value=0.014955260450486094 0.006184992245212198 -0.0044745017594712624 0.00086116246454456303 -0.0019628687255595135 0.020257135390323037 -0.0098144251267021556 0.015974579048156738 -0.0075841036154263063 -0.0046038566950127617 0.013017491624823638 -0.0056329950213432319 0.012991374014801271 -0.00095550936465933376 0.015103587920777501 0.0066108494081324144 0.016626049652695655 -0.0081185559393557091 0.0028770940160577738 0.016924997639728753
leaf_weight=32 80 204 193 1999 49 53 45 67 109 21 20 111 137 80 31 33 179 103 123
leaf_count=32 80 204 193 1999 49 53 45 67 109 21 20 111 137 80 31 33 179 103 123
internal_value=0 0.00261793 0.00692621 -0.00169631 0.00124427 0.00236819 0.00811367 0.00363976 0.00114661 -0.00266781 0.00416837 0.002267 0.00528685 0.0109563 -0.00231441 0.00171871 -0.00594422 -0.00143477 0.0126925
internal_weight=0 1638 396 2031 1242 1038 182 133 856 88 457 357 248 100 399 189 210 156 203
internal_count=3669 1638 396 2031 1242 1038 182 133 856 88 457 357 248 100 399 189 210 156 203
is_linear=0
shrinkage=0.0495


Tree=12
num_leaves=20
num_cat=0
split_feature=3 14 2 3 15 14 3 2 15 15 14 22 3 15 1 3 2 3 15
split_gain=6.22269 3.57429 5.10644 3.32393 2.94343 2.68894 4.12865 4.96007 2.79131 2.15444 3.44609 2.26714 2.1541 3.06406 2.1506 2.08338 4.70951 3.19892 3.32038
threshold=1.4750000000000003 1.3250000000000004 0.00013639639565115336 0.56500000000000006 1.9750000000000003 1.7450000000000003 3.0050000000000003 9.9901251877144106e-05 3.6150000000000007 1.9750000000000003 1.2150000000000001 -2.4159403746726312e-05 2.0250000000000004 0.31500000000000006 4.751405454458351e-05 2.3350000000000004 0.0001700048985150641 3.3350000000000004 3.3050000000000002
decision_type=2 2 2 2 2 2 2 2 2 2 2 2 2 2 2 2 2 2 2
left_child=3 2 9 -1 -3 6 7 -6 15 10 11 -2 13 -4 -10 16 -7 -17 -19
right_child=1 4 12 -5 5 8 -8 -9 14 -11 -12 -13 -14 -15 -16 17 -18 18 -20
leaf_value=0.014072826523189433 0.023832455472920087 -0.0042104837256264601 0.0057874265624628194 -0.0018470496450165932 0.014079205921431213 -0.0010991565726719199 0.020948516739482104 -0.0049696161794008037 0.0006679782145097851 0.026424187917038797 -0.0017481011247262358 0.0099673138038015256 0.015244167803674937 -0.0073431822148425857 0.020986621342591685 -0.0095080388128918562 0.0081972588199598247 -0.002236367431846261 0.019414649666771294
leaf_weight=32 40 204 82 1999 59 411 43 74 22 22 44 97 22 89 29 111 192 75 22
leaf_count=32 40 204 82 1999 59 411 43 74 22 22 44 97 22 89 29 111 192 75 22
internal_value=0 0.00246346 0.00651753 -0.00159622 0.00117085 0.00222846 0.00774834 0.00348061 0.00110143 0.0119436 0.0101835 0.0140155 0.000810349 -0.00104663 0.0122217 0.000402124 0.0018609 -0.00382691 0.00267417
internal_weight=0 1638 396 2031 1242 1038 176 133 862 203 181 137 193 171 51 811 603 208 97
internal_count=3669 1638 396 2031 1242 1038 176 133 862 203 181 137 193 171 51 811 603 208 97
is_linear=0
shrinkage=0.049005


Tree=13
num_leaves=20
num_cat=0
split_feature=3 14 2 3 15 2 14 3 2 5 3 15 6 15 3 2 5 5 2
split_gain=5.62774 3.23256 4.61822 3.00613 2.66201 2.66088 3.55367 3.80682 3.06094 2.38148 2.09508 3.26845 2.06813 2.06157 2.68985 3.17105 2.64516 4.15701 2.21636
threshold=1.4750000000000003 1.3250000000000004 0.00013639639565115336 0.56500000000000006 1.9750000000000003 6.0020764199049627e-05 2.1750000000000003 1.5350000000000004 0.0001700048985150641 5.9750000000000005 1.7650000000000003 3.4150000000000005 -2.9999999999999578 3.1150000000000007 1.885 0.00022948028557848781 7.9050000000000011 9.8150000000000031 0.0003959031665177832
decision_type=2 2 2 2 2 2 2 2 2 2 2 2 2 2 2 2 2 2 2
left_child=3 2 -2 -1 -3 6 -6 -8 10 -9 11 12 -7 16 -15 -16 -10 -18 -19
right_child=1 4 -4 -5 5 8 7 9 13 -11 -12 -13 -14 14 15 -17 17 18 -20
leaf_value=0.01324935566624701 0.011244686382900149 -0.0039641074599038595 0.00076293205682836441 -0.0017389694369679735 0.018593951663900942 -0.0091552950555933103 0.01478832865584433 -0.0070272670951226314 -0.0043474894211884144 0.011696521158537587 -0.0054745144431275344 0.015437694269487262 0.0026389622568069879 0.025265706747575747 -0.0054517101388755311 0.014179399667554198 0.011698332665320024 -0.011269437656647526 0.0027504417085389321
leaf_weight=32 203 204 193 1999 49 53 45 67 109 21 210 33 103 21 34 45 111 36 101
leaf_count=32 203 204 193 1999 49 53 45 67 109 21 210 33 103 21 34 45 111 36 101
internal_value=0 0.00231931 0.00613615 -0.00150282 0.00110234 0.00209806 0.00742516 0.00331034 0.000965428 -0.00255909 -0.0021394 0.00156628 -0.00136806 0.00367621 0.00983295 0.00573057 0.00195163 0.0047202 -0.000933614
internal_weight=0 1638 396 2031 1242 1038 182 133 856 88 399 189 156 457 100 79 357 248 137
internal_count=3669 1638 396 2031 1242 1038 182 133 856 88 399 189 156 457 100 79 357 248 137
is_linear=0
shrinkage=0.048515


Tree=14
num_leaves=20
num_cat=0
split_feature=3 14 2 5 2 3 3 15 2 5 14 2 14 1 15 3 14 17 1
split_gain=5.09493 2.92651 4.20247 3.64139 3.02901 4.02812 2.72152 2.53226 2.14946 3.6778 3.19818 2.88695 2.46942 3.48786 2.10484 4.27212 3.62238 3.4184 2.66854
threshold=1.4750000000000003 1.3250000000000004 0.00027897637608550536 6.4050000000000011 7.7122306834112722e-05 2.0250000000000004 0.56500000000000006 3.6150000000000007 0.0003959031665177832 16.830000000000002 1.8650000000000004 0.0008778760289980921 2.1150000000000007 0.00044428057153355255 2.8150000000000004 3.0250000000000004 2.3550000000000004 3.0000000000000142 8.9884164426637069e-05
decision_type=2 2 2 2 2 2 2 2 2 2 2 2 2 2 2 2 2 2 2
left_child=6 2 3 4 -2 -6 -1 8 14 10 -10 12 13 -12 15 18 17 -16 -3
right_child=1 7 -4 -5 5 -7 -8 -9 9 -11 11 -13 -14 -15 16 -17 -18 -19 -20
leaf_value=0.01248049731986596 0.019239838790333228 0.00071707549100577235 -0.0058149906256152236 0.012108395776805734 -0.0049332834524994937 0.018698837447218963 -0.0016380575219507503 0.011413080159934924 0.02518877199466572 -0.0069114190447021927 0.02073624511554676 0.021222032014896357 -0.011269183446163445 -0.0044282273144162004 0.01154227571809948 0.018759855930076515 -0.00094986316737129999 -0.0082354686357013311 -0.0057711786183171293
leaf_weight=32 20 270 61 196 99 20 1999 52 25 40 24 22 24 27 126 22 267 24 319
leaf_count=32 20 270 61 196 99 20 1999 52 25 40 24 22 24 27 126 22 267 24 319
internal_value=0 0.00218472 0.00578007 0.00789142 0.00194517 -0.000961498 -0.00141561 0.00103837 0.000585023 0.00572713 0.00987091 0.00592301 0.0014353 0.00741388 -0.000225308 -0.00202075 0.00240542 0.00837784 -0.00279694
internal_weight=0 1638 396 335 139 119 2031 1242 1190 162 122 97 75 51 1028 611 417 150 589
internal_count=3669 1638 396 335 139 119 2031 1242 1190 162 122 97 75 51 1028 611 417 150 589
is_linear=0
shrinkage=0.0480298


Tree=15
num_leaves=20
num_cat=0
split_feature=3 22 10 3 5 1 19 1 3 3 3 5 5 1 15 15 5 2 1
split_gain=6.7595 2.23943 2.71872 2.20446 3.10064 2.90029 2.48526 2.15586 2.0476 2.96065 4.29246 3.56797 4.9982 2.18771 2.17699 2.03743 2.20373 2.10938 2.00274
threshold=1.4750000000000003 7.3198404278662657e-05 -6.0000000000000266 1.5350000000000004 5.3150000000000004 2.8992965239856474e-05 0.0024159998499793116 0.00010958717105207616 0.56500000000000006 0.74500000000000011 0.87500000000000011 2.8550000000000004 3.2950000000000004 2.7900291523818497e-05 1.655 -0.23499999999999996 6.0550000000000006 0.00025615468592144375 4.8745963937397122e-05
decision_type=2 2 2 2 2 2 2 2 2 2 2 2 2 2 2 2 2 2 2
left_child=8 2 7 4 6 -5 -4 -2 -1 14 11 -11 13 -13 -10 -12 17 -17 -7
right_child=1 -3 3 5 -6 18 -8 -9 9 10 15 12 -14 -15 -16 16 -18 -19 -20
leaf_value=0.0098928651678190562 0.017814319349876009 -0.0010234627398178571 -0.0039724104547444747 -0.0097756042190065232 0.018506327601136536 0.0094295252535892618 0.013163569547488777 0.005334701441504555 -0.006062049818533647 0.024125284634014556 -0.0081937499728797457 0.012163558238877045 0.021374434970170948 -0.0055357801745964143 0.0073182162816246418 -0.0013979214686060117 -0.010152796242984524 0.012303610127974575 0.0012034695156526302
leaf_weight=31 43 447 50 51 42 73 31 115 529 22 115 20 27 75 29 1109 64 26 803
leaf_count=31 43 447 50 51 42 73 31 115 529 22 115 20 27 75 29 1109 64 26 803
internal_value=0 0.00185192 0.0029159 0.00204086 0.00802208 0.00124723 0.0025858 0.00873105 -0.0022347 -0.00242118 -0.0012939 0.00649968 0.00332129 -0.0018096 -0.00536666 -0.00214799 -0.00156812 -0.00108405 0.00188897
internal_weight=0 1655 1208 1050 123 927 81 158 2047 2016 1458 144 122 95 558 1314 1199 1135 876
internal_count=3702 1655 1208 1050 123 927 81 158 2047 2016 1458 144 122 95 558 1314 1199 1135 876
is_linear=0
shrinkage=0.0475495


Tree=16
num_leaves=20
num_cat=0
split_feature=3 22 10 3 14 1 14 15 0 2 14 8 3 19 8 3 3 2 14
split_gain=6.13196 2.03152 2.46632 2.07052 2.12878 1.95571 1.92735 4.49474 2.98951 2.49887 6.41172 3.12375 2.02469 2.10537 1.87948 1.86781 8.06133 1.98192 2.22247
threshold=1.4750000000000003 7.3198404278662657e-05 -6.0000000000000266 1.4950000000000003 2.7850000000000006 0.00010958717105207616 0.31500000000000006 0.7350000000000001 3.7326497736246717e-05 4.5402135986427925e-05 0.56500000000000006 -2.0000000000000004 1.2450000000000003 -0.0034311190919916741 2.0000000000000013 0.87500000000000011 0.81500000000000006 0.00028325790669639909 0.16500000000000004
decision_type=2 2 2 2 2 2 2 2 2 2 2 2 2 2 2 2 2 2 2
left_child=6 2 5 -4 -5 -2 7 15 -9 10 -8 -12 13 -13 -3 16 -1 18 -17
right_child=1 14 3 4 -6 -7 9 8 -10 -11 11 12 -14 -15 -16 17 -18 -19 -20
leaf_value=-0.0033386219041026425 0.016797584714809442 -0.0019863167411695247 0.011919757216581586 0.0019043745404898008 -0.0097531979404416012 0.0050302287165709392 -0.0079452357889766012 0.017005460680282174 0.0028467358671375761 -0.0052026576388726426 0.016032284637673967 0.013967966783596743 -0.0048340429835216957 0.0016552925053477691 0.008158270613083796 -0.0065522271941452041 0.02129575760270622 0.0078779180836212985 0.00243770818986389
leaf_weight=144 43 402 44 970 36 115 192 42 155 676 35 36 89 212 45 325 37 29 75
leaf_count=144 43 402 44 970 36 115 192 42 155 676 35 36 89 212 45 325 37 29 75
internal_value=0 0.00174622 0.00274948 0.00192438 0.0014872 0.00823274 -0.00210715 -0.000316643 0.00586535 -0.00327243 -0.000958894 0.00264696 0.00125679 0.00344262 -0.00096505 -0.00231312 0.00169714 -0.0040051 -0.00486661
internal_weight=0 1655 1208 1050 1006 158 2047 807 197 1240 564 372 337 248 447 610 181 429 400
internal_count=3702 1655 1208 1050 1006 158 2047 807 197 1240 564 372 337 248 447 610 181 429 400
is_linear=0
shrinkage=0.047074


Tree=17
num_leaves=20
num_cat=0
split_feature=3 14 15 14 3 2 15 15 0 4 3 2 2 2 14 15 3 3 14
split_gain=5.56823 1.85415 4.5467 1.96326 3.05998 4.09799 2.80625 2.54268 2.52909 1.82746 2.14532 2.79676 2.55452 5.13256 2.0197 1.88014 1.87441 3.22047 4.11724
threshold=1.4750000000000003 2.1150000000000007 2.9350000000000005 1.2350000000000001 2.0250000000000004 0.00013639639565115336 0.31500000000000006 1.5150000000000003 8.3422929816209516e-05 1.2500000000000291 1.905 6.287008121914568e-05 5.3256908454712274e-05 9.654171873382156e-05 1.3450000000000004 1.9750000000000003 2.4450000000000007 3.0050000000000003 1.7350000000000001
decision_type=2 2 2 2 2 2 2 2 2 2 2 2 2 2 2 2 2 2 2
left_child=-1 2 3 4 5 -2 8 -5 -7 10 11 15 -12 -14 -13 -9 -15 -18 -19
right_child=1 -3 -4 7 -6 6 -8 9 -10 -11 12 14 13 16 -16 -17 17 18 -20
leaf_value=-0.0019878821100378181 0.0097290828253023716 -0.00067670368388449316 0.010691483081448523 -0.011205453268289095 0.019936017897955256 0.018187669516191145 -0.007341403856632088 0.001007466399679394 -9.2909758570553039e-05 -0.0039135808590671055 -0.0093123510820679219 0.00583902381362582 0.020779728780795155 0.0089178281658229257 -0.0079355011604649254 0.016296010624215592 -0.0071844514983418102 0.023162662831182797 -0.0014723974441166574
leaf_weight=2047 124 514 136 40 26 22 86 58 65 135 25 29 44 80 114 25 68 23 41
leaf_count=2047 124 514 136 40 26 22 86 58 65 135 25 29 44 80 114 25 68 23 41
internal_value=0 0.00164738 0.00269433 0.00161213 0.00460518 0.00326308 -0.00137151 0.000194607 0.00452977 0.000904891 0.00218792 -0.0011924 0.0049066 0.00629517 -0.00514207 0.00561245 0.00328895 -0.000122498 0.00738083
internal_weight=0 1655 1141 1005 323 297 173 682 87 642 507 226 281 256 143 83 212 132 64
internal_count=3702 1655 1141 1005 323 297 173 682 87 642 507 226 281 256 143 83 212 132 64
is_linear=0
shrinkage=0.0466033


Tree=18
num_leaves=20
num_cat=0
split_feature=5 1 2 14 15 2 2 5 5 5 1 15 2 14 22 6 5 5 15
split_gain=4.83162 2.82159 5.93763 2.16359 3.69836 2.21898 2.15381 2.05087 2.02683 1.93799 3.52021 3.28741 2.87561 3.2771 2.17009 2.08035 1.92579 2.06353 4.10409
threshold=5.3150000000000004 2.8992965239856474e-05 4.7410923415570546e-05 2.0750000000000006 3.4150000000000005 0.0001700048985150641 8.2112819899921504e-05 6.8450000000000006 5.6150000000000011 7.2150000000000007 0.00012292951757928016 1.7450000000000003 0.0002060789442026405 -0.39499999999999996 -0.00031183325337186257 -8.7499999999999893 4.9650000000000007 3.5250000000000004 1.2250000000000003
decision_type=2 2 2 2 2 2 2 2 2 2 2 2 2 2 2 2 2 2 2
left_child=16 -2 -3 4 6 8 -4 -7 -5 12 11 -11 14 -14 -8 -16 17 -1 -19
right_child=1 2 3 5 -6 7 9 -9 -10 10 -12 -13 13 -15 15 -17 -18 18 -20
leaf_value=-0.0027862895578964143 -0.0080899470834705032 0.015706858554268718 0.0072824850174529514 0.0057606757897298334 0.015163799408166629 0.016066794385380959 0.0037381905704162279 0.00078398407691368207 -0.005770623215404223 0.021633092573318226 0.001216647856812979 0.0027962546985617178 0.019918178790078112 0.00058536451630939585 0.0055147494605094823 -0.0088025008229575125 -0.0063786812342670066 0.0051675027743444211 -0.0017442453098055432
leaf_weight=1025 62 64 137 38 47 21 53 170 222 38 408 41 23 99 25 159 179 257 634
leaf_count=1025 62 64 137 38 47 21 53 170 222 38 408 41 23 99 25 159 179 257 634
internal_value=0 0.00156075 0.00194803 0.00135346 0.00252035 -0.00131151 0.00191583 0.00246429 -0.00408528 0.00104676 0.0029427 0.011857 -0.00152517 0.00423008 -0.00448778 -0.00685722 -0.00180216 -0.00137461 0.000249379
internal_weight=0 1607 1545 1481 1030 451 983 191 260 846 487 79 359 122 237 184 2095 1916 891
internal_count=3702 1607 1545 1481 1030 451 983 191 260 846 487 79 359 122 237 184 2095 1916 891
is_linear=0
shrinkage=0.0461372


Tree=19
num_leaves=20
num_cat=0
split_feature=3 3 3 3 5 15 1 1 5 14 21 5 15 3 1 1 1 13 5
split_gain=4.63337 1.82888 2.43016 3.59529 3.37772 1.86686 1.69514 2.88348 2.79916 2.11024 1.97386 1.87862 1.69258 2.92743 1.70006 1.68676 1.90368 1.69982 1.62955
threshold=1.4750000000000003 0.56500000000000006 0.74500000000000011 0.91500000000000015 3.5950000000000002 1.655 2.5317976732766226e-05 7.6404762265581584e-05 5.3150000000000004 1.1850000000000003 -0.0074428062725129798 4.7750000000000012 2.9650000000000003 1.925 4.159189161815322e-05 6.9254768586567408e-05 4.5582159497464069e-05 1.0000000000000122 2.7150000000000003
decision_type=2 2 2 2 2 2 2 2 2 2 2 2 2 2 2 2 2 2 2
left_child=1 -1 5 4 18 -3 11 9 -9 -8 -11 -2 15 14 -14 16 17 -12 -4
right_child=6 2 3 -5 -6 -7 7 8 -10 10 12 -13 13 -15 -16 -17 -18 -19 -20
leaf_value=0.0092336736791276079 0.0072438581783319089 -0.0051275721564687585 0.014056950018645325 -0.0021310720799422472 0.01547374737287314 0.0067747955092531632 0.014937466898261816 -0.0067719121756427084 0.0013610695728183291 -0.0094806871845549076 0.0094158576647487106 -0.0088552786915061955 0.0020623090458376857 -0.0058479367037119843 0.017377236218187573 0.011831479469429905 -0.0038081287834853834 -0.0050321638650076715 0.00049318169552915866
leaf_weight=31 20 529 20 1153 42 29 42 96 1099 21 65 62 20 20 62 35 90 23 243
leaf_count=31 20 529 20 1153 42 29 42 96 1099 21 65 62 20 20 62 35 90 23 243
internal_value=0 -0.00177627 -0.00194557 -0.000964504 0.00344551 -0.00450899 0.00147382 0.00180758 0.000707709 0.0052847 0.0040781 -0.00492866 0.00498202 0.00982035 0.0136419 0.00266508 0.000862693 0.00563967 0.00152465
internal_weight=0 2047 2016 1458 305 558 1655 1573 1195 378 336 82 315 102 82 213 178 88 263
internal_count=3702 2047 2016 1458 305 558 1655 1573 1195 378 336 82 315 102 82 213 178 88 263
is_linear=0
shrinkage=0.0456759


end of trees

feature_importances:
f_3=104
f_14=61
f_2=57
f_15=52
f_5=43
f_1=36
f_22=6
f_8=5
f_0=3
f_6=3
f_10=2
f_17=2
f_19=2
f_4=1
f_13=1
f_16=1
f_21=1

parameters:
[boosting: gbdt]
[objective: regression]
[metric: binary_logloss]
[tree_learner: serial]
[device_type: cpu]
[data: ]
[valid: ]
[num_iterations: 10]
[learning_rate: 0.0456759]
[num_leaves: 20]
[num_threads: 0]
[deterministic: 0]
[force_col_wise: 0]
[force_row_wise: 0]
[histogram_pool_size: -1]
[max_depth: -1]
[min_data_in_leaf: 20]
[min_sum_hessian_in_leaf: 0.001]
[bagging_fraction: 0.7]
[pos_bagging_fraction: 1]
[neg_bagging_fraction: 1]
[bagging_freq: 5]
[bagging_seed: 3]
[feature_fraction: 0.9]
[feature_fraction_bynode: 1]
[feature_fraction_seed: 2]
[extra_trees: 0]
[extra_seed: 6]
[early_stopping_round: 0]
[first_metric_only: 0]
[max_delta_step: 0]
[lambda_l1: 0]
[lambda_l2: 0]
[linear_lambda: 0]
[min_gain_to_split: 0]
[drop_rate: 0.1]
[max_drop: 50]
[skip_drop: 0.5]
[xgboost_dart_mode: 0]
[uniform_drop: 0]
[drop_seed: 4]
[top_rate: 0.2]
[other_rate: 0.1]
[min_data_per_group: 100]
[max_cat_threshold: 32]
[cat_l2: 10]
[cat_smooth: 10]
[max_cat_to_onehot: 4]
[top_k: 20]
[monotone_constraints: ]
[monotone_constraints_method: basic]
[monotone_penalty: 0]
[feature_contri: ]
[forcedsplits_filename: ]
[refit_decay_rate: 0.9]
[cegb_tradeoff: 1]
[cegb_penalty_split: 0]
[cegb_penalty_feature_lazy: ]
[cegb_penalty_feature_coupled: ]
[path_smooth: 0]
[interaction_constraints: ]
[verbosity: 0]
[saved_feature_importance_type: 0]
[linear_tree: 0]
[max_bin: 255]
[max_bin_by_feature: ]
[min_data_in_bin: 3]
[bin_construct_sample_cnt: 200000]
[data_random_seed: 1]
[is_enable_sparse: 1]
[enable_bundle: 1]
[use_missing: 1]
[zero_as_missing: 0]
[feature_pre_filter: 1]
[pre_partition: 0]
[two_round: 0]
[header: 0]
[label_column: ]
[weight_column: ]
[group_column: ]
[ignore_column: ]
[categorical_feature: ]
[forcedbins_filename: ]
[precise_float_parser: 0]
[objective_seed: 5]
[num_class: 1]
[is_unbalance: 0]
[scale_pos_weight: 1]
[sigmoid: 1]
[boost_from_average: 1]
[reg_sqrt: 0]
[alpha: 0.9]
[fair_c: 1]
[poisson_max_delta_step: 0.7]
[tweedie_variance_power: 1.5]
[lambdarank_truncation_level: 30]
[lambdarank_norm: 1]
[label_gain: ]
[eval_at: ]
[multi_error_top_k: 1]
[auc_mu_weights: ]
[num_machines: 1]
[local_listen_port: 12400]
[time_out: 120]
[machine_list_filename: ]
[machines: ]
[gpu_platform_id: -1]
[gpu_device_id: -1]
[gpu_use_dp: 0]
[num_gpu: 1]

end of parameters

pandas_categorical:[]
