tree
version=v3
num_class=1
num_tree_per_iteration=1
label_index=0
max_feature_idx=22
objective=regression
feature_names=f_0 f_1 f_2 f_3 f_4 f_5 f_6 f_7 f_8 f_9 f_10 f_11 f_12 f_13 f_14 f_15 f_16 f_17 f_18 f_19 f_20 f_21 f_22
feature_infos=[2.811842593898112e-07:0.0089292451603560918] [2.1333248529010825e-06:0.0055990001705921817] [4.7857545124566229e-06:0.003721014941950642] [0.53000000000000003:6.5599999999999996] [-33.000000000000007:48] [2.4100000000000001:21.82] [-101.00000000000016:144.99999999999994] [-3.0196613872200984:0.53086419753086433] [-81:74] [-46:33.999999999999986] [-51.000000000000021:33.999999999999986] [-33.000000000000007:29.000000000000004] [-41:96.000000000000014] [-36.000000000000007:32.999999999999986] [-0.83999999999999997:2.9100000000000001] [-1.3200000000000001:3.8500000000000001] [-52:73.999999999999972] [-28.000000000000004:24.000000000000004] [-0.29572649572649579:1.1559792027729636] [-0.02958455728073861:0.047292143401983289] [-0.054746473503621829:0.033993115318416534] [-0.078445945945946005:0.045346674363414774] [-0.019984292877423981:0.018327052533256172]
tree_sizes=1813 1881 1863 1873 1849 1882 1865 1859 1900 1893 1887 1889 1912 1885 1899 1870 1875 1891 1872 1866 1857 1878 1893 1899 1875 1878 1847 1868 1892 1904

Tree=0
num_leaves=20
num_cat=0
split_feature=1 3 14 14 15 14 2 3 14 2 3 20 22 4 20 1 1 3 3
split_gain=15.0268 5.99609 3.92552 2.49857 3.36305 10.3153 3.74315 5.1454 3.67257 3.23871 5.15319 3.025 2.94468 2.77284 2.21265 2.17845 2.17319 2.11545 3.7004
threshold=7.3119629869728073e-05 1.1450000000000002 -0.20499999999999999 2.0750000000000006 2.0050000000000003 1.2625000000000004 0.00019967570176131056 1.4650000000000001 1.2350000000000001 0.00014215911979607716 1.425 -0.0037310984031524992 -4.8321142313678671e-05 5.9999999999999956 -0.0064315955683510997 0.00015761282325463415 3.5901650173269201e-05 1.5450000000000002 1.8250000000000004
decision_type=2 2 2 2 2 2 2 2 2 2 2 2 2 2 2 2 2 2 2
left_child=2 -2 -1 4 6 -6 8 12 9 10 15 -12 -8 -7 -10 -3 -4 -5 -19
right_child=1 3 16 17 5 13 7 -9 14 -11 11 -13 -14 -15 -16 -17 -18 18 -20
leaf_value=0.16417747406895666 0.14844743205214997 0.15283662193863087 0.14597112486260747 0.14393937883086144 0.18904519893668154 0.15614412810457623 0.17132033121181384 0.14691556930705191 0.16417747406895666 0.15398743475047699 0.15608223597371859 0.17441556930705193 0.15405842644990905 0.17524890264038526 0.14656246196241915 0.17002162991311254 0.14897031160653346 0.16031647020795281 0.14926150768240207
leaf_weight=35 544 114 1350 84 27 377 35 312 21 218 30 90 84 20 118 22 1093 111 238
leaf_count=35 544 114 1350 84 27 377 35 312 21 218 30 90 84 20 118 22 1093 111 238
internal_value=0.150262 0.153076 0.147551 0.154401 0.155385 0.15914 0.15386 0.15029 0.15637 0.158466 0.16228 0.169832 0.159135 0.157107 0.149224 0.155617 0.147313 0.151063 0.152778
internal_weight=0 2445 2478 1901 1468 424 1044 431 613 474 256 120 119 397 139 136 2443 433 349
internal_count=4923 2445 2478 1901 1468 424 1044 431 613 474 256 120 119 397 139 136 2443 433 349
is_linear=0
shrinkage=1


Tree=1
num_leaves=20
num_cat=0
split_feature=1 3 5 14 5 5 3 5 3 8 3 5 11 14 5 1 14 5 0
split_gain=13.5616 5.41147 5.57069 3.54279 2.64233 2.48088 2.04962 6.40195 4.32656 2.02353 1.89671 1.87425 1.77507 1.68373 2.24867 5.70632 4.68734 2.87282 2.95102
threshold=7.3119629869728073e-05 1.1450000000000002 3.6850000000000005 -0.20499999999999999 7.1550000000000011 2.5550000000000002 3.0950000000000002 9.9450000000000021 2.5250000000000004 1.5000000000000009 2.4750000000000005 8.0250000000000004 -10.00000000000003 2.0950000000000002 6.9350000000000014 0.00012829066726206004 1.7550000000000001 5.0650000000000004 0.00051712285860586768
decision_type=2 2 2 2 2 2 2 2 2 2 2 2 2 2 2 2 2 2 2
left_child=3 -2 -3 -1 5 -5 8 -8 10 -9 12 -6 -4 14 17 -16 -17 18 -14
right_child=1 2 6 4 11 -7 7 9 -10 -11 -12 -13 13 -15 15 16 -18 -19 -20
leaf_value=0.013219697560582841 -0.0017238426268758142 0.029541315918877011 0.012817964147703321 0.012605470061302186 0.02005898267030716 -0.0032286274170248669 0.034783682227134703 0.0021730604714580944 -0.0057032719254493719 0.017201059737375804 0.018106166273355484 0.0013127316534519197 0.0046305802980593095 0.00010627130262530337 0.017894544328252476 -0.0013222195292738352 0.011525154445602113 -0.00031567832589744034 0.02346022047779777
leaf_weight=35 544 21 51 25 20 2358 21 112 128 28 23 40 384 319 96 176 119 401 22
leaf_count=35 544 21 51 25 20 2358 21 112 128 28 23 40 384 319 96 176 119 401 22
internal_value=0 0.00267339 0.00393173 -0.0025753 -0.00280159 -0.00306251 0.00364566 0.00904018 0.00314042 0.00517866 0.00385192 0.00756148 0.00364283 0.00333437 0.00419394 0.00730603 0.00386028 0.0026861 0.00565091
internal_weight=0 2445 1901 2478 2443 2383 1880 161 1719 140 1591 60 1568 1517 1198 391 295 807 406
internal_count=4923 2445 1901 2478 2443 2383 1880 161 1719 140 1591 60 1568 1517 1198 391 295 807 406
is_linear=0
shrinkage=0.05


Tree=2
num_leaves=20
num_cat=0
split_feature=1 3 5 14 18 5 3 3 5 3 15 14 5 14 15 5 3 2 14
split_gain=12.2394 4.92563 7.05139 3.22249 2.49532 2.41524 2.19849 1.78916 5.42564 3.71098 2.07889 1.69581 1.69151 1.47456 2.89229 6.51462 4.68603 3.70564 3.15577
threshold=7.3119629869728073e-05 1.0650000000000002 3.6450000000000005 -0.13499999999999998 0.2188821236353358 7.1550000000000011 1.1450000000000002 3.0950000000000002 9.9450000000000021 2.5250000000000004 3.4550000000000005 1.8750000000000002 8.0250000000000004 2.0750000000000006 1.655 4.3650000000000011 2.1950000000000007 0.00019431273379102616 1.2350000000000001
decision_type=2 2 2 2 2 2 2 2 2 2 2 2 2 2 2 2 2 2 2
left_child=3 -2 -3 -1 6 -5 -4 9 -9 13 11 -10 -7 14 17 -16 -17 18 -8
right_child=1 2 4 5 -6 12 7 8 10 -11 -12 -13 -14 -15 15 16 -18 -19 -20
leaf_value=0.0093044724511472804 -0.0021599676361561872 0.025235238912943249 -0.0058655909098246526 -0.0029749552860117625 0.016628999263048172 0.019056033194065097 0.007197380286469982 0.032721805460751062 0.011326117979155647 -0.0054051752810872454 0.019740422293543818 -0.0017163075046774782 0.0012470950186252595 0.00055068675815528507 0.034235430068590422 0.003386610366354053 0.017152715885104277 -0.0011223130491939751 -0.0050075421323541739
leaf_weight=57 454 37 68 2361 34 20 402 20 36 127 20 81 40 337 22 298 78 370 61
leaf_count=57 454 37 68 2361 34 20 402 20 36 127 20 81 40 337 22 298 78 370 61
internal_value=0 0.00253972 0.00361138 -0.00244653 0.00320192 -0.0027232 0.00296415 0.00328835 0.00839467 0.00281537 0.00484327 0.00229675 0.00718341 0.00348119 0.00428345 0.0077897 0.00624235 0.0026082 0.00558939
internal_weight=0 2445 1991 2478 1954 2421 1920 1852 157 1695 137 117 60 1568 1231 398 376 833 463
internal_count=4923 2445 1991 2478 1954 2421 1920 1852 157 1695 137 117 60 1568 1231 398 376 833 463
is_linear=0
shrinkage=0.05


Tree=3
num_leaves=20
num_cat=0
split_feature=1 3 5 14 18 5 5 3 3 5 3 15 14 5 16 14 15 14 3
split_gain=11.046 4.44538 6.36388 2.95187 2.25202 2.15529 2.22393 1.98414 1.61471 4.89664 3.34916 1.8762 1.53047 1.52659 1.40041 1.50264 2.87598 4.5737 2.98885
threshold=7.3119629869728073e-05 1.0650000000000002 3.6450000000000005 -0.20499999999999999 0.2188821236353358 2.5550000000000002 7.1550000000000011 1.1450000000000002 3.0950000000000002 9.9450000000000021 2.5250000000000004 3.4550000000000005 1.8750000000000002 8.0250000000000004 11.99999999999998 2.0750000000000006 2.0050000000000003 1.2950000000000002 2.1950000000000007
decision_type=2 2 2 2 2 2 2 2 2 2 2 2 2 2 2 2 2 2 2
left_child=3 -2 -3 -1 7 -5 -7 -4 10 -10 14 12 -11 -8 15 16 -9 -18 -19
right_child=1 2 4 5 -6 6 13 8 9 11 -12 -13 -14 -15 -16 -17 17 18 -20
leaf_value=0.012093489084924971 -0.0020519693123611585 0.023973476967296084 -0.0055723114925272325 0.012074826747179031 0.015797549376592918 -0.0029236560689002607 0.018103231750428678 0.0031871239226271214 0.031085714660584931 0.010759812945293056 -0.0051349166164717346 0.018753400184214116 -0.0016304918829305672 0.0011847402341663839 -0.0032682024716556846 0.00058591757441246067 0.030482163247854816 0.0039350565094714877 0.017596598213108685
leaf_weight=35 454 37 68 25 34 2358 20 926 20 36 127 20 81 40 77 316 23 174 52
leaf_count=35 454 37 68 25 34 2358 20 926 20 36 127 20 81 40 77 316 23 174 52
internal_value=0 0.00241274 0.00343081 -0.00232421 0.00304182 -0.00253076 -0.00268177 0.00281594 0.00312393 0.00797494 0.0026746 0.00460111 0.00218191 0.00682424 0.00330714 0.00364671 0.00446986 0.00924021 0.00707842
internal_weight=0 2445 1991 2478 1954 2443 2418 1920 1852 157 1695 137 117 60 1568 1491 1175 249 226
internal_count=4923 2445 1991 2478 1954 2443 2418 1920 1852 157 1695 137 117 60 1568 1491 1175 249 226
is_linear=0
shrinkage=0.05


Tree=4
num_leaves=20
num_cat=0
split_feature=1 3 14 18 1 3 15 2 14 1 14 15 3 2 4 14 3 3 3
split_gain=9.96906 4.01196 2.67486 2.21536 1.9363 1.80772 2.28975 3.58814 1.75962 2.93116 2.92209 6.16115 2.73487 3.27762 2.31564 2.20838 2.20827 2.24214 2.46473
threshold=7.3119629869728073e-05 1.0650000000000002 -0.13499999999999998 0.2188821236353358 3.5901650173269201e-05 1.4950000000000003 2.9650000000000003 4.5640368918896974e-05 2.0750000000000006 0.00012348833889095791 1.2350000000000001 1.6950000000000001 1.405 8.3147145583097398e-05 7.0000000000000187 1.405 1.4850000000000001 1.8250000000000004 1.675
decision_type=2 2 2 2 2 2 2 2 2 2 2 2 2 2 2 2 2 2 2
left_child=2 -2 -1 8 -4 -6 -7 -8 9 10 11 12 -3 -14 -11 -12 -10 18 -18
right_child=1 3 4 -5 5 6 7 -9 16 14 15 -13 13 -15 -16 -17 17 -19 -20
leaf_value=0.008498066088609528 -0.0019493711693827802 0.0019943519848064314 -0.0037386204157997902 0.015727549259151732 -0.0020946693269372429 -0.00034325651899732727 0.028007847219705586 0.0036521432140181145 -0.0071422935077329955 0.0021215876784546066 -0.0053103543072938924 0.031379187898710373 0.031099738570905866 0.0091392946544657933 0.01722417101264 0.0065053362013964824 0.0011446364016996491 -0.00097346933870356479 0.015130824915000372
leaf_weight=57 454 103 1332 35 809 198 20 62 82 1066 60 32 21 89 26 116 72 233 56
leaf_count=57 454 103 1332 35 809 198 20 62 82 1066 60 32 21 89 26 116 72 233 56
internal_value=0 0.0022921 -0.002208 0.00325927 -0.00246006 -0.000896201 0.00256652 0.00959256 0.00303616 0.00384764 0.00739202 0.0109226 0.00784934 0.0133317 0.00248117 0.00247726 0.000264681 0.00194715 0.00726359
internal_weight=0 2445 2478 1991 2421 1089 280 82 1956 1513 421 245 213 110 1092 176 443 361 128
internal_count=4923 2445 2478 1991 2421 1089 280 82 1956 1513 421 245 213 110 1092 176 443 361 128
is_linear=0
shrinkage=0.05


Tree=5
num_leaves=20
num_cat=0
split_feature=5 3 14 2 2 3 14 13 1 22 10 3 18 3 14 5 5 14 16
split_gain=9.1865 4.03961 3.35808 3.18414 2.29916 4.27991 4.48358 2.77522 3.07435 2.56465 2.36604 2.23456 2.11718 2.30439 3.20393 2.43976 2.72343 1.9641 1.93364
threshold=6.3650000000000011 0.56500000000000006 2.0950000000000002 0.00012393654908096307 0.00069406867351463257 3.1350000000000002 1.8650000000000004 -1.8333333333333088 0.00048762204348006986 0.00086279966167446276 9.9999999999999769 0.81500000000000006 0.14368172505351753 1.5150000000000003 0.62500000000000011 5.0650000000000004 5.6850000000000014 1.0150000000000003 7.9999999999999742
decision_type=2 2 2 2 2 2 2 2 2 2 2 2 2 2 2 2 2 2 2
left_child=1 -1 4 -3 5 7 -7 -2 9 10 -9 -5 13 14 15 18 -17 -15 -13
right_child=2 3 -4 11 -6 6 -8 8 -10 -11 -12 12 -14 17 -16 16 -18 -19 -20
leaf_value=0.018725464969873429 -0.002792343410088661 -0.002196563322354851 -0.00053394228265977203 -0.0070242058899667534 -0.0030763376504182819 0.030160000382198227 0.0010890785782110123 0.00892890734165965 -0.0081747239565148067 -0.0054377472682579147 -0.0062568677796257868 0.0091221489567382668 0.015217263475060465 -0.0053125192032706355 -0.0069134408890297915 -0.0036825101822614672 0.012941866584362522 0.0097900833785533915 -0.0029679480547967711
leaf_weight=25 94 2948 324 72 72 36 21 513 34 37 27 255 30 155 66 120 31 25 38
leaf_count=25 94 2948 324 72 72 36 21 513 34 37 27 255 30 155 66 120 31 25 38
internal_value=0 -0.00130647 0.00378594 -0.00144038 0.00546416 0.00627114 0.0194497 0.00520564 0.0064361 0.00729705 0.00816962 0.00137432 0.00221417 0.00164882 0.00336544 0.00489338 -0.000269559 -0.00321494 0.00755415
internal_weight=0 3765 1158 3740 834 762 57 705 611 577 540 792 720 690 510 444 151 180 293
internal_count=4923 3765 1158 3740 834 762 57 705 611 577 540 792 720 690 510 444 151 180 293
is_linear=0
shrinkage=0.05


Tree=6
num_leaves=20
num_cat=0
split_feature=5 3 1 14 3 2 3 14 3 5 14 15 2 3 15 15 5 3 3
split_gain=8.32992 3.58479 3.02311 2.94463 2.66554 2.52125 3.33067 4.04643 3.82262 2.46704 2.23663 5.1088 3.50356 2.93215 3.24524 3.50407 3.26523 2.50403 2.4675
threshold=6.9750000000000005 0.56500000000000006 3.5901650173269201e-05 2.0950000000000002 0.76500000000000012 0.00069406867351463257 3.1350000000000002 1.8650000000000004 2.4450000000000007 2.6250000000000004 0.62500000000000011 1.6250000000000002 0.00022520425748149455 1.425 0.76500000000000012 1.655 5.4025000000000007 1.6650000000000003 0.87500000000000011
decision_type=2 2 2 2 2 2 2 2 2 2 2 2 2 2 2 2 2 2 2
left_child=1 -1 9 5 -4 6 8 -8 -2 -3 11 18 -13 -12 -15 -16 -17 -18 -6
right_child=3 2 4 -5 10 -7 7 -9 -10 -11 13 12 -14 14 15 16 17 -19 -20
leaf_value=0.017789191871881486 0.0077836322564293044 0.013857168349481764 -0.0042782107410444456 -0.00049851939204286356 0.013605780956836847 -0.0029225207451317047 0.028651999992628893 0.0010346243778864542 -0.0030024092238728362 -0.0034168593296093155 -0.0035873210563325967 0.031300269967565936 0.0056698626528183622 0.021111119426786902 -0.0066895600032898812 -0.0025386964242594939 0.015238128628647119 0.0036074314266443253 0.00077824049883268103
leaf_weight=25 440 21 352 244 39 72 36 21 101 1313 593 24 30 20 129 192 57 246 968
leaf_count=25 440 21 352 244 39 72 36 21 101 1313 593 24 30 20 129 192 57 246 968
internal_value=0 -0.00108524 -0.00120368 0.00420426 -0.000226455 0.00591691 0.00698119 0.0184772 0.00576997 -0.00314493 0.000394179 0.00207848 0.0170612 -0.00105048 0.00128547 0.00065003 0.00256277 0.00579538 0.00127504
internal_weight=0 4009 3984 914 2650 670 598 57 541 1334 2298 1061 54 1237 644 624 495 303 1007
internal_count=4923 4009 3984 914 2650 670 598 57 541 1334 2298 1061 54 1237 644 624 495 303 1007
is_linear=0
shrinkage=0.05


Tree=7
num_leaves=20
num_cat=0
split_feature=5 3 2 15 14 2 14 1 15 2 18 17 15 6 14 5 3 17 3
split_gain=7.52151 3.22841 2.9822 3.04997 4.19015 3.54587 2.69468 2.8954 2.839 4.24071 2.23567 2.55367 2.17616 1.95934 1.90868 1.73645 2.87629 1.6748 1.57117
threshold=7.0550000000000006 0.56500000000000006 0.00012393654908096307 1.6250000000000002 1.405 0.00022520425748149455 2.0950000000000002 0.00012829066726206004 2.9150000000000005 0.00017303006931530977 0.043368608943903271 3.0000000000000022 3.5450000000000004 -5.0000000000000036 -0.11499999999999998 3.5450000000000004 1.0250000000000001 -2.249999999999996 1.5150000000000003
decision_type=2 2 2 2 2 2 2 2 2 2 2 2 2 2 2 2 2 2 2
left_child=1 -1 14 15 5 -5 7 10 -9 -10 11 13 -8 -2 -3 -4 -17 -6 -18
right_child=6 2 3 4 17 -7 12 8 9 -11 -12 -13 -14 -15 -16 16 18 -19 -20
leaf_value=0.016899732619524002 0.0041860237717628477 0.0049629484312702921 -0.0060347654498540439 0.029313559248112145 0.012117178275667389 0.0053863694518804552 -0.0019755820191844748 0.0023388757482699471 0.0027225383371114733 0.027834730646733582 -0.0023198711685836317 -0.00084767704424650774 0.014884230565457119 0.02090756514564503 -0.0020934565775419921 0.016046475569407147 0.0018577608033874126 -0.0017184323892834481 -0.0036855284837100026
leaf_weight=25 22 99 104 32 29 30 216 423 40 29 24 23 21 86 2994 30 424 89 183
leaf_count=25 22 99 104 32 29 30 216 423 40 29 24 23 21 86 2994 30 424 89 183
internal_value=0 -0.00101235 -0.00112391 0.00137362 0.00721157 0.0177359 0.00407949 0.00575027 0.00387287 0.0132769 0.0117095 0.0142797 -0.000481675 0.0175013 -0.0018676 -4.45108e-05 0.00093349 0.00168184 0.000186555
internal_weight=0 4039 4014 921 180 62 884 647 492 69 155 131 237 108 3093 741 637 118 607
internal_count=4923 4039 4014 921 180 62 884 647 492 69 155 131 237 108 3093 741 637 118 607
is_linear=0
shrinkage=0.05


Tree=8
num_leaves=20
num_cat=0
split_feature=5 3 15 15 14 22 2 2 14 5 5 15 2 15 2 17 15 21 3
split_gain=6.90839 3.08488 2.75919 4.09459 3.09324 2.52714 3.46683 2.09309 2.97926 3.89972 4.15081 3.07678 3.29592 2.45679 2.76845 2.02519 1.89121 1.80371 1.77343
threshold=5.455000000000001 0.56500000000000006 0.23500000000000001 1.6450000000000002 2.0950000000000002 -3.6243483724995855e-05 8.0558308584373288e-05 6.5815682046914626e-05 0.62500000000000011 3.2050000000000005 5.0650000000000004 -0.034999999999999996 7.1385170401524429e-05 1.6250000000000002 0.00022520425748149455 -2.249999999999996 3.5550000000000002 0.0039829120595955567 5.5500000000000007
decision_type=2 2 2 2 2 2 2 2 2 2 2 2 2 2 2 2 2 2 2
left_child=1 -1 5 -4 18 -2 -7 -3 9 -9 11 -11 -13 -14 -15 -8 -6 -18 -5
right_child=2 7 3 4 16 6 15 8 -10 10 -12 12 13 14 -16 -17 17 -19 -20
leaf_value=0.016054745703935624 0.022870926186442375 -0.0026283469673300587 -0.0025940459489745774 0.0062013232800812012 -0.0011428015600187219 0.023769062789885897 0.01636647487228567 -0.0040152972446212288 -0.0037420236559204409 -0.0027999267503619196 -0.0053258346706892539 0.024523734778165818 0.0045000145801019908 0.028531303443014622 0.0055739645043323786 -0.00037459003748279991 0.002036067442252086 0.020211616761627652 -0.0039704230006622236
leaf_weight=25 26 1916 389 626 387 23 22 237 382 100 113 25 392 24 29 101 39 21 46
leaf_count=25 26 1916 389 626 387 23 22 237 382 100 113 25 392 24 29 101 39 21 46
internal_value=0 -0.00144124 0.0025092 0.00182486 0.00336101 0.00850908 0.00595149 -0.00157716 -3.02574e-05 0.00151093 0.00342853 0.00516404 0.0068585 0.00586607 0.0159697 0.00261975 0.000137777 0.00839751 0.00550504
internal_weight=0 3243 1680 1508 1119 172 146 3218 1302 920 683 570 470 445 53 123 447 60 672
internal_count=4923 3243 1680 1508 1119 172 146 3218 1302 920 683 570 470 445 53 123 447 60 672
is_linear=0
shrinkage=0.05


Tree=9
num_leaves=20
num_cat=0
split_feature=5 1 3 14 1 15 2 5 3 18 15 11 6 4 14 15 3 2 3
split_gain=6.28163 2.78443 2.34829 2.25151 2.55456 2.489 3.84414 2.18754 2.15438 2.04383 1.85595 1.80355 1.60318 1.50367 1.42101 4.65424 3.46744 2.38572 2.05058
threshold=7.0550000000000006 3.5901650173269201e-05 0.56500000000000006 2.0950000000000002 0.00012712800746581592 2.9150000000000005 0.00017303006931530977 2.6250000000000004 0.77500000000000013 0.043368608943903271 3.5450000000000004 -9.0000000000000515 -5.0000000000000036 2.9999999999999862 0.77500000000000013 1.6250000000000002 0.87500000000000011 0.00023457935563335288 1.6150000000000004
decision_type=2 2 2 2 2 2 2 2 2 2 2 2 2 2 2 2 2 2 2
left_child=1 7 -3 4 9 -6 -7 -1 -4 12 -5 13 -2 -10 15 16 -13 -17 -16
right_child=3 2 8 10 5 6 -8 -9 11 -11 -12 14 -14 -15 18 17 -18 -19 -20
leaf_value=0.013218892330215091 0.0020785844624042512 0.015252009183168411 -0.0037305527382134073 -0.0018196630119173614 0.0020885480156806711 0.0022763450257480148 0.02618554085493088 -0.0030470464525907213 0.0036639400434737308 -0.002463548444211483 0.013750428067786353 0.016639570417729291 0.016193488052169098 0.019932832047343255 -0.0025833838551447092 0.023768217905479321 0.00016701643045370157 0.0031786044749120869 0.0018445009468123317
leaf_weight=21 25 25 362 216 426 40 29 1315 49 24 21 33 103 20 755 34 1001 24 400
leaf_count=21 25 25 362 216 426 40 29 1315 49 24 21 33 103 20 755 34 1001 24 400
internal_value=0 -0.00092404 -1.08376e-06 0.00372923 0.00525645 0.00351547 0.0123251 -0.00279137 -0.000143476 0.0109261 -0.000440035 0.000417198 0.0134367 0.00837956 0.000172693 0.00146584 0.000692736 0.0152484 -0.00104992
internal_weight=0 4039 2703 884 647 495 69 1336 2678 152 237 2316 128 69 2247 1092 1034 58 1155
internal_count=4923 4039 2703 884 647 495 69 1336 2678 152 237 2316 128 69 2247 1092 1034 58 1155
is_linear=0
shrinkage=0.05


Tree=10
num_leaves=20
num_cat=0
split_feature=1 3 4 20 7 3 0 4 3 11 2 2 3 22 14 14 2 3 19
split_gain=6.23536 2.33478 1.7386 1.86882 1.79058 1.60652 1.9037 2.07808 1.77652 1.57975 1.84985 1.42096 2.63534 1.37369 1.82961 3.02862 2.66036 2.1375 2.04982
threshold=6.5550421819952293e-05 0.77500000000000013 -0.99999999999998412 0.012261357751584658 -0.0039119823917927446 1.6150000000000004 2.7709727402070156e-05 -1.0000000180025095e-35 1.7950000000000002 -10.00000000000003 0.00032410538890872992 8.7326476801528771e-05 0.59500000000000008 -8.4117933491223415e-05 1.2350000000000001 0.15500000000000003 0.00015834461908906518 1.4750000000000003 0.0003306483528257021
decision_type=2 2 2 2 2 2 2 2 2 2 2 2 2 2 2 2 2 2 2
left_child=5 11 -3 9 -5 -1 -7 -8 -9 10 -4 12 -2 14 15 -11 17 18 -17
right_child=1 2 3 4 -6 6 7 8 -10 13 -12 -13 -14 -15 -16 16 -18 -19 -20
leaf_value=-0.0023065382907394099 0.015733358770608902 0.00021741099397685335 0.017045386935152659 0.0014188359491527081 0.021006991235273227 -0.0037008169278198362 -0.00033527963123349257 0.01680878579464494 0.0016618692665360869 -0.0011686029575638851 0.0010043383575975896 -0.0060539645334220914 -0.0032894629151073856 0.0015329303104254358 0.0017891172087854811 0.019587337225675586 0.0040731477454818525 0.028163479128852489 -0.00081781243905425065
leaf_weight=2043 25 751 41 20 28 98 86 49 32 59 32 146 67 1079 225 32 58 32 20
leaf_count=2043 25 751 41 20 28 98 86 49 32 59 32 146 67 1079 225 32 58 32 20
internal_value=0 0.0017344 0.00220715 0.00312615 0.0128453 -0.00183144 0.00183131 0.0050777 0.0108248 0.00283051 0.0100137 -0.00298714 0.00187978 0.00248209 0.00488619 0.00835306 0.0123092 0.0179961 0.0117392
internal_weight=0 2615 2377 1626 48 2308 265 167 81 1578 73 238 92 1505 426 201 142 84 52
internal_count=4923 2615 2377 1626 48 2308 265 167 81 1578 73 238 92 1505 426 201 142 84 52
is_linear=0
shrinkage=0.05


Tree=11
num_leaves=20
num_cat=0
split_feature=1 3 5 14 5 3 5 3 8 15 5 3 11 1 8 17 0 17 5
split_gain=5.6559 2.5287 3.25903 1.79197 1.43124 1.26414 3.53828 3.11136 1.59105 1.46626 1.37741 1.43469 1.43016 1.22264 1.37281 2.09807 1.21952 1.18742 1.89783
threshold=7.3119629869728073e-05 1.1450000000000002 3.6850000000000005 -0.20499999999999999 2.5950000000000002 3.0950000000000002 9.9450000000000021 2.5250000000000004 1.5000000000000009 3.3250000000000006 9.9450000000000021 2.4250000000000003 -13.000000000000009 0.00011756323158682327 1.0000000000000007 -1.0000000180025095e-35 0.00011478823211916825 2.5000000000000013 9.0250000000000004
decision_type=2 2 2 2 2 2 2 2 2 2 2 2 2 2 2 2 2 2 2
left_child=3 13 -3 -1 -5 7 -7 10 9 -8 11 12 -4 14 -2 -16 -6 18 -14
right_child=1 2 5 4 16 6 8 -9 -10 -11 -12 -13 17 -15 15 -17 -18 -19 -20
leaf_value=0.009513441015779972 -0.001102150950452377 0.021991814441978931 0.015411404214799404 0.0083180592662709611 -0.0020301006647974493 0.025524276440697057 -0.002095444112840821 -0.0054344344579149041 0.014288996678377901 0.01114578511317571 -0.0077444998999276473 0.013513094361126424 0.0027203559874150658 -0.0036534550740833292 0.017472694419989627 0.00054885416038334375 0.0083609322748546093 -0.00016092287798069027 0.012307490030127877
leaf_weight=35 203 21 21 34 2381 21 85 128 28 27 31 30 1114 263 28 50 28 342 53
leaf_count=35 203 21 21 34 2381 21 85 128 28 27 31 30 1114 263 28 50 28 342 53
internal_value=0 0.00174802 0.0025996 -0.00160766 -0.00176699 0.00238298 0.00657717 0.00199016 0.00373511 0.00109664 0.00258749 0.0027928 0.0025826 -0.00122779 0.0010425 0.00662408 -0.00190932 0.00240407 0.00315576
internal_weight=0 2445 1901 2478 2443 1880 161 1719 140 112 1591 1560 1530 544 281 78 2409 1509 1167
internal_count=4923 2445 1901 2478 2443 1880 161 1719 140 112 1591 1560 1530 544 281 78 2409 1509 1167
is_linear=0
shrinkage=0.0495


Tree=12
num_leaves=20
num_cat=0
split_feature=1 3 15 15 1 15 2 4 13 3 2 22 1 2 14 15 3 2 2
split_gain=5.20686 2.86263 2.37532 2.33617 3.76789 2.726 2.27951 2.24282 2.04692 1.78193 1.74388 1.66768 1.97419 1.52652 1.42524 4.62528 2.98882 1.40688 1.82829
threshold=3.5901650173269201e-05 1.3650000000000004 3.5850000000000004 0.25500000000000006 0.00032148717581161789 -0.034999999999999996 7.8296218995430796e-05 -0.99999999999998412 -5.9999999999999938 1.8450000000000004 0.00021139250230451601 -0.0018034813772382916 0.00011623037279836935 0.00013558955562260921 0.90500000000000014 1.6150000000000004 0.92500000000000016 6.0337582335195387e-05 7.4478105858077933e-05
decision_type=2 2 2 2 2 2 2 2 2 2 2 2 2 2 2 2 2 2 2
left_child=-1 8 3 4 5 6 -3 -5 -2 -4 -8 12 -9 -7 15 17 -17 -10 -19
right_child=1 2 9 7 -6 13 10 11 14 -11 -12 -13 -14 -15 -16 16 -18 18 -20
leaf_value=-0.0025293909218253785 0.013732338285902515 0.019620630612887442 0.023912723703331182 -0.001113499327183733 -0.0068597364341039212 0.024984042245512827 -0.0055857157649472355 0.022740705655009619 -0.0035139848621546159 0.003955560355335474 0.0082913715192883524 0.0022389561200817495 0.0041857462519370022 0.010917163726799189 -0.0030552090968452056 0.0011764920834079384 0.023015535354059848 0.0062969597049077255 -0.00041286010258365422
leaf_weight=1356 24 20 21 557 40 32 44 21 280 22 43 1051 40 44 442 27 34 113 712
leaf_count=1356 24 20 21 557 40 32 44 21 280 22 43 1051 40 44 442 27 34 113 712
internal_value=0 0.00103809 0.00231304 0.00205419 0.00676514 0.00974325 0.00470252 0.00142475 -0.000473559 0.0137021 0.00127307 0.00269616 0.0105735 0.0168401 -0.000685587 0.000212674 0.0133491 -0.000512503 0.000506182
internal_weight=0 3567 1935 1892 223 183 107 1669 1632 43 87 1112 61 76 1608 1166 61 1105 825
internal_count=4923 3567 1935 1892 223 183 107 1669 1632 43 87 1112 61 76 1608 1166 61 1105 825
is_linear=0
shrinkage=0.049005


Tree=13
num_leaves=20
num_cat=0
split_feature=0 15 3 2 3 5 4 20 15 14 5 1 1 5 3 14 3 0 20
split_gain=4.81869 2.51038 2.25744 2.95068 1.90719 2.72933 1.52101 1.70874 1.47324 1.42988 1.3882 1.32755 1.50978 1.28276 2.52459 1.23395 1.29408 1.42473 1.19067
threshold=6.3482571908338598e-05 3.3950000000000005 1.8250000000000004 0.00020755779600017919 1.0750000000000004 3.6650000000000005 -0.99999999999998412 0.013368093330861976 0.44500000000000006 -0.24499999999999997 2.5550000000000002 4.479008177089476e-05 5.7091798874095639e-05 4.5750000000000011 1.3550000000000002 -0.024999999999999998 0.77500000000000013 0.00010774854991289812 0.0015929654399802209
decision_type=2 2 2 2 2 2 2 2 2 2 2 2 2 2 2 2 2 2 2
left_child=9 4 18 -4 8 -6 13 11 15 -1 -11 -8 -13 14 -7 -2 -17 -18 -3
right_child=1 2 3 -5 5 6 7 -9 -10 10 -12 12 -14 -15 -16 16 17 -19 -20
leaf_value=0.0082765138788688606 -0.0064388508492361756 0.020813268254836835 -0.0075021682804841221 0.013765211684696963 0.014470445089673604 -0.002957825325597273 0.013614344400326628 0.013851753925868618 -0.0028657519681860731 0.010532002703922986 -0.0017102286509903418 -0.0068354460272849644 0.0024238108529990262 -0.0013452649767608214 0.014751284156725834 -0.003441989496085234 0.0014162396250846797 0.01695143711269945 0.006049419534294438
leaf_weight=35 22 36 34 28 40 40 24 31 382 22 2414 43 1149 488 36 22 24 33 20
leaf_count=35 22 36 34 28 40 40 24 31 382 22 2414 43 1149 488 36 22 24 33 20
internal_value=0 0.00157592 0.00847982 0.00210245 0.00122688 0.0019353 0.00165844 0.002604 -0.00148801 -0.00145978 -0.00159967 0.00231725 0.00208979 -0.000432192 0.0054307 0.00372286 0.0065527 0.0104103 0.0155405
internal_weight=0 2452 118 62 2334 1851 1811 1247 483 2471 2436 1216 1192 564 76 101 79 57 56
internal_count=4923 2452 118 62 2334 1851 1811 1247 483 2471 2436 1216 1192 564 76 101 79 57 56
is_linear=0
shrinkage=0.048515


Tree=14
num_leaves=20
num_cat=0
split_feature=1 3 5 1 15 4 15 13 2 20 21 5 1 14 15 8 16 22 16
split_gain=4.41279 2.46232 3.37512 2.74381 2.29216 2.12409 1.971 1.83291 1.80065 1.61659 1.61521 1.40253 1.74572 4.15374 3.69611 2.78743 1.63518 2.79445 2.43494
threshold=3.5901650173269201e-05 1.3650000000000004 4.5050000000000008 0.00017482005827793791 3.5850000000000004 -0.99999999999998412 0.65500000000000014 -5.9999999999999938 0.00012909050375636223 0.013368093330861976 -0.0017601742496120008 5.4025000000000007 0.00017985717731143895 1.8425000000000002 1.9450000000000001 -4.9999999999999902 0.999999999999999 0.00014728166403754631 -6.2499999999999991
decision_type=2 2 2 2 2 2 2 2 2 2 2 2 2 2 2 2 2 2 2
left_child=-1 7 3 6 5 -4 8 -2 -3 11 -6 -7 13 15 -14 -13 18 -18 -17
right_child=1 2 4 -5 10 9 -8 -9 -10 -11 -12 12 14 -15 -16 16 17 -19 -20
leaf_value=-0.0022830613856226153 0.012736954371909703 0.021274347981828597 -0.00098943051772980187 0.021039214671030402 0.0025973197683155768 -0.0010518571419836239 -0.0066472749005877275 -0.00063493695192809788 0.0013619571990944445 0.016064748673281302 0.021260301606222699 0.024196082828180712 -0.0050862228029878876 -0.0009064714952771349 0.0042841016593406491 0.015876357468785792 0.016595671667803961 -0.0022338767760949701 0.0023911598249787224
leaf_weight=1356 24 20 594 37 20 232 23 1608 22 20 23 23 155 183 260 37 75 24 187
leaf_count=1356 24 20 594 37 20 232 23 1608 22 20 23 23 155 183 260 37 75 24 187
internal_value=0 0.000935789 0.0020947 0.0105982 0.00162152 0.00135827 0.00465481 -0.000438291 0.010844 0.00252427 0.0125798 0.00229399 0.00311627 0.00494567 0.000784342 0.00804088 0.00689051 0.0120309 0.00461863
internal_weight=0 3567 1935 102 1833 1790 65 1632 42 1196 43 1176 944 529 415 346 323 99 224
internal_count=4923 3567 1935 102 1833 1790 65 1632 42 1196 43 1176 944 529 415 346 323 99 224
is_linear=0
shrinkage=0.0480298


Tree=15
num_leaves=20
num_cat=0
split_feature=5 3 15 5 14 14 3 3 3 3 3 3 5 14 20 3 3 14 2
split_gain=4.34869 2.2016 2.0275 3.85305 2.59362 2.31242 1.87702 5.36115 3.43372 2.04954 3.52769 2.72722 1.86625 3.08928 1.77569 1.76019 2.85155 5.756 1.76945
threshold=7.0850000000000009 0.56500000000000006 0.28500000000000009 8.0250000000000004 1.0950000000000004 2.0950000000000002 5.5500000000000007 3.1350000000000002 2.4450000000000007 2.1950000000000007 2.2950000000000004 1.7050000000000003 7.2750000000000012 1.9550000000000003 -0.00017707066704547578 0.76500000000000012 0.87500000000000011 0.17500000000000002 0.00012393654908096307
decision_type=2 2 2 2 2 2 2 2 2 2 2 2 2 2 2 2 2 2 2
left_child=1 -1 3 -2 -4 6 7 8 9 11 -11 -6 -13 -14 -12 -3 17 -17 -18
right_child=2 15 4 -5 5 -7 -8 -9 -10 10 14 12 13 -15 -16 16 18 -19 -20
leaf_value=0.013325301935997614 0.021516505103771885 -0.0032403731844893452 -0.0061877397018879491 -0.0011600123913846833 0.010657003463753634 -0.00071557644270610907 -0.0041380584545318826 0.021324125057994157 -0.0037114359702350506 0.025752455342457195 0.013938072299530846 0.010621076384427443 -0.0071430880658418724 0.012226579537012812 -0.0051860982269735043 0.019358969246375302 -0.0013400329299458277 -0.00114767060380459 0.0011766279607207575
leaf_weight=25 36 585 74 32 94 236 46 46 95 31 23 30 83 24 21 49 2459 84 850
leaf_count=25 36 585 74 32 94 236 46 46 95 31 23 30 83 24 21 49 2459 84 850
internal_value=0 -0.000741685 0.00296168 0.0108452 0.00229408 0.00315507 0.00500795 0.00594915 0.00418544 0.00663708 0.0134666 0.00441971 0.000140101 -0.00279849 0.00481063 -0.000829014 -0.000419181 0.00640741 -0.000693565
internal_weight=0 4052 871 68 803 729 493 447 401 306 75 231 137 107 44 4027 3442 133 3309
internal_count=4923 4052 871 68 803 729 493 447 401 306 75 231 137 107 44 4027 3442 133 3309
is_linear=0
shrinkage=0.0475495


Tree=16
num_leaves=20
num_cat=0
split_feature=5 3 15 5 14 14 3 3 3 3 3 3 2 15 20 3 3 15 2
split_gain=3.94497 1.99721 1.83927 3.49534 2.35283 2.09774 1.70276 4.86343 3.11494 1.85927 3.20019 2.47403 1.71851 3.26798 1.61084 1.60876 2.90484 6.3866 1.60518
threshold=7.0850000000000009 0.56500000000000006 0.28500000000000009 8.0250000000000004 1.0950000000000004 2.0950000000000002 5.5500000000000007 3.1350000000000002 2.4450000000000007 2.1950000000000007 2.2950000000000004 1.7050000000000003 0.00017303006931530977 2.4350000000000005 -0.00017707066704547578 0.77500000000000013 0.87500000000000011 0.40500000000000008 0.00012393654908096307
decision_type=2 2 2 2 2 2 2 2 2 2 2 2 2 2 2 2 2 2 2
left_child=1 -1 3 -2 -4 6 7 8 9 11 -11 -6 -13 -14 -12 -3 17 -17 -18
right_child=2 15 4 -5 5 -7 -8 -9 -10 10 14 12 13 -15 -16 16 18 -19 -20
leaf_value=0.012564773438289165 0.020288471828093815 -0.0030413999620034428 -0.0058345805807431868 -0.0010938061345329634 0.010048765577656623 -0.00067473559546821194 -0.0039018828676744299 0.020107071940500276 -0.0034996094416498516 0.02428265953017366 0.013142570674145808 -0.0039279538388290527 -0.0029912756263704618 0.021220986693784191 -0.0048901067636704307 0.021609832306906059 -0.0012635519105968708 -0.0010106196359153257 0.0011094731342658451
leaf_weight=25 36 595 74 32 94 236 46 46 95 31 23 86 30 21 21 42 2459 81 850
leaf_count=25 36 595 74 32 94 236 46 46 95 31 23 86 30 21 21 42 2459 81 850
internal_value=0 -0.000699354 0.00279265 0.0102262 0.00216315 0.00297499 0.00472212 0.00560961 0.00394656 0.00625827 0.012698 0.00416746 0.000132105 0.00697848 0.00453607 -0.000781699 -0.000389939 0.00671344 -0.000653981
internal_weight=0 4052 871 68 803 729 493 447 401 306 75 231 137 51 44 4027 3432 123 3309
internal_count=4923 4052 871 68 803 729 493 447 401 306 75 231 137 51 44 4027 3432 123 3309
is_linear=0
shrinkage=0.047074


Tree=17
num_leaves=20
num_cat=0
split_feature=3 3 15 2 15 15 2 14 17 0 21 22 21 8 14 11 15 2 3
split_gain=3.23457 1.97285 1.89044 3.02281 2.11691 2.04582 4.36533 3.97649 1.93223 1.78551 1.78179 1.50553 1.38893 1.5626 1.21062 1.43139 1.08909 2.02175 2.07279
threshold=1.3450000000000004 0.56500000000000006 0.23500000000000001 0.00031628170679248859 1.6450000000000002 0.76500000000000012 0.00013558955562260921 0.57500000000000007 1.999999999999998 2.924572156406332e-05 -0.0028085544420036186 0.0020317785530049597 0.0084874908520562471 0.999999999999999 1.2350000000000001 -2.4166666666666443 3.3450000000000002 0.00020477772997301913 1.8250000000000004
decision_type=2 2 2 2 2 2 2 2 2 2 2 2 2 2 2 2 2 2 2
left_child=1 -1 3 8 5 6 7 -4 10 -6 -2 12 14 -14 15 -11 -16 18 -18
right_child=2 -3 4 -5 9 -7 -8 -9 -10 11 -12 -13 13 -15 16 -17 17 -19 -20
leaf_value=0.011853566118614465 0.019461438169853219 -0.0012998794136665393 0.0032543966794069011 -0.0075172577000079555 -0.0018455491814919958 -0.0039608238772750361 -0.0015976029842046436 0.02919597010036808 0.00049737845156113086 -0.0019291098752405162 0.0073220666850559932 0.010943050453883022 0.0036527736215945282 0.017439310082913963 0.00067357064544836594 0.013405548144938004 0.0073463500937602398 0.01646687064236365 -0.0041946864607248424
leaf_weight=25 38 2640 33 33 250 335 199 21 54 20 85 44 57 26 858 39 81 27 58
leaf_count=25 38 2640 33 33 250 335 199 21 54 20 85 44 57 26 858 39 81 27 58
internal_value=0 -0.00117649 0.00122085 0.0054319 0.00078905 -0.00157192 0.00159125 0.0133428 0.00784615 0.00173991 0.0110724 0.0024807 0.00216137 0.00797145 0.00171609 0.00820736 0.00134208 0.0047974 0.00253067
internal_weight=0 2665 2258 210 2048 588 253 54 177 1460 123 1210 1166 83 1083 59 1024 166 139
internal_count=4923 2665 2258 210 2048 588 253 54 177 1460 123 1210 1166 83 1083 59 1024 166 139
is_linear=0
shrinkage=0.0466033


Tree=18
num_leaves=20
num_cat=0
split_feature=5 2 1 14 2 15 5 5 1 14 14 5 1 5 15 22 11 15 6
split_gain=3.3482 1.67463 1.46841 1.34017 1.58636 1.45469 1.27617 3.22111 2.58111 2.07668 1.68592 2.02897 1.62437 2.86608 2.40118 2.22344 1.13949 1.10356 1.06585
threshold=7.0850000000000009 8.2265687450824482e-05 1.7447089063750597e-05 2.0950000000000002 0.00069406867351463257 3.5450000000000004 7.8750000000000009 8.8850000000000033 9.5735643525802813e-05 1.7550000000000001 1.4150000000000003 7.6550000000000011 0.00021576462218945061 9.8250000000000011 2.1650000000000005 3.6243921593626112e-05 -13.000000000000009 2.0950000000000002 1.7499999999999851
decision_type=2 2 2 2 2 2 2 2 2 2 2 2 2 2 2 2 2 2 2
left_child=2 18 -1 4 6 -5 8 -8 -3 10 11 -10 -9 14 -14 -15 -4 -11 -2
right_child=1 3 16 5 -6 -7 7 12 9 17 -12 -13 13 15 -16 -17 -18 -19 -20
leaf_value=-0.0030668700221603922 0.017540860128498151 0.020871034838294313 0.009705613356767567 -0.0021771561893323887 -0.0032887682064084997 0.010575566829158537 -0.001721933517102906 -0.0018545543144163103 -0.00050701546771034418 0.020459031273790507 -0.0061677168152005097 0.015819467203789864 0.0054253826574922216 -0.0025050184573495956 0.025804032573121333 0.015458815916185554 -0.00038134574115888232 0.0072802680950962871 0.003251227632099203
leaf_weight=466 25 25 24 204 71 21 186 32 43 21 41 26 20 44 32 22 3562 38 20
leaf_count=466 25 25 24 204 71 21 186 32 43 21 41 26 20 44 32 22 3562 38 20
internal_value=0 0.00252258 -0.000630449 0.00205039 0.00318748 -0.000986902 0.00405505 0.00233478 0.0070345 0.00498768 0.00124207 0.00564499 0.00736509 0.00986534 0.0179661 0.00348293 -0.000313837 0.011971 0.0111899
internal_weight=0 871 4052 826 601 225 530 336 194 169 110 69 150 118 52 66 3586 59 45
internal_count=4923 871 4052 826 601 225 530 336 194 169 110 69 150 118 52 66 3586 59 45
is_linear=0
shrinkage=0.0461372


Tree=19
num_leaves=20
num_cat=0
split_feature=5 3 3 15 5 14 21 14 3 3 3 1 1 5 3 3 15 10 2
split_gain=3.04637 1.64744 1.60492 1.72595 2.98728 2.20063 1.49169 1.59892 1.61371 3.84013 2.04788 1.55979 3.72278 1.47079 1.41068 2.66291 5.80432 1.56688 1.39117
threshold=7.0850000000000009 0.56500000000000006 1.5350000000000004 0.28500000000000009 8.0250000000000004 1.155 0.011781788743229106 2.1550000000000007 5.5500000000000007 3.1350000000000002 2.4450000000000007 0.00053737710335938812 0.00032148717581161789 7.1950000000000012 0.77500000000000013 0.87500000000000011 0.40500000000000008 0.50000000000005607 0.00012393654908096307
decision_type=2 2 2 2 2 2 2 2 2 2 2 2 2 2 2 2 2 2 2
left_child=1 -1 -2 4 -4 -5 7 8 9 10 11 12 13 -7 -3 16 17 -16 -17
right_child=2 14 3 5 -6 6 -8 -9 -10 -11 -12 -13 -14 -15 15 18 -18 -19 -20
leaf_value=0.011093676727910265 0.011964524734554801 -0.002721087189239513 0.01798161861734968 -0.0057084781759014951 -0.0011985876551410409 0.013258772134611492 0.01216863890477762 -0.0016640185995887217 -0.0052904924004247905 0.017198541271754741 -0.0032003351823715162 -0.0067990645769888556 0.018611193473979153 0.0018659052068715517 0.029319374750338061 -0.0011078873779420591 -0.00085765083381467925 0.011654803824949558 0.0010356764263630589
leaf_weight=25 35 595 36 82 32 27 30 199 42 42 94 23 39 190 20 2459 81 22 850
leaf_count=25 35 595 36 82 32 27 30 199 42 42 94 23 39 190 20 2459 81 22 850
internal_value=0 -0.000595348 0.00238213 0.00198096 0.00895564 0.00136341 0.00220874 0.00175325 0.0032413 0.00410476 0.00263039 0.00459486 0.00561854 0.00328345 -0.000667915 -0.00031196 0.00628718 0.0200665 -0.000557259
internal_weight=0 4052 871 836 68 768 686 656 457 415 373 279 256 217 4027 3432 123 42 3309
internal_count=4923 4052 871 836 68 768 686 656 457 415 373 279 256 217 4027 3432 123 42 3309
is_linear=0
shrinkage=0.0456759


Tree=20
num_leaves=20
num_cat=0
split_feature=0 15 3 2 3 9 7 14 15 3 1 3 2 15 2 12 18 15 3
split_gain=3.15171 2.03188 2.01058 2.3867 1.33004 1.31789 2.12492 1.3115 3.51034 1.68089 1.20577 1.53561 1.57817 2.8683 3.26691 1.26137 1.23931 1.92387 1.40497
threshold=6.3482571908338598e-05 3.3950000000000005 1.8250000000000004 0.00020755779600017919 0.81500000000000006 -12.499999999999998 0.018649845266258128 0.40500000000000008 1.655 1.385 4.5319314320336764e-05 1.5050000000000001 0.00022032373731710792 1.1050000000000002 0.00015165684474558201 -1.0000000180025095e-35 -0.018774447169635829 1.6450000000000002 1.7650000000000003
decision_type=2 2 2 2 2 2 2 2 2 2 2 2 2 2 2 2 2 2 2
left_child=-1 4 -3 -4 -2 6 -6 8 -7 -10 15 -12 13 14 -13 -9 -15 -18 -19
right_child=1 2 3 -5 5 7 -8 10 9 -11 11 12 -14 16 -16 -17 17 18 -20
leaf_value=-0.0011814028056333153 -0.0026200924464295397 0.014617540813716396 -0.0073551681659677452 0.012357523318912302 0.0027866804819615164 0.002048994375165343 0.020912755991924895 0.017293477466418631 0.026533723012967542 0.0065057218447327619 -0.0025205815922459841 0.028770162774757909 -0.0012457489464953353 -0.00092264506965875634 0.00084880050271749505 0.0003444760551919108 -0.0040009802762876476 0.011079212394025591 0.0028149961524953446
leaf_weight=2471 226 56 34 28 61 606 22 21 22 20 411 22 393 220 20 23 57 90 120
leaf_count=2471 226 56 34 28 61 606 22 21 22 20 411 22 393 220 20 23 57 90 120
internal_value=0 0.00134884 0.00775015 0.00154734 0.00102521 0.00141602 0.00759118 0.00116292 0.00301782 0.0169966 0.00029002 2.12094e-05 0.00115426 0.00293726 0.0154743 0.00843377 0.00185604 0.00414559 0.0063568
internal_weight=0 2452 118 62 2334 2108 83 2025 648 42 1377 1333 922 529 42 44 487 267 210
internal_count=4923 2452 118 62 2334 2108 83 2025 648 42 1377 1333 922 529 42 44 487 267 210
is_linear=0
shrinkage=0.05


Tree=21
num_leaves=20
num_cat=0
split_feature=1 3 5 14 5 3 4 13 8 18 1 21 8 8 7 21 18 2 18
split_gain=2.90145 1.49663 4.14871 4.49615 1.94152 1.68818 1.33959 1.48626 1.24083 1.30098 1.52883 2.19788 1.41298 1.11206 1.0898 1.53248 0.890373 0.826043 0.817898
threshold=3.5901650173269201e-05 1.0150000000000003 3.6450000000000005 0.42500000000000004 3.5250000000000004 1.135 -0.99999999999998412 -8.0000000000000018 -2.0000000000000004 -0.09052922523041694 0.00018242580099589556 -0.0045875070123477238 -4.9999999999999902 -4.9999999999999902 -0.0082615981643465713 0.00032429650763288192 0.089442852301307454 0.00017157562564108767 0.057123885410737991
decision_type=2 2 2 2 2 2 2 2 2 2 2 2 2 2 2 2 2 2 2
left_child=-1 -2 3 -3 -5 -4 -7 -8 9 -9 11 -11 -13 16 -15 -16 -12 -14 -10
right_child=1 2 5 4 -6 6 7 8 18 10 13 12 17 14 15 -17 -18 -19 -20
leaf_value=-0.0018938285350843518 -0.0010350682491394015 0.027408546305471855 -0.0037110067393098557 -0.004388321924488992 0.014424528336773317 -0.00027579190887655453 0.010770553570924974 0.016085810214281081 0.0018454625194345544 0.021829500946808945 -0.0078977850503196903 0.01311530439477218 -0.00035385469950380781 -0.0028070609656072436 -0.00063542631410417108 0.01768633881211281 0.0034714051164113561 0.010733211075975782 -0.0013301866011708741
leaf_weight=1356 831 31 175 32 24 824 49 23 1005 22 51 38 84 31 21 25 26 21 254
leaf_count=1356 831 31 175 32 24 824 49 23 1005 22 51 38 84 31 21 25 26 21 254
internal_value=0 0.000823305 0.00138775 0.0121313 0.00367433 0.0010349 0.0013706 0.0021928 0.00193027 0.004601 0.00377294 0.007117 0.00485353 0.000190033 0.0044389 0.00932205 -0.00405884 0.00186356 0.00120478
internal_weight=0 3567 2736 87 56 2649 2474 1650 1601 342 319 165 143 154 77 46 77 105 1259
internal_count=4923 3567 2736 87 56 2649 2474 1650 1601 342 319 165 143 154 77 46 77 105 1259
is_linear=0
shrinkage=0.05


Tree=22
num_leaves=20
num_cat=0
split_feature=1 3 5 1 15 15 2 13 3 9 2 15 15 2 15 16 9 15 15
split_gain=2.61856 1.37565 2.98465 2.29263 2.03549 1.64145 1.59383 1.56663 1.50366 1.27116 1.12856 1.76028 1.52257 2.74582 2.80126 1.46677 1.39538 1.43015 2.97428
threshold=3.5901650173269201e-05 1.3650000000000004 4.5050000000000008 0.00017482005827793791 3.5850000000000004 0.65500000000000014 0.00012909050375636223 -5.9999999999999938 1.8450000000000004 -14.000000000000034 0.00029961794808363559 2.0050000000000003 0.25500000000000006 7.7600741652991979e-05 -0.094999999999999987 0.999999999999999 -5.9999999999999885 2.0050000000000003 2.1950000000000007
decision_type=2 2 2 2 2 2 2 2 2 2 2 2 2 2 2 2 2 2 2
left_child=-1 7 3 5 9 6 -3 -2 -6 -4 12 -12 13 -11 -15 -16 -14 -18 -19
right_child=1 2 4 -5 8 -7 -8 -9 -10 10 11 -13 16 14 15 -17 17 18 -20
leaf_value=-0.0017991371856656221 0.012393270060420037 0.02044817563146353 0.010538042796885267 0.019943962185769468 0.021540870836802894 -0.0063843835631142492 0.00094572905112396593 -0.00047630455428317414 0.0028358454054052181 0.020890127036433954 -0.0053140021541288919 0.0012573439230928656 0.0047009114822258759 -0.0032935040071606636 0.0040139701962471006 0.019219703818189687 -0.0020384900365236955 0.0096358286800107568 3.7732300107757341e-05
leaf_weight=1356 24 20 34 37 21 23 22 1608 22 26 175 244 196 76 35 29 439 99 437
leaf_count=1356 24 20 34 37 21 23 22 1608 22 26 175 244 196 76 35 29 439 99 437
internal_value=0 0.00078214 0.0016839 0.0100084 0.00122067 0.00435275 0.0102326 -0.000287046 0.0119709 0.00096243 0.000777025 -0.00148725 0.00148662 0.00596806 0.00319681 0.0109041 0.000851339 7.74758e-05 0.00181052
internal_weight=0 3567 1935 102 1833 65 42 1632 43 1790 1756 419 1337 166 140 64 1171 975 536
internal_count=4923 3567 1935 102 1833 65 42 1632 43 1790 1756 419 1337 166 140 64 1171 975 536
is_linear=0
shrinkage=0.05


Tree=23
num_leaves=20
num_cat=0
split_feature=0 15 3 2 3 20 5 2 5 17 5 5 9 10 18 1 18 18 5
split_gain=2.44052 1.74524 1.78923 1.86483 1.09163 1.19699 1.66049 1.70692 1.0328 1.0238 1.27746 1.14234 1.39654 0.969419 0.947657 1.30259 0.99849 1.08832 1.90074
threshold=6.3482571908338598e-05 3.3950000000000005 1.8150000000000002 0.00020755779600017919 0.74500000000000011 0.0085514102782776619 4.4350000000000014 0.00049118316245852273 2.5550000000000002 -2.9999999999999853 3.0450000000000004 7.1550000000000011 -7.9999999999999902 -2.9999999999999853 0.2188821236353358 0.00017190774420111076 0.049302393388425909 -0.017802054443333545 4.6050000000000013
decision_type=2 2 2 2 2 2 2 2 2 2 2 2 2 2 2 2 2 2 2
left_child=8 4 -3 -4 -2 14 -7 13 -1 10 -10 12 -12 -8 16 -16 17 -6 -19
right_child=1 2 3 -5 5 6 7 -9 9 -11 11 -13 -14 -15 15 -17 -18 18 -20
leaf_value=0.0097437246279283019 -0.0025537167666923434 0.014174674173780516 -0.0053219348765336551 0.011590881592461043 8.2169243682657134e-05 0.018901188448071482 0.0075550701130520223 0.013982090664406619 0.013502762392163276 -0.001587254433909452 0.010308240379752785 0.010861097916960716 -0.0011475191966439627 -0.0027939034988068872 -0.0011958160393294834 0.015695852547883988 -0.0015326964733240855 0.0080851774000459242 0.0014769135165873272
leaf_weight=22 210 51 39 28 836 20 33 30 20 2053 29 25 322 72 21 25 391 135 561
leaf_count=22 210 51 39 28 836 20 33 30 20 2053 29 25 322 72 21 25 391 135 561
internal_value=0 0.00118516 0.00711778 0.00174611 0.00088522 0.00122523 0.00545576 0.00346384 -0.00104138 -0.00113827 0.00118945 0.000534482 -0.000201032 0.000458631 0.000892199 0.00798444 0.000722546 0.00129813 0.00275869
internal_weight=0 2452 118 67 2334 2124 155 135 2471 2449 396 376 351 105 1969 46 1923 1532 696
internal_count=4923 2452 118 67 2334 2124 155 135 2471 2449 396 376 351 105 1969 46 1923 1532 696
is_linear=0
shrinkage=0.05


Tree=24
num_leaves=20
num_cat=0
split_feature=1 3 18 13 4 1 3 14 1 14 19 15 20 3 18 10 15 2 22
split_gain=2.23777 1.257 1.30958 1.02689 1.28471 1.02562 1.11486 1.01642 0.932984 2.31793 1.50312 1.42701 1.51851 2.28997 1.59697 1.25593 1.1906 1.18351 2.88601
threshold=7.4578349686009874e-05 1.0550000000000004 0.2188821236353358 -3.0000000000000133 -1.0000000180025095e-35 0.00011537701127928018 0.57500000000000007 -0.24499999999999997 9.0639491132744321e-05 1.905 0.0040539037731409664 3.3650000000000007 0.0011561122631917888 1.885 -0.021916950446470681 4.9999999999999991 3.1550000000000007 0.00019967570176131056 0.0033651553888832679
decision_type=2 2 2 2 2 2 2 2 2 2 2 2 2 2 2 2 2 2 2
left_child=3 5 8 4 -1 6 -2 -5 9 10 15 16 13 -13 -14 -3 17 18 -10
right_child=1 2 -4 7 -6 -7 -8 -9 11 -11 -12 12 14 -15 -16 -17 -18 -19 -20
leaf_value=0.012989640293213037 0.012453049160540105 0.0035178620579906488 0.011269364484718868 0.0074533749484654637 0.00091986251031530317 -0.0036196485458485847 5.1489897033711174e-05 -0.0013844736844859126 0.0019239049244877751 -0.0033894519053273282 0.020467482456429442 0.025180341066284612 0.010979142598807813 0.003623796853103808 -0.0079765331298112859 0.017126514372371494 -0.0047495002397796617 -0.0003330359245556577 0.019883568844069607
leaf_weight=26 20 88 35 33 145 226 193 2297 815 59 22 22 20 28 25 21 91 734 23
leaf_count=26 20 88 35 33 145 226 193 2297 815 59 22 22 20 28 25 21 91 734 23
internal_value=0 0.00114747 0.00168342 -0.000984832 0.00275503 -0.00127344 0.00121596 -0.0012593 0.00151119 0.00483966 0.0085459 0.00115145 0.00711161 0.0131087 0.000448212 0.00613971 0.000810975 0.00113286 0.00241683
internal_weight=0 2422 1983 2501 171 439 213 2330 1948 190 131 1758 95 50 45 109 1663 1572 838
internal_count=4923 2422 1983 2501 171 439 213 2330 1948 190 131 1758 95 50 45 109 1663 1572 838
is_linear=0
shrinkage=0.05


Tree=25
num_leaves=20
num_cat=0
split_feature=5 3 3 3 7 14 1 5 2 2 2 3 3 14 14 2 19 4 0
split_gain=2.22154 1.53143 1.47444 1.25213 1.20481 1.09945 1.34608 1.2915 1.25348 1.05951 1.69976 1.86657 3.7587 1.23986 1.55843 1.23717 1.19024 1.1088 1.34681
threshold=7.0850000000000009 1.5350000000000004 0.56500000000000006 2.4750000000000005 -0.034057790406162018 2.5350000000000006 9.5735643525802813e-05 7.8750000000000009 8.9500187994845189e-05 0.00014480843058850944 0.00028967877222321292 2.2150000000000003 2.2950000000000004 1.8350000000000002 1.7550000000000001 0.00089651303903960275 -0.0039885067719325753 1.9999999999999687 0.00022350120394665335
decision_type=2 2 2 2 2 2 2 2 2 2 2 2 2 2 2 2 2 2 2
left_child=2 -2 -1 -4 -3 6 7 -6 -9 -8 16 -12 -13 14 -14 -15 -11 -18 -19
right_child=1 4 3 -5 5 -7 9 8 -10 10 11 12 13 15 -16 -17 17 18 -20
leaf_value=0.01152829909324646 0.012453076541423799 -0.0031769575638191726 -0.00073573565840034136 0.008631109580811527 0.015580066943015808 -0.0053485130979901273 -0.0025089500269087238 0.012327996920794249 -0.0046206366115560142 -0.00082221825664140734 -0.0069575978160807588 0.019724519790283272 -0.00032515086233615877 -0.0060326134764096323 0.016242781857197935 0.0075198574435143247 0.0058061493345263867 0.022867291793227197 0.0055286625666277752
leaf_weight=25 35 107 3991 36 39 42 101 20 24 49 66 28 40 85 22 21 147 24 21
leaf_count=25 35 107 3991 36 39 42 101 20 24 49 66 28 40 85 22 21 147 24 21
internal_value=0 0.00220651 -0.000576849 -0.000651999 0.00177752 0.00250472 0.00298483 0.00895527 0.00308329 0.00216439 0.00310278 0.000315134 0.00276412 -6.26189e-05 0.00555379 -0.00334769 0.00613333 0.00790844 0.0147759
internal_weight=0 871 4052 4027 836 729 687 83 44 604 503 262 196 168 62 106 241 192 45
internal_count=4923 871 4052 4027 836 729 687 83 44 604 503 262 196 168 62 106 241 192 45
is_linear=0
shrinkage=0.05


Tree=26
num_leaves=20
num_cat=0
split_feature=5 3 15 5 14 3 21 14 3 3 3 1 1 3 15 3 21 7 6
split_gain=2.00494 1.38212 1.47086 2.43005 1.75954 1.33069 1.3051 1.27614 1.42004 3.50259 1.85192 1.70944 1.80515 1.60886 1.19432 1.13005 1.11001 1.00587 1.52637
threshold=7.0850000000000009 1.5350000000000004 0.28500000000000009 8.0250000000000004 1.155 0.56500000000000006 0.011781788743229106 2.1550000000000007 5.5500000000000007 3.1350000000000002 2.7750000000000004 0.0005691685285342925 0.00032148717581161789 2.3650000000000007 2.6225000000000005 2.4750000000000005 -0.0031215897347128259 -0.0033942412020213082 7.9999999999999858
decision_type=2 2 2 2 2 2 2 2 2 2 2 2 2 2 2 2 2 2 2
left_child=5 -2 3 -3 -4 -1 7 8 9 10 11 12 16 -14 -11 -7 -6 -18 -19
right_child=1 2 4 -5 6 15 -8 -9 -10 14 -12 -13 13 -15 -16 -17 17 18 -20
leaf_value=0.010951884388923645 0.011830422686679023 0.017648264165553783 -0.0058576122789484701 -0.0012884845957159996 -0.0039022724783303688 -0.00069894887613372028 0.01209015678614378 -0.0019163029464944522 -0.005880260361092432 0.026299560740590096 -0.007939083343371749 -0.0083762486598321379 0.018512068649655895 0.00099200541153550144 0.0094173938374627723 0.0081995540815922949 0.00024243531571257684 0.0043515129164717666 0.018369292944669723
leaf_weight=25 35 36 82 32 51 3991 30 199 42 20 40 28 38 20 22 36 84 87 25
leaf_count=25 35 36 82 32 51 3991 30 199 42 20 40 28 38 20 22 36 84 87 25
internal_value=0 0.00209618 0.00168865 0.00873685 0.00106459 -0.000548007 0.00189202 0.00142564 0.00288089 0.00376756 0.00222617 0.00344723 0.00453266 0.0124707 0.0174565 -0.000619399 0.00266867 0.00437846 0.00748048
internal_weight=0 871 836 68 768 4052 686 656 457 415 373 333 305 58 42 4027 247 196 112
internal_count=4923 871 836 68 768 4052 686 656 457 415 373 333 305 58 42 4027 247 196 112
is_linear=0
shrinkage=0.05


Tree=27
num_leaves=20
num_cat=0
split_feature=5 2 3 7 15 14 1 5 5 3 15 3 18 21 14 21 13 20 14
split_gain=1.80946 1.29235 1.20094 1.0515 1.05613 1.48745 1.24393 1.58265 2.23688 2.20877 3.79283 1.7985 1.64995 1.74099 2.04124 1.8525 1.45541 1.22534 1.04972
threshold=7.0850000000000009 8.2265687450824482e-05 0.56500000000000006 -0.034057790406162018 3.5450000000000004 2.1650000000000005 0.00046152713966101001 8.4300000000000015 7.8750000000000009 2.1950000000000007 2.8450000000000002 2.2950000000000004 0.065793982901049888 -0.0030555317385463905 1.8050000000000004 -0.00011090574497785165 -1.0000000180025095e-35 0.002345875013016641 1.4950000000000003
decision_type=2 2 2 2 2 2 2 2 2 2 2 2 2 2 2 2 2 2 2
left_child=2 -2 -1 -3 5 6 7 8 12 10 -9 -11 13 -5 15 -15 -8 -17 -10
right_child=1 3 -4 4 -6 -7 16 9 18 11 -12 -13 -14 14 -16 17 -18 -19 -20
leaf_value=0.010404290080070495 0.010242897065149414 -0.0032924783086836942 -0.00058842934769822732 -0.0016692785960104731 0.013530822619795799 -0.0024305594559663381 0.0090291699767112744 -0.0047240288361259132 0.0015546272327373555 0.02825609775526183 0.021357319466769695 0.0093048857825417681 -0.0058312130570411687 0.015865837271724428 0.021465089375322516 0.0071064330298792238 -0.004658872895370955 -0.0083435479906343295 -0.0072262254833686552
leaf_weight=25 45 99 4027 36 20 156 25 46 77 21 20 31 25 35 33 33 87 21 61
leaf_count=25 45 99 4027 36 20 156 25 46 77 21 20 31 25 35 33 33 87 21 61
internal_value=0 0.00199137 -0.000520607 0.00154183 0.00220015 0.00187962 0.00309993 0.00429989 0.0024797 0.00925145 0.00317941 0.0169583 0.00610424 0.00799276 0.0108439 0.00690564 -0.00160351 0.00109811 -0.00232676
internal_weight=0 871 4052 826 727 707 551 439 321 118 66 52 183 158 122 89 112 54 138
internal_count=4923 871 4052 826 727 707 551 439 321 118 66 52 183 158 122 89 112 54 138
is_linear=0
shrinkage=0.05


Tree=28
num_leaves=20
num_cat=0
split_feature=5 15 14 14 2 22 2 15 3 5 13 21 19 7 7 12 9 2 17
split_gain=1.66587 1.6222 3.04482 2.35127 2.69845 1.72369 1.98061 1.69881 1.56237 1.45211 1.53264 1.48826 1.93153 1.50295 1.59678 1.6325 1.42564 1.32301 2.12621
threshold=5.455000000000001 0.40500000000000008 1.0750000000000004 1.2350000000000001 0.00014480843058850944 -3.6243483724995855e-05 8.0558308584373288e-05 1.5650000000000002 1.4850000000000001 5.6850000000000014 -8.4999999999999947 -0.0031215897347128259 0.00081313225325219129 -0.009107125006247772 -0.0051477703721055082 -1.1666666666666712 2.0000000000000244 0.00019431273379102616 1.999999999999998
decision_type=2 2 2 2 2 2 2 2 2 2 2 2 2 2 2 2 2 2 2
left_child=-1 5 -3 4 -4 -2 -7 -5 -9 -10 -11 -12 13 -13 -15 -16 -17 -8 -19
right_child=1 2 3 7 -6 6 17 8 9 10 11 12 -14 14 15 16 -18 18 -20
leaf_value=-0.00073436469567932181 0.015571987585109824 -0.0050287102032633667 0.015549925791806189 -0.0062714939887978539 -0.0043849798229833445 0.016400364592671395 -0.003689473357102643 -0.0057695164318595617 0.010261560194194316 0.013272639115651449 -0.0020757216434268391 3.9095973426645453e-05 0.00015659235141895437 0.021276484038680793 -0.0031462743360963137 0.012162219913619939 0.0016620775141442817 0.011217303673869798 -0.0052782720948259046
leaf_weight=3243 34 206 58 76 24 25 73 70 50 27 255 88 405 20 36 99 48 56 30
leaf_count=3243 34 206 58 76 24 25 73 70 50 27 255 88 405 20 36 99 48 56 30
internal_value=0 0.00120553 0.000605565 0.00152966 0.00971532 0.00522911 0.00331793 0.000957917 0.00145831 0.00195048 0.00152558 0.00119207 0.00238932 0.00549671 0.00786258 0.00639658 0.0087336 0.00126094 0.00546303
internal_weight=0 1680 1462 1256 82 218 184 1174 1098 1028 978 951 696 291 203 183 147 159 86
internal_count=4923 1680 1462 1256 82 218 184 1174 1098 1028 978 951 696 291 203 183 147 159 86
is_linear=0
shrinkage=0.05


Tree=29
num_leaves=20
num_cat=0
split_feature=5 15 14 14 2 22 2 15 22 3 5 3 2 10 6 3 22 21 13
split_gain=1.50345 1.46404 2.74795 2.12202 2.43535 1.55563 1.7875 1.53318 1.47425 1.29958 1.28425 1.19714 1.19402 1.17774 1.91291 1.09232 1.07486 1.04557 1.53744
threshold=5.455000000000001 0.40500000000000008 1.0750000000000004 1.2350000000000001 0.00014480843058850944 -3.6243483724995855e-05 8.0558308584373288e-05 1.5650000000000002 0.0021445308966906444 1.4850000000000001 5.5450000000000008 1.5450000000000002 0.00019431273379102616 1.0000000180025095e-35 3.9999999999999818 0.56500000000000006 -1.0000000180025095e-35 -0.0031215897347128259 -6.9999999999999885
decision_type=2 2 2 2 2 2 2 2 2 2 2 2 2 2 2 2 2 2 2
left_child=11 5 -3 4 16 -2 -7 -5 9 -9 -11 15 -8 14 -14 -1 -4 18 -12
right_child=1 2 3 7 -6 6 12 8 -10 10 17 -13 13 -15 -16 -17 -18 -19 -20
leaf_value=0.0099207935929298413 0.014793388501686209 -0.0047772746912918048 0.022592644631862641 -0.0059579193346986645 -0.0041657307495673503 0.015580346524715426 -0.0035049996453605289 -0.0054810406054769251 0.013388245657086373 0.013512672907249494 0.010215965558130008 -0.0051063556806976301 0.017488131579011679 -0.0026038614011579947 -0.0014161174388035486 -0.00057305541606416765 0.0088480239338947064 0.0023059867474604658 -0.0025714751758745737
leaf_weight=25 34 206 25 76 24 25 73 70 25 22 26 147 32 31 23 3071 33 710 245
leaf_count=25 34 206 25 76 24 25 73 70 25 22 26 147 32 31 23 3071 33 710 245
internal_value=0 0.00114525 0.000575287 0.00145318 0.00922955 0.00496765 0.00315203 0.000910021 0.0013854 0.00110574 0.00156544 -0.000697647 0.00119789 0.00518988 0.00958272 -0.000488318 0.0147724 0.00129751 -0.00134464
internal_weight=0 1680 1462 1256 82 218 184 1174 1098 1073 1003 3243 159 86 55 3096 58 981 271
internal_count=4923 1680 1462 1256 82 218 184 1174 1098 1073 1003 3243 159 86 55 3096 58 981 271
is_linear=0
shrinkage=0.05


end of trees

feature_importances:
f_3=123
f_5=72
f_14=69
f_15=66
f_2=58
f_1=44
f_18=16
f_21=13
f_22=13
f_4=11
f_20=11
f_0=9
f_13=9
f_7=8
f_8=8
f_17=8
f_11=6
f_6=5
f_9=5
f_10=5
f_16=5
f_19=4
f_12=2

parameters:
[boosting: gbdt]
[objective: regression]
[metric: binary_logloss]
[tree_learner: serial]
[device_type: cpu]
[data: ]
[valid: ]
[num_iterations: 10]
[learning_rate: 0.05]
[num_leaves: 20]
[num_threads: 0]
[deterministic: 0]
[force_col_wise: 0]
[force_row_wise: 0]
[histogram_pool_size: -1]
[max_depth: -1]
[min_data_in_leaf: 20]
[min_sum_hessian_in_leaf: 0.001]
[bagging_fraction: 0.7]
[pos_bagging_fraction: 1]
[neg_bagging_fraction: 1]
[bagging_freq: 5]
[bagging_seed: 3]
[feature_fraction: 0.9]
[feature_fraction_bynode: 1]
[feature_fraction_seed: 2]
[extra_trees: 0]
[extra_seed: 6]
[early_stopping_round: 0]
[first_metric_only: 0]
[max_delta_step: 0]
[lambda_l1: 0]
[lambda_l2: 0]
[linear_lambda: 0]
[min_gain_to_split: 0]
[drop_rate: 0.1]
[max_drop: 50]
[skip_drop: 0.5]
[xgboost_dart_mode: 0]
[uniform_drop: 0]
[drop_seed: 4]
[top_rate: 0.2]
[other_rate: 0.1]
[min_data_per_group: 100]
[max_cat_threshold: 32]
[cat_l2: 10]
[cat_smooth: 10]
[max_cat_to_onehot: 4]
[top_k: 20]
[monotone_constraints: ]
[monotone_constraints_method: basic]
[monotone_penalty: 0]
[feature_contri: ]
[forcedsplits_filename: ]
[refit_decay_rate: 0.9]
[cegb_tradeoff: 1]
[cegb_penalty_split: 0]
[cegb_penalty_feature_lazy: ]
[cegb_penalty_feature_coupled: ]
[path_smooth: 0]
[interaction_constraints: ]
[verbosity: 0]
[saved_feature_importance_type: 0]
[linear_tree: 0]
[max_bin: 255]
[max_bin_by_feature: ]
[min_data_in_bin: 3]
[bin_construct_sample_cnt: 200000]
[data_random_seed: 1]
[is_enable_sparse: 1]
[enable_bundle: 1]
[use_missing: 1]
[zero_as_missing: 0]
[feature_pre_filter: 1]
[pre_partition: 0]
[two_round: 0]
[header: 0]
[label_column: ]
[weight_column: ]
[group_column: ]
[ignore_column: ]
[categorical_feature: ]
[forcedbins_filename: ]
[precise_float_parser: 0]
[objective_seed: 5]
[num_class: 1]
[is_unbalance: 0]
[scale_pos_weight: 1]
[sigmoid: 1]
[boost_from_average: 1]
[reg_sqrt: 0]
[alpha: 0.9]
[fair_c: 1]
[poisson_max_delta_step: 0.7]
[tweedie_variance_power: 1.5]
[lambdarank_truncation_level: 30]
[lambdarank_norm: 1]
[label_gain: ]
[eval_at: ]
[multi_error_top_k: 1]
[auc_mu_weights: ]
[num_machines: 1]
[local_listen_port: 12400]
[time_out: 120]
[machine_list_filename: ]
[machines: ]
[gpu_platform_id: -1]
[gpu_device_id: -1]
[gpu_use_dp: 0]
[num_gpu: 1]

end of parameters

pandas_categorical:[]
