tree
version=v3
num_class=1
num_tree_per_iteration=1
label_index=0
max_feature_idx=22
objective=regression
feature_names=f_0 f_1 f_2 f_3 f_4 f_5 f_6 f_7 f_8 f_9 f_10 f_11 f_12 f_13 f_14 f_15 f_16 f_17 f_18 f_19 f_20 f_21 f_22
feature_infos=[3.5138360446667107e-07:0.0066553821535006137] [2.5600331918768856e-06:0.0039732576088439284] [9.2225614268401974e-06:0.0029579505118275174] [0.53000000000000003:6.5599999999999996] [-33.000000000000007:46] [2.4100000000000001:21.82] [-101.00000000000016:144.99999999999994] [-0.15710919088766695:0.17837578087457961] [-81:74] [-46:33.999999999999986] [-51.000000000000021:33.999999999999986] [-33.000000000000007:27.999999999999979] [-41:96.000000000000014] [-36.000000000000007:32.999999999999986] [-0.52000000000000002:2.9100000000000001] [-0.94999999999999996:3.8500000000000001] [-52:73.999999999999972] [-28.000000000000004:24.000000000000004] [-0.29572649572649579:0.64215246636771273] [-0.02958455728073861:0.047292143401983289] [-0.054746473503621829:0.033993115318416534] [-0.039377561323276189:0.045346674363414774] [-0.019984292877423981:0.018327052533256172]
tree_sizes=1792 1854 1862 1871 1855 1855 1839 1869 1839 1867 1867 1881 1888 1860 1866 1850 1857 1895 1911 1879

Tree=0
num_leaves=20
num_cat=0
split_feature=3 14 2 15 2 3 3 3 1 3 1 15 3 3 2 14 4 15 1
split_gain=20.6163 4.56383 11.8999 6.24893 6.40086 6.16718 6.11443 5.46389 5.02055 4.73592 4.01405 6.42613 3.89043 3.2302 2.99124 2.88307 2.81919 2.61288 2.58537
threshold=1.4750000000000003 1.2850000000000004 0.00013639639565115336 2.8750000000000004 0.00018189004180957935 1.7950000000000002 3.0250000000000004 2.0150000000000001 0.00048392163639903368 5.4050000000000011 2.7461596925538323e-05 3.5450000000000004 0.56500000000000006 1.7150000000000001 7.9224658844010191e-05 0.58500000000000008 -0.99999999999998412 1.6050000000000002 0.00017567050037318874
decision_type=2 2 2 2 2 2 2 2 2 2 2 2 2 2 2 2 2 2 2
left_child=12 2 13 6 5 10 -3 -6 -9 -8 -5 16 -1 14 -2 -16 -12 -17 -4
right_child=1 3 18 4 7 -7 9 8 -10 -11 11 -13 -14 -15 15 17 -18 -19 -20
leaf_value=0.17008793491570057 0.18110767192201271 0.15461407266520741 0.16461918483420984 0.15170130673474172 0.1890024088817587 0.15181005694549723 0.18154626841977636 0.15670350075399281 0.18154626841977636 0.1585902932349384 0.15402688816474441 0.19221293524538877 0.15251508572938247 0.18369680608623049 0.15275838920292475 0.18571293514853121 0.16929136627637978 0.16167447325186868 0.15224519271433912
leaf_weight=32 38 703 64 43 38 139 39 53 33 53 43 25 1999 62 33 20 102 26 124
leaf_count=32 38 703 64 43 38 139 39 53 33 53 43 25 1999 62 33 20 102 26 124
internal_value=0.156014 0.160331 0.165243 0.158913 0.163444 0.160003 0.1562 0.173213 0.166236 0.168322 0.165349 0.168801 0.152792 0.17447 0.16958 0.164036 0.164765 0.172126 0.156458
internal_weight=0 1638 367 1271 476 352 795 124 86 92 213 170 2031 179 117 79 145 46 188
internal_count=3669 1638 367 1271 476 352 795 124 86 92 213 170 2031 179 117 79 145 46 188
is_linear=0
shrinkage=1


Tree=1
num_leaves=20
num_cat=0
split_feature=3 3 5 14 2 14 5 5 0 3 2 3 1 14 2 14 14 1 3
split_gain=18.6062 4.14939 6.3274 5.71413 10.4357 4.58575 3.89515 5.50262 3.61143 3.52878 4.76987 2.65435 3.11333 3.14595 2.75652 4.51815 2.75049 2.27943 2.39094
threshold=1.4750000000000003 3.3350000000000004 16.830000000000002 1.3050000000000004 0.00013639639565115336 1.8150000000000002 6.4050000000000011 8.1450000000000014 0.0007214066849551274 0.57500000000000007 8.3548704915605549e-05 2.5250000000000004 3.6807578276188634e-05 1.4350000000000003 4.612981061923272e-05 2.5850000000000004 1.5950000000000004 0.00017567050037318874 1.8250000000000004
decision_type=2 2 2 2 2 2 2 2 2 2 2 2 2 2 2 2 2 2 2
left_child=9 3 5 4 6 -3 -2 -8 -7 10 -1 12 -5 -14 15 16 -15 18 -6
right_child=1 2 -4 11 17 8 7 -9 -10 -11 -12 -13 13 14 -16 -17 -18 -19 -20
leaf_value=0.026660230043141737 0.0080661534772891747 0.04126702576875687 -0.0033589095586822148 -0.0042603927819679184 0.0010713664251704549 0.0059871389166168548 0.02759958951889227 -0.0012296606972813607 0.030252738361773286 -0.0034484746280945633 -0.0013300699326727126 -0.0045789764850939574 -0.0050133125370611315 0.019769295789301394 0.003786590286439523 0.03236766049395437 -0.0043330393217760948 -0.0036132071197032926 0.02133723365312273
leaf_weight=23 76 20 42 144 43 46 96 20 23 1963 45 152 92 20 665 23 29 125 22
leaf_count=23 76 20 42 144 43 46 96 20 23 1963 45 152 92 20 665 23 29 125 22
internal_value=0 0.00410187 0.0126373 0.0033599 0.00864354 0.0201861 0.0168646 0.022629 0.0140757 -0.00306057 0.00813724 0.00156581 0.00252574 0.00370451 0.00479276 0.0140859 0.00550465 0.000335984 0.00793058
internal_weight=0 1638 131 1507 382 89 192 116 69 2031 68 1125 973 829 737 72 49 190 65
internal_count=3669 1638 131 1507 382 89 192 116 69 2031 68 1125 973 829 737 72 49 190 65
is_linear=0
shrinkage=0.05


Tree=2
num_leaves=20
num_cat=0
split_feature=3 14 2 15 2 3 3 3 5 1 1 15 3 5 5 14 1 2 1
split_gain=16.7921 3.7508 9.71976 5.38286 5.55708 5.46458 5.23932 5.08454 4.94252 4.1792 3.38134 5.55981 3.23673 3.23356 4.27172 2.53901 2.43872 2.24013 2.8952
threshold=1.4750000000000003 1.2850000000000004 0.00013639639565115336 2.8750000000000004 0.00018189004180957935 1.7950000000000002 3.0250000000000004 2.0150000000000001 16.830000000000002 0.00048392163639903368 2.7461596925538323e-05 3.5450000000000004 0.56500000000000006 6.4050000000000011 8.1250000000000018 1.9350000000000003 5.9651842879946376e-05 0.0003959031665177832 0.0005691685285342925
decision_type=2 2 2 2 2 2 2 2 2 2 2 2 2 2 2 2 2 2 2
left_child=12 2 13 6 5 10 17 -6 15 -9 -5 16 -1 -2 -15 -8 -12 -3 -19
right_child=1 3 -4 4 7 -7 8 9 -10 -11 11 -13 -14 14 -16 -17 -18 18 -20
leaf_value=0.012868554098531604 0.0083025764993258887 -0.0022054800029607975 0.00040953581399740061 -0.0038836734239445178 0.031150022913750849 -0.0041020946751395577 0.028153452921558072 0.00049100613818978372 -0.0034758549077170235 0.023156806578238806 0.020002090140725626 0.033587334841489791 -0.0031600881884132643 0.026766090856844123 0.0011935151368379594 0.0060416525602340699 0.0045364024516727245 0.018802404055992764 -0.0039934413937421946
leaf_weight=32 70 647 188 43 38 139 37 53 35 33 33 25 1999 89 20 20 112 30 26
leaf_count=32 70 647 188 43 38 139 37 53 35 33 33 25 1999 89 20 20 112 30 26
internal_value=0 0.00389678 0.00834939 0.00261109 0.00681626 0.00360977 9.32742e-05 0.0159185 0.0113137 0.00918835 0.0086424 0.0118108 -0.00290754 0.0166885 0.0220739 0.0203949 0.00805618 -0.00137511 0.00821862
internal_weight=0 1638 367 1271 476 352 795 124 92 86 213 170 2031 179 109 57 145 703 56
internal_count=3669 1638 367 1271 476 352 795 124 92 86 213 170 2031 179 109 57 145 703 56
is_linear=0
shrinkage=0.05


Tree=3
num_leaves=20
num_cat=0
split_feature=3 3 5 14 2 15 3 2 14 5 5 1 3 2 3 1 15 1 14
split_gain=15.1549 3.48539 5.38998 4.70158 8.53846 4.32262 6.32762 4.90648 3.87522 3.18952 4.54627 3.10205 2.97021 4.26778 2.59446 3.36144 4.57508 2.60828 2.16821
threshold=1.4750000000000003 3.3350000000000004 16.830000000000002 1.3050000000000004 0.00013639639565115336 2.8050000000000002 2.0150000000000001 0.0001700048985150641 1.8150000000000002 6.4050000000000011 8.1450000000000014 0.00074589550284872555 0.57500000000000007 8.3548704915605549e-05 1.7950000000000002 3.1711042540502074e-05 3.5450000000000004 5.9651842879946376e-05 0.32500000000000007
decision_type=2 2 2 2 2 2 2 2 2 2 2 2 2 2 2 2 2 2 2
left_child=12 3 8 4 9 -5 7 14 -3 -2 -11 -10 13 -1 15 -7 17 -17 -14
right_child=1 2 -4 5 -6 6 -8 -9 11 10 -12 -13 18 -15 -16 16 -18 -19 -20
leaf_value=0.025032240346721982 0.0072891962175306527 0.037870951890945442 -0.0032391101831481571 -0.001168985007899607 0.00030008463483107719 -0.003363515853881836 -0.0050043783887572914 0.020358645256076544 0.0053783256236625762 0.024985160926977792 -0.0012193560227751732 0.027867618948221207 -0.0010693953703701572 -0.0014439448217550914 -0.0040753214620053773 0.020835169212472054 0.031615674806137882 0.004431186307657947 -0.0044659342094500723
leaf_weight=23 76 20 42 668 190 50 115 70 46 96 20 23 779 45 56 31 24 111 1184
leaf_count=23 76 20 42 668 190 50 115 70 46 96 20 23 779 45 56 31 24 111 1184
internal_value=0 0.00370194 0.0115247 0.00302192 0.00781462 0.00139454 0.00514165 0.00855333 0.0184919 0.0152509 0.0204671 0.0128748 -0.00276217 0.00751124 0.0055152 0.00800163 0.0114249 0.00801234 -0.00311805
internal_weight=0 1638 131 1507 382 1125 457 342 89 192 116 69 2031 68 272 216 166 142 1963
internal_count=3669 1638 131 1507 382 1125 457 342 89 192 116 69 2031 68 272 216 166 142 1963
is_linear=0
shrinkage=0.05


Tree=4
num_leaves=20
num_cat=0
split_feature=3 3 14 2 15 3 2 2 14 15 3 15 14 15 3 1 15 1 1
split_gain=13.6773 3.14557 4.25162 7.94278 3.78175 5.71068 4.4281 2.99235 4.48828 3.75806 2.69055 2.65894 3.75282 2.47273 2.3415 3.0337 4.12901 2.35398 2.11375
threshold=1.4750000000000003 3.3350000000000004 1.2850000000000004 0.00013639639565115336 2.8050000000000002 2.0150000000000001 0.0001700048985150641 5.640505676838488e-05 0.28500000000000009 1.3150000000000002 0.56500000000000006 3.3050000000000002 1.7450000000000003 1.925 1.7950000000000002 3.1711042540502074e-05 3.5450000000000004 5.9651842879946376e-05 0.00017567050037318874
decision_type=2 2 2 2 2 2 2 2 2 2 2 2 2 2 2 2 2 2 2
left_child=10 2 3 7 -4 6 14 -2 -9 -10 -1 12 -3 -11 15 -6 17 -17 -5
right_child=1 11 4 18 5 -7 -8 8 9 13 -12 -13 -14 -15 -16 16 -18 -19 -20
leaf_value=0.011759526235982776 0.033317614197731014 0.023435538204816673 -0.00099168404784069934 0.0077537548495456576 -0.0031953404396772387 -0.0047541592237742049 0.019340711906552316 -0.0014544443931521439 0.032069525190375071 0.0074585492335833038 -0.00285431102753103 0.024018855442603432 0.0013914433916409812 0.027563198022544384 -0.0038715554268232417 0.019793410334856279 0.030034891019264862 0.0042096269023311032 -0.0034348224680269923
leaf_weight=32 20 26 683 64 50 115 70 41 33 65 1999 30 75 20 56 31 24 111 124
leaf_count=32 20 26 683 64 50 115 70 41 33 65 1999 30 75 20 56 31 24 111 124
internal_value=0 0.00351684 0.00287083 0.00755152 0.00136397 0.00488457 0.00812566 0.0150899 0.0127971 0.0177488 -0.00262406 0.0109485 0.00706616 0.0121891 0.00523944 0.00760155 0.0108536 0.00761172 0.000374055
internal_weight=0 1638 1507 367 1140 457 342 179 159 118 2031 131 101 85 272 216 166 142 188
internal_count=3669 1638 1507 367 1140 457 342 179 159 118 2031 131 101 85 272 216 166 142 188
is_linear=0
shrinkage=0.05


Tree=5
num_leaves=20
num_cat=0
split_feature=5 2 3 3 14 3 5 3 14 3 3 14 11 5 14 5 14 4 5
split_gain=11.7458 5.49145 5.50691 5.11913 3.43001 3.34086 4.1853 3.92503 3.20084 2.54347 5.51184 6.55404 2.93332 2.27214 2.4465 3.16834 3.84779 3.74611 3.49406
threshold=6.4050000000000011 8.9924757871603773e-05 1.925 0.56500000000000006 -0.39499999999999996 3.0750000000000006 16.700000000000006 2.5050000000000003 1.9350000000000003 0.74500000000000011 0.87500000000000011 0.085000000000000006 -10.00000000000003 6.9350000000000014 2.1750000000000003 7.8750000000000009 1.9350000000000003 1.9999999999999964 8.5950000000000006
decision_type=2 2 2 2 2 2 2 2 2 2 2 2 2 2 2 2 2 2 2
left_child=3 2 -2 -1 -5 7 8 13 -7 -6 11 -11 -12 -3 15 17 -17 -15 -18
right_child=1 5 -4 4 9 6 -8 -9 -10 10 12 -13 -14 14 -16 16 18 -19 -20
leaf_value=0.018293119390164654 0.023595331209725231 -0.002369631821439214 0.0016752358602017772 0.014387245428177618 -0.0053325416500209482 0.030143416167369916 -0.0019183451533317565 -0.005975453577497427 0.010220336562229529 0.022312624401905956 0.014435440846360649 8.8025164860551078e-06 -0.0024763874999261574 0.015953989776263711 -0.0014241749812074068 -0.0014504847788735283 -0.0042255108668045561 -0.0018770348476736171 0.019614145130503413
leaf_weight=31 69 137 49 31 558 28 50 136 72 51 26 93 1852 131 119 158 22 38 51
leaf_count=31 69 137 49 31 558 28 50 136 72 51 26 93 1852 131 119 158 22 38 51
internal_value=0 0.0043247 0.0144929 -0.00190562 -0.00214544 0.00305097 0.00989308 0.00175511 0.0157988 -0.00234409 -0.00151938 0.00790807 -0.00224225 0.00335779 0.00486966 0.00674207 0.00293586 0.0119446 0.0124296
internal_weight=0 1060 118 2642 2611 942 150 792 100 2580 2022 144 1878 656 519 400 231 169 73
internal_count=3702 1060 118 2642 2611 942 150 792 100 2580 2022 144 1878 656 519 400 231 169 73
is_linear=0
shrinkage=0.05


Tree=6
num_leaves=20
num_cat=0
split_feature=3 3 3 5 12 12 5 5 2 14 5 3 2 14 1 3 14 15 14
split_gain=10.8375 4.99936 2.79225 3.77723 3.71972 4.01064 3.37869 3.13371 5.54273 2.88875 2.35772 3.64503 2.22296 2.18554 2.75994 2.14269 2.13512 2.0926 2.06339
threshold=1.4750000000000003 0.56500000000000006 3.0750000000000006 16.700000000000006 -1 0.49999999999999495 9.8150000000000031 6.4050000000000011 8.8263656604151995e-05 1.9350000000000003 7.8750000000000009 2.1950000000000007 0.00050104812056764173 1.9450000000000001 0.00022008769603966993 1.885 1.2350000000000001 3.3250000000000006 0.31500000000000006
decision_type=2 2 2 2 2 2 2 2 2 2 2 2 2 2 2 2 2 2 2
left_child=1 -1 4 9 -2 6 7 -6 -9 -4 15 13 17 -12 -15 -10 -7 -11 -3
right_child=2 18 3 -5 5 16 -8 8 10 12 11 -13 -14 14 -16 -17 -18 -19 -20
leaf_value=0.017378462899115779 -0.0017704590583304996 -0.00086387438245127089 0.028636245562561918 -0.001822428107261658 0.0018100683561393192 0.011610911746282836 -0.0053291265640342447 0.022506678366745025 0.016460103343458887 -0.0089537551715260458 -0.0017976482559863786 0.024137693829834463 0.019813029564196064 0.0017038315120670531 0.024869646728038791 0.0026432758010923865 -0.00093677876724137209 0.013644797950983049 -0.0041399216189676406
leaf_weight=31 417 791 28 50 175 37 57 71 94 21 133 20 31 36 20 40 405 20 1225
leaf_count=31 417 791 28 50 175 37 57 71 94 21 133 20 31 36 20 40 405 20 1225
internal_value=0 -0.00254812 0.00289308 0.00939843 0.00224471 0.00378361 0.00629467 0.00741955 0.00979071 0.0150089 0.00715854 0.00383922 0.00970932 0.00169124 0.00997734 0.0123357 0.000113594 0.00206993 -0.00285453
internal_weight=0 2047 1655 150 1505 1088 646 589 414 100 343 209 72 189 56 134 442 41 2016
internal_count=3702 2047 1655 150 1505 1088 646 589 414 100 343 209 72 189 56 134 442 41 2016
is_linear=0
shrinkage=0.05


Tree=7
num_leaves=20
num_cat=0
split_feature=5 3 3 3 1 2 3 5 3 15 2 3 1 15 2 3 15 9 5
split_gain=9.83302 4.4735 2.58722 3.11717 2.95031 2.67069 2.43423 5.89712 2.75261 2.01757 4.95042 3.83322 2.42069 2.40372 4.67588 3.00373 2.32996 2.32368 2.08203
threshold=5.3450000000000006 0.56500000000000006 1.4450000000000001 1.5350000000000004 0.00029888057667890782 0.00011252176050531407 3.3350000000000004 11.550000000000002 2.5250000000000004 2.8750000000000004 0.00018189004180957935 1.7650000000000003 2.5317976732766226e-05 0.23500000000000001 7.9224658844010191e-05 2.0150000000000001 3.1650000000000005 0.99999999999999545 6.0750000000000011
decision_type=2 2 2 2 2 2 2 2 2 2 2 2 2 2 2 2 2 2 2
left_child=1 -1 4 5 -2 -4 8 -8 9 13 11 12 -11 14 -5 -15 -12 -14 -17
right_child=2 -3 3 6 -6 -7 7 -9 -10 10 16 -13 17 15 -16 18 -18 -19 -20
leaf_value=0.016509540162740217 -0.006328199798097978 -0.0026251860528354112 0.023606221292700087 0.025788501727169962 0.012122270063712047 0.0034532565022668531 0.033145977285775272 0.0046760924728143785 -0.0039393790601904878 -0.0066673701629042627 0.011527602440781064 -0.003280845902159683 0.017945882711392729 -0.0019171498715877533 0.0029060815797024167 0.02019766430769648 0.030565410435199739 0.0025947096829230971 0.0036891880405457663
leaf_weight=31 130 2082 35 29 26 31 22 105 153 20 45 117 67 416 97 21 25 39 211
leaf_count=31 130 2082 35 29 26 31 22 105 153 20 45 117 67 416 97 21 25 39 211
internal_value=0 -0.00234446 0.00286173 0.00352741 -0.00325312 0.0141404 0.003015 0.00960788 0.00233976 0.00322358 0.00661099 0.00323606 0.00928746 0.00185374 0.00817267 0.000625054 0.0183268 0.0122978 0.00518349
internal_weight=0 2113 1589 1433 156 66 1367 127 1240 1087 313 243 126 774 126 648 70 106 232
internal_count=3702 2113 1589 1433 156 66 1367 127 1240 1087 313 243 126 774 126 648 70 106 232
is_linear=0
shrinkage=0.05


Tree=8
num_leaves=20
num_cat=0
split_feature=5 3 3 3 1 15 3 5 3 12 1 12 2 15 3 5 5 3 3
split_gain=8.8743 4.03733 2.33497 2.81324 2.66265 2.51638 2.19689 5.32215 2.48423 1.8671 1.9982 2.06938 3.46596 2.24997 4.15637 3.99596 3.25847 2.80333 2.45524
threshold=5.3450000000000006 0.56500000000000006 1.4450000000000001 1.5350000000000004 0.00029888057667890782 1.6050000000000002 3.3350000000000004 11.550000000000002 2.5250000000000004 -1 0.00053623892310966626 1.0000000000000007 7.395822173379914e-05 2.8750000000000004 2.1950000000000007 8.5950000000000006 7.9050000000000011 2.2850000000000006 1.7450000000000003
decision_type=2 2 2 2 2 2 2 2 2 2 2 2 2 2 2 2 2 2 2
left_child=1 -1 4 5 -2 -4 8 -8 9 -5 11 12 -11 14 -14 16 18 -16 -15
right_child=2 -3 3 6 -6 -7 7 -9 -10 10 -12 -13 13 15 17 -17 -18 -19 -20
leaf_value=0.015684063420180354 -0.0060117897276694959 -0.0024939266494211389 0.02516715454834479 -0.00054228864334247731 0.011516156448767736 0.005310053932361114 0.031488678638230676 0.0044422875841458641 -0.0037424099917700085 0.01595602141446378 -0.00664464294910431 0.0010236630746261861 -0.0001164828553969758 0.021603987169893167 0.029047861153429208 0.029098646893449456 -0.0044804880056868897 0.0047968703393752761 0.0036301940875618083
leaf_weight=31 130 2082 27 270 26 39 22 105 153 83 40 246 257 38 22 23 44 26 38
leaf_count=31 130 2082 27 270 26 39 22 105 153 83 40 246 257 38 22 23 44 26 38
internal_value=0 -0.00222724 0.00271864 0.00335104 -0.00309047 0.0134334 0.00286425 0.00912749 0.00222277 0.0030624 0.00425367 0.00481471 0.00657102 0.00483228 0.00240602 0.0100072 0.00634798 0.0159119 0.0126171
internal_weight=0 2113 1589 1433 156 66 1367 127 1240 1087 817 777 531 448 305 143 120 48 76
internal_count=3702 2113 1589 1433 156 66 1367 127 1240 1087 817 777 531 448 305 143 120 48 76
is_linear=0
shrinkage=0.05


Tree=9
num_leaves=20
num_cat=0
split_feature=3 3 5 3 1 2 14 5 2 15 14 4 15 2 3 14 0 1 14
split_gain=8.02874 3.67849 2.15367 3.4941 3.49708 2.60626 2.33996 2.32518 2.94912 2.24202 3.97627 2.20645 2.02024 2.65865 1.96334 1.91726 3.26304 2.29617 1.91232
threshold=1.4750000000000003 0.56500000000000006 6.4650000000000007 1.7750000000000001 6.2088659061395091e-05 0.0001700048985150641 1.3050000000000004 8.2850000000000019 0.00023934326616045274 2.9150000000000005 2.1550000000000007 1.9999999999999964 3.1150000000000007 0.00033220395274397295 1.7250000000000003 2.5450000000000004 4.0801180435456681e-05 7.6404762265581584e-05 -0.12499999999999999
decision_type=2 2 2 2 2 2 2 2 2 2 2 2 2 2 2 2 2 2 2
left_child=1 -1 15 4 -4 6 -5 8 11 -7 -11 14 -12 -14 -6 -2 -17 -18 -3
right_child=2 18 3 5 7 9 -8 -9 -10 10 12 -13 13 -15 -16 16 17 -19 -20
leaf_value=0.014899859745656292 -0.001213831411645053 0.006916243189348365 0.023539468827279839 0.011691977443366216 0.010911854401957698 0.0025116783319687357 -0.0033724092878401283 -0.0055583170615136623 -0.0085864085331559172 0.021718968133977119 -0.0083373702764511122 -0.003238913267850876 0.00041830236778447503 0.021956504946169648 0.026246641123933451 -0.0029364936505303241 0.023950629157048684 0.0060364469885826116 -0.0027086879839808495
leaf_weight=31 504 53 37 29 82 392 232 32 20 47 25 20 38 23 28 66 27 53 1963
leaf_count=31 504 53 37 29 82 392 232 32 20 47 25 20 38 23 28 66 27 53 1963
internal_value=0 -0.00219282 0.0024905 0.00394106 0.00952633 0.00238486 -0.00169859 0.0066775 0.00928781 0.00441491 0.0100245 0.0120377 0.00363327 0.00853926 0.0148153 0.000247722 0.00529308 0.0120825 -0.00245565
internal_weight=0 2047 1655 1005 219 786 261 182 150 525 133 130 86 61 110 650 146 80 2016
internal_count=3702 2047 1655 1005 219 786 261 182 150 525 133 130 86 61 110 650 146 80 2016
is_linear=0
shrinkage=0.05


Tree=10
num_leaves=20
num_cat=0
split_feature=3 15 2 14 15 14 2 15 3 14 3 1 1 4 3 0 14 2 15
split_gain=7.72224 2.31332 6.06005 4.19741 3.20279 5.20729 2.11802 2.07305 1.90077 4.766 2.62048 2.01285 5.10121 2.63031 2.66224 1.78614 1.62541 3.89822 3.82337
threshold=1.4750000000000003 0.7350000000000001 7.777684693952701e-05 0.46500000000000002 1.9950000000000003 1.3050000000000004 0.00014790376662759673 3.6150000000000007 3.0250000000000004 1.7250000000000003 2.5250000000000004 0.00029888057667890782 0.00041659036141107858 -0.99999999999998412 1.7650000000000003 0.00029294299535326018 2.0450000000000004 5.640505676838488e-05 3.0550000000000002
decision_type=2 2 2 2 2 2 2 2 2 2 2 2 2 2 2 2 2 2 2
left_child=-1 2 -2 -4 -3 -6 -5 8 10 -10 11 13 15 -7 16 -13 17 -15 -19
right_child=1 4 3 6 5 7 -8 -9 9 -11 -12 12 -14 14 -16 -17 -18 18 -20
leaf_value=-0.0019198748851236248 0.026255049535797704 -0.0020129508411277077 -0.00087864113541749806 0.028366914533433464 0.028648690022528175 -0.002958263962396554 0.007017397106840061 0.012618218211886975 0.023998143458191089 0.0027912309486418964 -0.0064837570872999005 0.033070605918765067 -0.00088496137749065047 0.031431853061630613 -0.00092714696094907563 0.01242506622590802 0.004102061693801692 -0.0045742523031575338 0.019750880251328151
leaf_weight=2031 36 373 130 21 20 224 26 52 34 120 93 20 55 21 174 22 152 35 30
leaf_count=2031 36 373 130 21 20 224 26 52 34 120 93 20 55 21 174 22 152 35 30
internal_value=0 0.0026944 0.00755454 0.00375104 0.00196794 0.00337941 0.0165565 0.0028897 0.00237349 0.00747328 0.00142268 0.00242582 0.00913496 0.00140257 0.00377351 0.0222563 0.00721013 0.0127034 0.00665273
internal_weight=0 1638 213 177 1425 1052 47 1032 980 154 826 733 97 636 412 42 238 86 65
internal_count=3669 1638 213 177 1425 1052 47 1032 980 154 826 733 97 636 412 42 238 86 65
is_linear=0
shrinkage=0.05


Tree=11
num_leaves=20
num_cat=0
split_feature=3 15 2 14 15 14 2 15 3 14 5 1 3 1 1 20 3 0 5
split_gain=6.96932 2.08777 5.46919 3.78816 2.89052 4.69958 1.91152 1.87093 1.71545 4.30132 2.41529 4.90426 2.36498 1.8166 4.60384 1.7193 1.99409 1.95647 1.79676
threshold=1.4750000000000003 0.7350000000000001 7.777684693952701e-05 0.46500000000000002 1.9950000000000003 1.3050000000000004 0.00014790376662759673 3.6150000000000007 3.0250000000000004 1.7250000000000003 16.700000000000006 0.00059420226055148094 2.5250000000000004 0.00029888057667890782 0.00041659036141107858 0.0012219224350956683 1.7550000000000001 1.0773340953202317e-05 5.3150000000000004
decision_type=2 2 2 2 2 2 2 2 2 2 2 2 2 2 2 2 2 2 2
left_child=-1 2 -2 -4 -3 -6 -5 8 12 -10 11 -11 13 15 -15 16 17 -7 -19
right_child=1 4 3 6 5 7 -8 -9 9 10 -12 -13 -14 14 -16 -17 -18 18 -20
leaf_value=-0.0018056422328271049 0.02469287430867553 -0.0018931801956816108 -0.00082636196573193264 0.026679082929023674 0.026944093181937936 -0.0071389853784247581 0.0065998619009669012 0.011867433995295031 0.022570253899649662 -0.0013600490468329398 -0.0087774045467376716 0.023570880141494603 -0.0060979734672413719 0.020932027075971877 -0.00083230614066123971 -0.0021119684841174749 -0.00043496732158264563 0.0023348008036040346 0.01206748531020206
leaf_weight=2031 36 373 130 21 20 23 26 52 34 58 33 29 93 42 55 229 191 78 115
leaf_count=2031 36 373 130 21 20 23 26 52 34 58 33 29 93 42 55 229 191 78 115
internal_value=0 0.00253408 0.00710504 0.00352785 0.00185085 0.00317834 0.0155714 0.00271776 0.00223227 0.00702862 0.00262515 0.00695026 0.00133803 0.00228148 0.00859143 0.00131912 0.00324963 0.00650777 0.00813407
internal_weight=0 1638 213 177 1425 1052 47 1032 980 154 120 87 826 733 97 636 407 216 193
internal_count=3669 1638 213 177 1425 1052 47 1032 980 154 120 87 826 733 97 636 407 216 193
is_linear=0
shrinkage=0.0495


Tree=12
num_leaves=20
num_cat=0
split_feature=3 15 2 14 15 14 2 15 2 4 14 14 3 15 16 14 15 3 3
split_gain=6.29643 1.8862 4.94114 3.42241 2.61144 4.24584 1.72696 1.69029 1.58524 3.3635 3.05692 2.59774 2.09972 1.92976 2.21808 1.53678 1.68069 2.30749 5.49127
threshold=1.4750000000000003 0.7350000000000001 7.777684693952701e-05 0.46500000000000002 1.9950000000000003 1.3050000000000004 0.00014790376662759673 3.6150000000000007 0.0001700048985150641 -0.99999999999998412 1.5550000000000004 1.4425000000000001 1.7650000000000003 2.8750000000000004 -5.2499999999999982 0.31500000000000006 0.91500000000000015 0.88500000000000012 0.77500000000000013
decision_type=2 2 2 2 2 2 2 2 2 2 2 2 2 2 2 2 2 2 2
left_child=15 2 -2 -4 -3 -6 -5 8 9 -7 11 -11 13 -12 -15 16 17 18 -1
right_child=1 4 3 6 5 7 -8 -9 -10 10 12 -13 -14 14 -16 -17 -18 -19 -20
leaf_value=-0.0032722900362259573 0.023235871478654444 -0.0017814731516034889 -0.00077760249850555114 0.025104883463680745 0.025354256916236131 -0.0050848590897371784 0.0062104369962215425 0.011167196203069045 0.0042660903547772182 0.0024452689107720342 -0.0020949984495341779 0.026046197139881551 -0.003637337185696195 -0.0057243256015330557 0.011494163367127885 -0.0027813178741583817 0.0050767163249603826 -0.0029791946760699319 0.012846162858503707
leaf_weight=126 36 373 130 21 20 183 26 52 444 21 66 24 122 22 98 1235 130 455 85
leaf_count=126 36 373 130 21 20 183 26 52 444 21 66 24 122 22 98 1235 130 455 85
internal_value=0 0.00238456 0.00668581 0.00331969 0.00174164 0.0029908 0.0146526 0.0025574 0.00210055 0.000306713 0.00310178 0.0150324 0.00135866 0.00463561 0.00833744 -0.0016991 -2.00316e-05 -0.00101489 0.00322093
internal_weight=0 1638 213 177 1425 1052 47 1032 980 536 353 45 308 186 120 2031 796 666 211
internal_count=3669 1638 213 177 1425 1052 47 1032 980 536 353 45 308 186 120 2031 796 666 211
is_linear=0
shrinkage=0.049005


Tree=13
num_leaves=20
num_cat=0
split_feature=3 14 1 15 3 2 3 14 15 15 14 2 3 2 3 3 15 3 3
split_gain=5.69444 1.75406 4.88941 2.72655 2.32326 2.36183 2.0415 1.94263 1.79677 1.50988 1.51969 4.34459 5.09175 2.0576 2.08654 2.84748 2.92457 3.49064 1.89082
threshold=1.4750000000000003 1.2850000000000004 0.00017567050037318874 1.9950000000000003 1.7150000000000001 0.00011824206964160203 1.5350000000000004 1.1650000000000003 0.065000000000000016 3.6150000000000007 1.7450000000000003 5.640505676838488e-05 3.0250000000000004 0.00013125213201836312 2.2850000000000006 2.1950000000000007 2.6350000000000002 1.885 1.6850000000000003
decision_type=2 2 2 2 2 2 2 2 2 2 2 2 2 2 2 2 2 2 2
left_child=-1 2 4 -3 5 6 -2 8 -6 10 11 -5 -13 18 15 16 -15 -18 -12
right_child=1 3 -4 9 7 -7 -8 -9 -10 -11 13 12 -14 14 -16 -17 17 -19 -20
leaf_value=-0.0015996775943629439 0.021010008899919743 -0.0033508268080847843 -0.0022281710687746792 0.027380596010774264 0.011631259196211845 -0.0033899671994325263 0.0056300348966640094 0.0060505232587038989 0.029241790267596473 0.010513748112462862 0.0019728580913171826 -0.0015163181984346361 0.018641531286615765 -0.0048673137310347664 -0.00042950697175335358 0.022201247035518196 0.014334577742230185 0.00021394178008812625 -0.0049827015036933309
leaf_weight=2031 28 233 133 20 25 46 74 31 30 52 182 121 39 57 191 24 90 76 186
leaf_count=2031 28 233 133 20 25 46 74 31 30 52 182 121 39 57 191 24 90 76 186
internal_value=0 0.00224503 0.00519951 0.00139192 0.00942122 0.00573625 0.00985199 0.0157628 0.021237 0.00245653 0.00203161 0.00606198 0.00339716 0.00113152 0.00337838 0.00632293 0.00461406 0.00786971 -0.00154272
internal_weight=0 1638 367 1271 234 148 102 86 55 1038 986 180 160 806 438 247 223 166 368
internal_count=3669 1638 367 1271 234 148 102 86 55 1038 986 180 160 806 438 247 223 166 368
is_linear=0
shrinkage=0.048515


Tree=14
num_leaves=20
num_cat=0
split_feature=3 14 1 15 2 3 3 3 2 3 2 4 3 0 1 14 15 22 3
split_gain=5.15531 1.58799 4.4265 2.52389 2.67972 3.7616 2.62381 2.16662 3.14122 2.1033 2.13822 2.07289 1.84822 1.79177 1.87963 1.7587 1.62666 1.50774 1.48435
threshold=1.4750000000000003 1.2850000000000004 0.00017567050037318874 2.8750000000000004 0.00018189004180957935 1.885 1.7950000000000002 3.0250000000000004 0.00058002305246669021 1.7150000000000001 0.00011824206964160203 -1.0000000180025095e-35 1.5350000000000004 4.1543900426784734e-05 6.0361071982316409e-05 1.1650000000000003 0.065000000000000016 -5.779782299220048e-05 0.57500000000000007
decision_type=2 2 2 2 2 2 2 2 2 2 2 2 2 2 2 2 2 2 2
left_child=18 2 9 7 6 -6 11 -3 -9 10 12 -5 -2 -13 -15 16 -11 -4 -1
right_child=1 3 17 4 5 -7 -8 8 -10 15 -12 13 -14 14 -16 -17 -18 -19 -20
leaf_value=0.0054695350154312363 0.019790802127655438 -0.0012520324476994566 0.0087993518377750043 -0.001008905889968474 0.027224659855384258 0.0060507007130597232 -0.0031949381945442462 0.016269493960567472 -0.0015478965456946303 0.010956299825722226 -0.0031932480479769177 0.0011420436712506179 0.0053033251065870918 0.025376349020294554 0.008965378012780429 0.0056994126707439899 0.027544894983132038 -0.0044984793746349746 -0.0017485164711981544
leaf_weight=68 28 703 24 77 24 100 139 42 50 25 46 46 74 21 69 31 30 109 1963
leaf_count=68 28 703 24 77 24 100 139 42 50 25 46 46 74 21 69 31 30 109 1963
internal_value=0 0.00211475 0.00489778 0.00131115 0.00407716 0.0101489 0.00193826 -0.000344975 0.00658613 0.00887451 0.00540337 0.00528809 0.00928028 0.0088533 0.0127946 0.0148481 0.0200046 -0.00209887 -0.00150685
internal_weight=0 1638 367 1271 476 124 352 795 92 234 148 213 102 136 90 86 55 133 2031
internal_count=3669 1638 367 1271 476 124 352 795 92 234 148 213 102 136 90 86 55 133 2031
is_linear=0
shrinkage=0.0480298


Tree=15
num_leaves=20
num_cat=0
split_feature=5 3 14 3 5 22 5 2 3 3 6 6 15 2 3 5 3 14 10
split_gain=4.99557 3.15301 1.81613 2.03583 2.3265 2.37554 2.29896 2.58462 2.22802 2.51434 1.8584 1.64842 1.96988 1.59782 1.55289 3.06487 2.36792 2.06378 1.70675
threshold=5.3450000000000006 0.56500000000000006 -0.39499999999999996 1.4850000000000001 5.6150000000000011 1.4646542544571874e-05 6.285000000000001 9.0810878130370413e-05 1.925 2.3350000000000004 0.99999999999988998 8.2500000000000036 1.0050000000000001 4.2516283553481074e-05 3.1250000000000004 16.700000000000006 2.5050000000000003 1.9350000000000003 -4.2499999999999973
decision_type=2 2 2 2 2 2 2 2 2 2 2 2 2 2 2 2 2 2 2
left_child=1 -1 -2 -4 5 -5 -6 8 10 -10 -8 -3 -13 -14 16 17 -9 -16 -19
right_child=2 11 3 4 6 -7 7 14 9 -11 -12 12 13 -15 15 -17 -18 18 -20
leaf_value=0.013444899895203762 0.012632482209545468 -0.0021585349570551206 -0.0034359402345790582 0.018531334017952081 -0.0022146717275214394 0.0013357581013730773 0.0054312455269842396 0.0022557044277203104 -0.007055042653810171 0.014436619396543103 0.019839123170315838 0.011455342492996198 0.0094520590228742811 -0.0059252143509426888 0.022761936131276549 -0.0031917797010295231 -0.0046078744071657634 0.017753720412932196 0.0020002859204423904
leaf_weight=31 35 1965 158 39 259 34 35 644 32 20 48 45 22 50 26 50 138 23 48
leaf_count=31 35 1965 158 39 259 34 35 644 32 20 48 45 22 50 26 50 138 23 48
internal_value=0 -0.00160793 0.00192102 0.00167977 0.00225877 0.0105224 0.0018028 0.00278073 0.00892846 0.00121098 0.0137635 -0.00183206 0.00365107 -0.0012266 0.00188736 0.00637123 0.00104448 0.0113006 0.00710351
internal_weight=0 2113 1589 1554 1396 73 1323 1064 135 52 83 2082 117 72 929 147 782 97 71
internal_count=3702 2113 1589 1554 1396 73 1323 1064 135 52 83 2082 117 72 929 147 782 97 71
is_linear=0
shrinkage=0.0475495


Tree=16
num_leaves=20
num_cat=0
split_feature=5 3 14 3 3 2 1 2 6 15 15 2 3 5 3 3 5 12 15
split_gain=4.53179 2.86029 1.64752 1.84683 2.14876 2.04124 1.7443 3.21994 1.49539 1.787 1.4701 3.23766 3.63062 2.33496 2.08105 1.80628 2.78829 1.81297 1.67569
threshold=5.3450000000000006 0.56500000000000006 -0.39499999999999996 1.4850000000000001 1.5350000000000004 0.0001115577591577161 3.1711042540502074e-05 4.612981061923272e-05 8.2500000000000036 1.0050000000000001 2.8750000000000004 0.00017991077531237903 1.7450000000000003 8.0050000000000008 1.925 2.0150000000000001 6.1450000000000005 7.999999999999992 0.25500000000000006
decision_type=2 2 2 2 2 2 2 2 2 2 2 2 2 2 2 2 2 2 2
left_child=1 -1 -2 -4 5 -5 -6 -8 -3 -10 15 12 13 -12 -13 18 -17 -18 -9
right_child=2 8 3 4 6 -7 7 10 9 -11 11 14 -14 -15 -16 16 17 -19 -20
leaf_value=0.012677545549083026 0.011911495556401365 -0.0020353386013936613 -0.003239837432567145 0.019195449628823281 -0.0059449448214881273 0.00018733164036279613 0.015458294129502177 0.0042344817931732025 0.010801540384276652 -0.0011565958077389637 0.01322815153336262 0.019456175230985275 -0.0035315765471131532 -0.0026487340461915582 0.0063610966963995683 0.019640252302519957 0.0012369673590598936 0.015151673584029272 -0.0028136481794367209
leaf_weight=31 35 1965 158 31 62 21 39 94 45 72 65 38 151 30 92 21 365 22 365
leaf_count=31 35 1965 158 31 62 21 39 94 45 72 65 38 151 30 92 21 365 22 365
internal_value=0 -0.00151616 0.00181138 0.0015839 0.00212985 0.0115191 0.00176658 0.00213952 -0.0017275 0.00344269 0.00172163 0.00417993 0.00100447 0.0082144 0.0101889 0.000655519 0.0029345 0.00202798 -0.00137024
internal_weight=0 2113 1589 1554 1396 52 1344 1282 2082 117 1243 376 246 95 130 867 408 387 459
internal_count=3702 2113 1589 1554 1396 52 1344 1282 2082 117 1243 376 246 95 130 867 408 387 459
is_linear=0
shrinkage=0.047074


Tree=17
num_leaves=20
num_cat=0
split_feature=3 3 14 3 0 22 15 2 3 13 4 14 0 3 3 12 14 2 18
split_gain=3.60577 2.58322 1.58711 1.41938 1.39815 1.3504 1.13426 2.92413 2.33256 2.07432 1.96895 1.95937 2.04291 1.66703 2.24267 1.94862 1.59531 1.08796 1.30177
threshold=1.4750000000000003 0.56500000000000006 -0.12499999999999999 0.89500000000000013 0.0001064014711489036 4.8315889299987986e-05 2.8950000000000005 0.00017991077531237903 1.7650000000000003 0.99999999999998956 -1.0000000180025095e-35 1.2850000000000004 0.0002795645944916234 2.1950000000000007 2.2850000000000006 4.9999999999999885 1.6150000000000004 7.9224658844010191e-05 -0.038142949939255259
decision_type=2 2 2 2 2 2 2 2 2 2 2 2 2 2 2 2 2 2 2
left_child=1 -1 3 -3 -4 6 11 8 10 -9 -8 12 17 -13 -15 16 -16 -2 -19
right_child=5 2 4 -5 -6 -7 7 9 -10 -11 -12 13 -14 14 15 -17 -18 18 -20
leaf_value=0.011959955184726407 0.013598185812774669 0.016158358325252711 -0.0024548318044754647 0.00042462306833074309 0.00059126212784258326 -0.00053298159628045066 -0.0008985971828703661 0.016047744224686165 -0.0035054969603745046 0.0011282664607799595 0.0098756661624007213 -0.0023866859486331108 -0.0031835495656683394 0.01389563950366391 0.0066377486158607129 0.01119399225745113 -0.0040569226257474045 0.012305592472237416 0.002950869622804512
leaf_weight=31 40 20 1548 33 415 485 61 67 101 29 93 315 58 34 41 33 116 42 140
leaf_count=31 40 20 1548 33 415 485 61 67 101 29 93 315 58 34 41 33 116 42 140
internal_value=0 -0.0013907 -0.001596 0.00636188 -0.00181085 0.00153463 0.00239172 0.00460822 0.0019983 0.0115408 0.00560794 0.0014418 0.00460442 -0.000201128 0.00287231 0.000899718 -0.00126405 0.00663912 0.00510965
internal_weight=0 2047 2016 53 1963 1655 1170 351 255 96 154 819 280 539 224 190 157 222 182
internal_count=3702 2047 2016 53 1963 1655 1170 351 255 96 154 819 280 539 224 190 157 222 182
is_linear=0
shrinkage=0.0466033


Tree=18
num_leaves=20
num_cat=0
split_feature=5 14 14 15 1 15 2 14 5 19 22 0 1 0 15 18 5 15 2
split_gain=3.88621 2.34828 1.72047 2.67849 3.01857 3.24633 2.48456 1.60387 1.56096 1.20126 1.19481 1.33245 1.11262 1.07323 0.980314 0.959378 1.07754 0.95017 1.72315
threshold=6.9350000000000014 -0.39499999999999996 2.1850000000000005 2.8950000000000005 0.00012292951757928016 1.6950000000000001 0.00014618665233674707 1.7850000000000004 2.5750000000000006 0.002902538449316983 -0.00042481663733789915 4.2202129208475767e-05 3.948589872141692e-05 9.3103988012929167e-05 3.4950000000000006 -0.033996113172008451 5.3450000000000006 0.42500000000000004 7.4673160809540659e-05
decision_type=2 2 2 2 2 2 2 2 2 2 2 2 2 2 2 2 2 2 2
left_child=1 -1 3 4 5 -2 7 -5 -3 12 11 -11 -10 -7 -4 -13 -17 18 -14
right_child=2 8 14 6 -6 13 -8 -9 9 10 -12 15 17 -15 -16 16 -18 -19 -20
leaf_value=0.010975657521402454 0.018249148785850513 0.0077783739031261189 -0.0023851176280601221 0.014250626871598436 0.00050847126196853902 -0.0048992870277108965 0.015760950751113879 -0.00045144656688443657 -0.0030987634002771144 -0.0012003012657437172 -0.00039279981505864188 0.0019911202124925712 0.0070315928865761889 0.0092017061802476298 0.0060693278967810706 0.0061901681207949403 0.020500789564764622 -0.0014924172299962534 -0.00091679573576569965
leaf_weight=35 47 42 176 22 410 27 68 56 762 48 451 28 84 20 35 24 21 1158 188
leaf_count=35 47 42 176 22 410 27 68 56 762 48 451 28 84 20 35 24 21 1158 188
internal_value=0 -0.000901188 0.00263712 0.00381218 0.00221813 0.00967514 0.00931491 0.00369529 -0.00104933 -0.00118347 0.000699414 0.00477039 -0.00167481 0.00110114 -0.000982721 0.00869633 0.0128685 -0.00091603 0.00153785
internal_weight=0 2841 861 650 504 94 146 78 2806 2764 572 121 2192 47 211 73 45 1430 272
internal_count=3702 2841 861 650 504 94 146 78 2806 2764 572 121 2192 47 211 73 45 1430 272
is_linear=0
shrinkage=0.0461372


Tree=19
num_leaves=20
num_cat=0
split_feature=5 3 3 14 3 5 2 2 15 3 3 5 5 11 1 15 18 6 6
split_gain=3.53588 4.05782 2.20586 2.25586 1.8632 2.40595 2.75196 1.96279 1.70515 1.38762 5.34607 5.86676 4.3952 1.57215 1.24387 1.21111 1.18731 1.66078 1.20434
threshold=6.9350000000000014 2.4750000000000005 0.56500000000000006 -0.39499999999999996 1.7750000000000001 8.2850000000000019 0.00022948028557848781 0.0001700048985150641 3.3850000000000002 0.74500000000000011 0.87500000000000011 3.2950000000000004 2.8750000000000004 -10.00000000000003 0.0003279741401299276 1.6650000000000003 -0.024295315434841754 -1.0000000000001117 3.9999999999999818
decision_type=2 2 2 2 2 2 2 2 2 2 2 2 2 2 2 2 2 2 2
left_child=1 2 -1 -4 5 6 16 -6 -9 15 11 12 -11 -12 -15 -5 -2 -18 -19
right_child=4 -3 3 9 7 -7 -8 8 -10 10 13 -13 -14 14 -16 -17 17 18 -20
leaf_value=0.011093581243913844 0.018432079135188326 0.016451269309221066 0.010364578280545449 -0.0037894798304967028 -0.0030910363019802539 -0.0045786564990369606 -0.0057341336429952323 0.0019559472433335356 0.012023230121184759 0.019852946430174049 0.0089934477187693703 0.026911449862069038 -0.0014412685126971489 -0.001707855761810099 0.0061449383196962824 0.0066991835750724099 0.0002751087741248766 0.019347540128046348 0.0076476843990345685
leaf_weight=31 34 28 35 534 160 35 24 460 38 26 30 27 91 1972 43 24 34 31 45
leaf_count=31 34 28 35 534 160 35 24 460 38 26 30 27 91 1972 43 24 34 31 45
internal_value=0 -0.000851014 -0.00102324 -0.00115826 0.0024903 0.00631572 0.00858539 0.00131011 0.00272413 -0.00130507 -0.000786764 0.00771965 0.00329078 -0.00138575 -0.00154028 -0.00333835 0.010972 0.00866612 0.01242
internal_weight=0 2841 2813 2782 861 203 168 658 498 2747 2189 144 117 2045 2015 558 144 110 76
internal_count=3702 2841 2813 2782 861 203 168 658 498 2747 2189 144 117 2045 2015 558 144 110 76
is_linear=0
shrinkage=0.0456759


end of trees

feature_importances:
f_3=107
f_14=55
f_2=50
f_15=49
f_5=43
f_1=34
f_0=9
f_4=7
f_12=6
f_6=5
f_22=4
f_18=3
f_11=2
f_9=1
f_10=1
f_13=1
f_16=1
f_19=1
f_20=1

parameters:
[boosting: gbdt]
[objective: regression]
[metric: binary_logloss]
[tree_learner: serial]
[device_type: cpu]
[data: ]
[valid: ]
[num_iterations: 10]
[learning_rate: 0.0456759]
[num_leaves: 20]
[num_threads: 0]
[deterministic: 0]
[force_col_wise: 0]
[force_row_wise: 0]
[histogram_pool_size: -1]
[max_depth: -1]
[min_data_in_leaf: 20]
[min_sum_hessian_in_leaf: 0.001]
[bagging_fraction: 0.7]
[pos_bagging_fraction: 1]
[neg_bagging_fraction: 1]
[bagging_freq: 5]
[bagging_seed: 3]
[feature_fraction: 0.9]
[feature_fraction_bynode: 1]
[feature_fraction_seed: 2]
[extra_trees: 0]
[extra_seed: 6]
[early_stopping_round: 0]
[first_metric_only: 0]
[max_delta_step: 0]
[lambda_l1: 0]
[lambda_l2: 0]
[linear_lambda: 0]
[min_gain_to_split: 0]
[drop_rate: 0.1]
[max_drop: 50]
[skip_drop: 0.5]
[xgboost_dart_mode: 0]
[uniform_drop: 0]
[drop_seed: 4]
[top_rate: 0.2]
[other_rate: 0.1]
[min_data_per_group: 100]
[max_cat_threshold: 32]
[cat_l2: 10]
[cat_smooth: 10]
[max_cat_to_onehot: 4]
[top_k: 20]
[monotone_constraints: ]
[monotone_constraints_method: basic]
[monotone_penalty: 0]
[feature_contri: ]
[forcedsplits_filename: ]
[refit_decay_rate: 0.9]
[cegb_tradeoff: 1]
[cegb_penalty_split: 0]
[cegb_penalty_feature_lazy: ]
[cegb_penalty_feature_coupled: ]
[path_smooth: 0]
[interaction_constraints: ]
[verbosity: 0]
[saved_feature_importance_type: 0]
[linear_tree: 0]
[max_bin: 255]
[max_bin_by_feature: ]
[min_data_in_bin: 3]
[bin_construct_sample_cnt: 200000]
[data_random_seed: 1]
[is_enable_sparse: 1]
[enable_bundle: 1]
[use_missing: 1]
[zero_as_missing: 0]
[feature_pre_filter: 1]
[pre_partition: 0]
[two_round: 0]
[header: 0]
[label_column: ]
[weight_column: ]
[group_column: ]
[ignore_column: ]
[categorical_feature: ]
[forcedbins_filename: ]
[precise_float_parser: 0]
[objective_seed: 5]
[num_class: 1]
[is_unbalance: 0]
[scale_pos_weight: 1]
[sigmoid: 1]
[boost_from_average: 1]
[reg_sqrt: 0]
[alpha: 0.9]
[fair_c: 1]
[poisson_max_delta_step: 0.7]
[tweedie_variance_power: 1.5]
[lambdarank_truncation_level: 30]
[lambdarank_norm: 1]
[label_gain: ]
[eval_at: ]
[multi_error_top_k: 1]
[auc_mu_weights: ]
[num_machines: 1]
[local_listen_port: 12400]
[time_out: 120]
[machine_list_filename: ]
[machines: ]
[gpu_platform_id: -1]
[gpu_device_id: -1]
[gpu_use_dp: 0]
[num_gpu: 1]

end of parameters

pandas_categorical:[]
