tree
version=v3
num_class=1
num_tree_per_iteration=1
label_index=0
max_feature_idx=22
objective=regression
feature_names=f_0 f_1 f_2 f_3 f_4 f_5 f_6 f_7 f_8 f_9 f_10 f_11 f_12 f_13 f_14 f_15 f_16 f_17 f_18 f_19 f_20 f_21 f_22
feature_infos=[3.5138360446667107e-07:0.0066553821535006137] [2.5600331918768856e-06:0.0039732576088439284] [9.2225614268401974e-06:0.0029579505118275174] [0.53000000000000003:6.5599999999999996] [-33.000000000000007:46] [2.4100000000000001:21.82] [-101.00000000000016:144.99999999999994] [-0.15710919088766695:0.17837578087457961] [-81:74] [-46:33.999999999999986] [-51.000000000000021:33.999999999999986] [-33.000000000000007:27.999999999999979] [-41:96.000000000000014] [-36.000000000000007:32.999999999999986] [-0.52000000000000002:2.9100000000000001] [-0.94999999999999996:3.8500000000000001] [-52:73.999999999999972] [-28.000000000000004:24.000000000000004] [-0.29572649572649579:0.64215246636771273] [-0.02958455728073861:0.047292143401983289] [-0.054746473503621829:0.033993115318416534] [-0.039377561323276189:0.045346674363414774] [-0.019984292877423981:0.018327052533256172]
tree_sizes=3618 3770 3762 3783 3787 3773 3737 3751 3751 3783 3786 3794 3831 3802 3801 3864 3836 3825 3877 3803

Tree=0
num_leaves=42
num_cat=0
split_feature=3 1 1 15 10 14 2 10 7 2 20 3 9 19 3 0 10 1 15 20 15 11 12 6 2 3 18 14 9 7 0 0 7 10 11 18 14 2 18 14 0
split_gain=17.6515 6.63391 2.95798 2.73993 2.81905 2.44513 3.09931 2.24793 2.16964 1.77598 1.84228 2.12865 2.36282 2.25144 2.03192 2.2725 1.83236 1.76202 2.68438 2.18624 1.60556 1.75208 1.59489 1.77883 2.25462 3.3595 1.58848 1.5456 1.37715 1.32105 1.23139 1.77219 2.48215 1.25357 1.50893 1.29424 1.2275 1.10676 2.28308 1.30164 1.29657
threshold=1.4950000000000003 3.667515708496517e-05 7.8719737676296867e-05 0.76500000000000012 3.0000000000000142 -0.22499999999999998 0.00013274109257684782 9.9999999999999876 0.0021556481818265642 0.0011109579304333353 0.0025516728399916926 1.7950000000000002 6.2500000000000453 -0.0027070430613743697 2.0150000000000001 7.9573246589843182e-05 -5.000000000000048 0.00015377169860184874 2.7850000000000006 0.0011811386124406245 2.4150000000000005 1.0000000180025095e-35 -5.0000000000000009 -1.0000000180025095e-35 0.00022262610528635103 2.5850000000000004 0.0200964191372528 2.1750000000000003 -1.0000000180025095e-35 -0.01121675918702336 0.00010355877535675684 0.00023015135905199828 0.0190231667418479 -4.2499999999999973 1.0000000000000455 -0.018568893280039852 1.4650000000000001 7.9826162016698998e-05 0.017157346482058137 0.40500000000000008 6.4293806717573889e-05
decision_type=2 2 2 2 2 2 2 2 2 2 2 2 2 2 2 2 2 2 2 2 2 2 2 2 2 2 2 2 2 2 2 2 2 2 2 2 2 2 2 2 2
left_child=2 -2 -1 4 5 8 -7 9 -3 10 11 13 14 28 20 -16 -15 19 -19 -18 -13 27 -17 24 -24 -26 -8 -22 29 -5 -12 33 -33 -32 -35 -36 -25 38 40 -39 -4
right_child=1 3 37 7 -6 6 26 -9 -10 -11 30 12 -14 16 15 22 17 18 -20 -21 21 -23 23 36 25 -27 -28 -29 -30 -31 31 32 -34 34 35 -37 -38 39 -40 -41 -42
leaf_value=0.20764006770679219 0.20564516111512643 0.22304147421995646 0.21202956962214187 0.23343108445474958 0.23456744807418009 0.24074333731021541 0.22753882865029515 0.20866418505690537 0.20161290311069563 0.22888562997702758 0.20918866057356561 0.20473790306412948 0.23256528360185016 0.22924448164632144 0.22827956937999799 0.2258553269918796 0.21101884356459558 0.21351766483806275 0.23911290255190207 0.2291129027009137 0.23115835721588859 0.20630040304084643 0.20637480780164247 0.21979472102158359 0.24161290251464917 0.21457586588049538 0.21054147440622095 0.21315136447722069 0.24024926617133258 0.21589861718353617 0.23161290266366077 0.2036537194068157 0.22276674894932491 0.2099462363198526 0.21561290290207935 0.23204768526587766 0.20634263276994688 0.21262480770851022 0.20773535199905585 0.20716845858346694 0.22612270666703971
leaf_weight=1178 124 21 24 22 44 23 27 78 27 33 99 64 21 38 45 33 101 21 20 20 22 32 21 22 20 27 28 26 22 21 20 49 26 36 25 23 74 336 49 162 51
leaf_count=1178 124 21 24 22 44 23 27 78 27 33 99 64 21 38 45 33 101 21 20 20 22 32 21 22 20 27 28 26 22 21 20 49 26 36 25 23 74 336 49 162 51
internal_value=0.212224 0.216668 0.209113 0.217779 0.223672 0.219867 0.225331 0.216834 0.210988 0.217483 0.217087 0.218503 0.216232 0.22199 0.215343 0.218142 0.219363 0.217045 0.226003 0.21401 0.210641 0.215363 0.215826 0.213808 0.219995 0.226081 0.218886 0.221405 0.230074 0.224869 0.213663 0.216138 0.21028 0.220363 0.217684 0.223488 0.209425 0.211902 0.216129 0.21085 0.221613
internal_weight=0 1355 1800 1231 170 126 78 1061 48 983 950 672 407 265 386 242 200 162 41 121 144 80 197 164 68 47 55 48 65 43 278 179 75 104 84 48 96 622 124 498 75
internal_count=3155 1355 1800 1231 170 126 78 1061 48 983 950 672 407 265 386 242 200 162 41 121 144 80 197 164 68 47 55 48 65 43 278 179 75 104 84 48 96 622 124 498 75
is_linear=0
shrinkage=1


Tree=1
num_leaves=42
num_cat=0
split_feature=5 5 5 3 3 5 2 1 2 3 3 6 8 5 1 2 6 17 1 1 5 21 7 11 14 1 1 14 19 21 19 4 14 2 4 0 7 11 7 8 1
split_gain=17.042 4.86857 3.9786 2.93145 2.47474 2.34781 2.33263 2.59834 3.52663 2.42291 2.1798 2.16689 2.14275 1.93791 1.8643 3.09485 1.72895 2.23696 1.59562 1.66555 2.30662 1.71372 1.83456 2.19741 1.52637 1.498 1.6996 3.1083 1.47917 1.60382 1.42343 1.40935 1.38236 1.35493 1.27426 1.64892 1.24838 1.17174 1.21327 1.00324 0.950028
threshold=4.6850000000000014 2.5750000000000006 6.5250000000000012 1.7850000000000004 1.5550000000000004 7.6550000000000011 0.00020467053333761656 0.00040460440659399087 0.0011109579304333353 2.5750000000000006 1.5250000000000001 6.9999999999998961 -1.0000000000000118 8.3150000000000031 0.00027566130516974247 0.00033220395274397295 8.2500000000000036 0.58333333333334692 0.00017095568635345116 5.2609242738473945e-05 6.6850000000000014 0.0013443643790707063 -0.019705563893553376 -1.2500000000000175 1.8550000000000002 0.00026710277035244093 0.00015377169860184874 1.2350000000000001 0.0066415542011385451 0.0018602916428548391 -0.0001141227268446343 -1.0000000180025095e-35 0.20500000000000004 3.4874034338445212e-05 0.50000000000000611 0.00014184467660587592 -0.037583892213287222 -6.4999999999999938 -0.0016536971441006296 0.49999999999999994 3.667515708496517e-05
decision_type=2 2 2 2 2 2 2 2 2 2 2 2 2 2 2 2 2 2 2 2 2 2 2 2 2 2 2 2 2 2 2 2 2 2 2 2 2 2 2 2 2
left_child=1 -1 12 4 5 -4 18 9 -9 16 -7 33 28 25 37 -16 17 31 19 -5 -21 22 -22 -24 -19 26 27 -6 29 34 -29 -8 -13 -3 -2 -36 -35 38 -14 -11 -39
right_child=2 11 3 6 13 10 7 8 -10 39 -12 32 14 -15 15 -17 -18 24 -20 20 21 -23 23 -25 -26 -27 -28 30 -30 -31 -32 -33 -34 36 35 -37 -38 40 -40 -41 -42
leaf_value=0.013236258868128063 -6.7628404268851641e-05 -0.0072783257152842385 -0.0062298492661544257 -0.010457926690578462 0.025675578033312774 0.021709233522415161 0.032844335705041881 -0.0018188478237436724 0.015692050050239308 0.0071510179302631278 -0.00086087748408317569 0.013405049430287403 0.012606725003570319 0.00055838440629568968 0.023184116387909112 -0.0036509631999901366 0.0027806239059338204 0.017374851341758455 -0.0052462174770343739 0.01949577820689782 -0.0045964755738774933 -0.0044363149729642008 0.022230970611174905 0.0025692814836899441 -8.8239817515663475e-06 0.0039653531089425082 0.029494934449238439 0.01651597786694765 -0.0057988785916850685 0.01802424942002152 -0.0012265577052648251 0.017000055033713581 -0.00058526319304579185 0.006176867087682089 0.020376889221370223 0.001191908014672143 -0.0042105915839639593 -0.0052670633529915533 -0.0030918381363153457 -0.0062024301425977193 -0.00031733455895009965
leaf_weight=40 52 435 35 20 39 23 25 129 37 39 20 23 32 22 22 21 26 28 83 23 24 55 27 30 23 20 28 20 21 33 26 32 76 30 24 21 807 119 20 22 523
leaf_count=40 52 435 35 20 39 23 25 129 37 39 20 23 32 22 22 21 26 28 83 23 24 55 27 30 23 20 28 20 21 33 26 32 76 30 24 21 807 119 20 22 523
internal_value=0 -0.00395849 0.00343233 0.00586472 0.0106493 0.00338526 0.00407531 0.00668175 0.00208418 0.0105956 0.0112115 -0.00446016 0.00108761 0.0143047 -2.41353e-05 0.0100786 0.014356 0.0171426 0.000484009 0.00314104 0.0048516 0.00237501 0.00699999 0.0118827 0.00953515 0.0165785 0.0188109 0.0152915 0.00651379 0.00850276 0.00648759 0.0239493 0.00266501 -0.00501471 0.00526349 0.0114239 -0.00383828 -0.000650098 0.00656882 0.00233502 -0.00123481
internal_weight=0 1411 1744 856 233 78 623 361 166 195 43 1371 888 155 737 43 134 108 262 179 159 136 81 57 51 133 113 85 151 130 46 57 99 1272 97 45 837 694 52 61 642
internal_count=3155 1411 1744 856 233 78 623 361 166 195 43 1371 888 155 737 43 134 108 262 179 159 136 81 57 51 133 113 85 151 130 46 57 99 1272 97 45 837 694 52 61 642
is_linear=0
shrinkage=0.05


Tree=2
num_leaves=42
num_cat=0
split_feature=5 5 1 3 3 2 15 1 10 21 9 20 6 21 6 21 1 5 3 2 2 2 15 18 14 5 8 18 5 14 14 2 14 7 18 22 14 5 9 17 9
split_gain=15.3804 4.39388 3.59256 2.65694 2.16303 3.02123 3.96202 3.50962 2.07453 2.90648 2.16023 2.79064 1.95561 1.84942 1.83979 1.67273 1.71821 1.66447 2.15679 2.10257 1.64984 1.58201 1.56165 1.49893 1.38449 1.35653 1.3119 1.75571 1.27378 1.25908 1.24758 1.22282 1.21545 1.12667 1.08427 1.04754 0.986315 0.971631 0.917626 1.22225 0.98921
threshold=4.6850000000000014 2.5750000000000006 3.667515708496517e-05 1.4950000000000003 1.7850000000000004 0.00020467053333761656 2.9150000000000005 0.00040460440659399087 -5.000000000000048 -0.001584473339835246 -1.5000000000000011 0.0025516728399916926 6.9999999999998961 0.0051366305151360212 -4.0000000000000471 0.0028917307415251563 8.1994468777069898e-05 6.6850000000000014 1.6150000000000004 0.00010617131818293667 2.0032917427379925e-05 0.00028325790669639909 1.0850000000000002 -0.017068281747050381 2.1550000000000007 7.8350000000000009 -1.0000000000000118 0.039749515792032016 4.7750000000000012 1.905 0.20500000000000004 3.4874034338445212e-05 1.2350000000000001 -0.037583892213287222 -0.017068281747050381 0.00037948265233134221 2.4950000000000006 5.5250000000000012 -1.0000000180025095e-35 0.58333333333334692 -2.9999999999999853
decision_type=2 2 2 2 2 2 2 2 2 2 2 2 2 2 2 2 2 2 2 2 2 2 2 2 2 2 2 2 2 2 2 2 2 2 2 2 2 2 2 2 2
left_child=1 -1 20 15 8 26 7 14 -5 10 -10 32 31 24 23 28 -17 35 -19 -20 -2 -16 -18 -7 -8 -23 27 -6 -4 -21 -14 -3 -12 -33 -13 38 -26 -30 40 -40 -11
right_child=2 12 3 4 5 6 13 -9 9 17 11 34 30 -15 21 16 22 18 19 29 -22 25 -24 -25 36 -27 -28 -29 37 -31 -32 33 -34 -35 -36 -37 -38 -39 39 -41 -42
leaf_value=0.012574445307254793 0.008859646213906152 -0.006914409556608091 0.0067759459465742107 0.015082805193960666 0.013271913104332412 0.0083803181415018826 0.03080809634356272 -0.0023212506507451717 0.0015933609734743071 0.0032363578677177432 0.029698575933774313 -0.0016964410855011506 0.012734796236390653 0.0031848008788767316 0.00022243486000941352 -0.0057501270689747554 0.0026936305969050439 -0.003165903291665018 0.025750387211640677 -0.00045470178679183682 -0.0062527201203412793 0.021733148999157407 0.018075900660319763 0.026635721359740606 0.0080841181394846542 0.005164033894737562 -0.0011700315180381662 -0.0041459837685460634 -0.0048880574745791307 0.015284892730414869 -0.00055600029269331388 0.0058680232365926109 0.015465662876764933 -0.0040000620181528017 0.013023719679692698 -0.010744775188240139 0.023266261965036394 0.0018518901684067468 0.01501910746807144 0.00035783812742341652 -0.01069337370303961
leaf_weight=40 21 435 40 80 39 23 21 130 39 25 30 22 23 21 65 22 33 32 21 27 129 21 33 22 23 30 304 23 175 24 76 30 30 807 29 22 20 77 21 44 26
leaf_count=40 21 435 40 80 39 23 21 130 39 25 30 22 23 21 65 22 33 32 21 27 129 21 33 22 23 30 304 23 175 24 76 30 30 807 29 22 20 77 21 44 26
internal_value=0 -0.00376056 0.00326072 0.00395686 0.00509895 0.00341565 0.00656345 0.00378951 0.00774515 0.00624767 0.0117162 0.0152729 -0.00423715 0.0160601 0.00872366 0.000308198 0.00635104 0.00285807 0.00763471 0.012435 -0.00413699 0.00539462 0.0103848 0.0173052 0.0202848 0.0119866 0.000181851 0.00681044 -0.00151293 0.00695217 0.00253176 -0.00476398 0.0225821 -0.00364637 0.00667385 -0.000741722 0.0151456 -0.00282863 0.00115541 0.00509456 -0.00386507
internal_weight=0 1411 1744 1594 1214 742 376 291 472 392 150 111 1371 85 161 380 88 242 104 72 150 116 66 45 64 51 366 62 292 51 99 1272 60 837 51 138 43 252 116 65 51
internal_count=3155 1411 1744 1594 1214 742 376 291 472 392 150 111 1371 85 161 380 88 242 104 72 150 116 66 45 64 51 366 62 292 51 99 1272 60 837 51 138 43 252 116 65 51
is_linear=0
shrinkage=0.05


Tree=3
num_leaves=42
num_cat=0
split_feature=5 5 5 15 2 8 6 14 15 2 0 0 5 20 20 1 2 1 3 19 21 20 7 18 1 15 3 15 7 3 3 2 14 18 20 11 7 2 0 1 5
split_gain=13.8808 3.96548 3.26726 2.56156 2.65643 1.87345 1.76494 1.68714 1.99334 2.91739 2.7484 2.34509 2.15361 1.80971 2.08123 1.60421 2.70641 1.48728 2.53969 1.34046 1.44304 1.60931 1.23735 1.17292 1.13255 1.1093 2.85628 1.10371 1.14726 1.09418 2.4856 1.93056 1.22192 1.09091 1.08648 1.0058 1.07423 0.876508 1.22004 0.871373 1.15369
threshold=4.6850000000000014 2.5750000000000006 6.5250000000000012 0.7350000000000001 0.00015863812416232217 -1.0000000000000118 6.9999999999998961 2.6150000000000007 2.8750000000000004 0.00017929403305040422 0.00022564939150077195 0.00015873642285143812 8.0650000000000031 -0.0070925534191317299 -0.00083792584366304535 0.00027566130516974247 0.00033220395274397295 0.0010567632396975984 2.0050000000000003 0.0066415542011385451 0.0018602916428548391 -0.0019325646891415469 -0.0027300828890746138 -0.0097118818854066685 8.8709990392471112e-05 2.1550000000000007 2.3250000000000006 0.03500000000000001 -0.037583892213287222 2.5050000000000003 2.1950000000000007 0.00014272775835659257 1.2350000000000001 0.021331477496072896 0.00066580727629195213 -6.4999999999999938 -0.0016536971441006296 9.8583468655695253e-05 0.00014184467660587592 0.00014202758401773538 7.0850000000000009
decision_type=2 2 2 2 2 2 2 2 2 2 2 2 2 2 2 2 2 2 2 2 2 2 2 2 2 2 2 2 2 2 2 2 2 2 2 2 2 2 2 2 2
left_child=1 -1 5 4 -4 19 27 8 10 12 13 -11 33 -5 39 35 -17 18 -13 20 21 -2 -14 -6 -8 26 -12 -3 -29 30 31 32 -16 34 -10 36 -7 -23 -39 40 -15
right_child=2 6 3 7 23 15 24 -9 9 11 25 17 22 14 29 16 -18 -19 -20 -21 -22 37 -24 -25 -26 -27 -28 28 -30 -31 -32 -33 -34 -35 -36 -37 -38 38 -40 -41 -42
leaf_value=0.011945723313838245 0.015509997537502877 -0.0090273277243462999 0.025176577678611201 -0.0040246229825748343 0.016275168458620707 0.011722355219535531 -0.00086972054301036729 -0.0072417458146810526 -0.0011436200079818569 0.030140177728164765 -0.0066261836845013834 0.019457341358065608 0.0053047640373309456 0.0091682179272174844 0.018588815842356003 0.021560391445051542 -0.0035341823384875343 0.021823576189901519 -0.002908738305171331 -0.0056745050918488278 0.016971697816343018 -0.00680416701361537 -0.0082789641265806398 0.0013281275970595226 0.011138221400755424 -0.0034720276643832523 0.012364392372017557 0.0048696557538849966 -0.0043239365139544758 -0.0035682810978455979 0.018423193467385839 -0.0047809190400268722 0.0019069396931192151 0.020158376172184946 0.014429329158294769 -0.0011890428494720072 -0.0030493476614356042 0.013527493212710729 -0.0026169759631156924 0.0084254974793446704 0.024671501417954766
leaf_weight=40 26 123 31 36 21 32 72 30 24 21 36 22 30 20 21 22 21 23 30 21 33 24 38 35 27 150 44 35 1114 33 33 46 23 20 21 642 20 22 25 38 30
leaf_count=40 26 123 31 36 21 32 72 30 24 21 36 22 30 20 21 22 21 23 30 21 33 24 38 35 27 150 44 35 1114 33 33 46 23 20 21 642 20 22 25 38 30
internal_value=0 -0.00357254 0.00309768 0.00530192 0.0134338 0.000972878 -0.00402529 0.00438193 0.0048538 0.0087291 0.00311371 0.0153717 0.00393443 0.00644038 0.0079844 -6.66571e-05 0.0093049 0.0112366 0.00655383 0.00604663 0.00794005 0.00486743 -0.00228614 0.00693327 0.00240517 -0.000936146 0.00381863 -0.00452578 -0.00404389 0.00451612 0.0066851 0.00238114 0.00986874 0.0104421 0.00612376 -0.000647316 0.00604093 0.000970147 0.00494001 0.0141327 0.0184702
internal_weight=0 1411 1744 856 87 888 1371 769 739 229 510 96 133 280 244 737 43 75 52 151 130 97 68 56 99 230 80 1272 1149 156 123 90 44 65 45 694 52 71 47 88 50
internal_count=3155 1411 1744 856 87 888 1371 769 739 229 510 96 133 280 244 737 43 75 52 151 130 97 68 56 99 230 80 1272 1149 156 123 90 44 65 45 694 52 71 47 88 50
is_linear=0
shrinkage=0.05


Tree=4
num_leaves=42
num_cat=0
split_feature=3 1 0 15 10 14 18 10 7 0 14 15 2 6 0 20 7 18 18 8 16 15 10 0 7 0 22 7 21 10 9 2 17 14 3 14 7 10 3 18 22
split_gain=11.883 4.95725 2.1543 1.99388 2.5012 1.93364 2.53179 1.88584 1.86801 1.63836 2.12379 2.1432 1.87906 1.31982 1.46352 1.64085 2.15089 2.07287 2.04808 4.36552 2.58978 1.93811 1.74988 1.91679 1.9309 1.37865 2.15349 1.56026 1.32655 1.22817 1.25965 1.2254 1.11633 1.22778 1.10968 1.08186 1.83695 1.05361 1.0394 1.34904 0.975389
threshold=1.4950000000000003 3.667515708496517e-05 8.6357569629969821e-05 0.76500000000000012 3.0000000000000142 -0.22499999999999998 0.0200964191372528 9.9999999999999876 0.0021556481818265642 0.00013946473670006969 0.30250000000000005 0.76500000000000012 8.8868818301607725e-05 14.000000000000037 2.2361522396385086e-05 0.0026207884362369209 0.017466729250620764 -0.013279525471383944 0.010889608291310584 -0.99999999999999967 -5.9999999999999885 3.1850000000000005 4.2499999999999991 7.6927919461196461e-05 -0.0066112973966115365 0.00010355877535675684 1.2082183009187732e-05 0.0072945724943430665 -0.001584473339835246 -0.99999999999998967 0.50000000000005607 0.00047795047566142907 3.0000000000000022 2.1550000000000007 0.57500000000000007 2.1150000000000007 -0.01253709402334696 -8.9999999999999947 1.8050000000000004 0.001256687860316297 -1.0000000180025095e-35
decision_type=2 2 2 2 2 2 2 2 2 2 2 2 2 2 2 2 2 2 2 2 2 2 2 2 2 2 2 2 2 2 2 2 2 2 2 2 2 2 2 2 2
left_child=2 -2 -1 4 5 8 -7 13 -3 10 11 12 -4 14 -5 16 17 22 19 -19 37 29 23 -16 40 -17 28 -28 -27 -22 -31 34 33 -18 -11 36 -12 -20 -21 -40 -25
right_child=1 3 9 7 -6 6 -8 -9 -10 31 35 -13 -14 -15 15 25 32 18 20 38 21 -23 -24 24 -26 26 27 -29 -30 30 -32 -33 -34 -35 -36 -37 -38 -39 39 -41 -42
leaf_value=-0.0036232963507671699 -0.0058832410542714979 0.0093371530019101655 0.014259238620953902 -0.0031726448151927727 0.019895692169666291 0.019465107216340743 0.0014250273035990226 -0.0036833777355077938 -0.01054614070389006 0.0073129756545478658 0.007423048436641694 0.019564765691757205 -0.0020392568161090216 -0.0014490702951496298 0.012494827210903168 -0.003091574872241301 -0.0072767308354377757 0.031678206857406736 0.0092249376788025809 0.01867788096978551 -0.0027918564628309282 0.015808953344821932 0.015147506661953464 0.015248793438076974 -0.0060574383267925844 0.015294410693256752 -0.009475050328506365 0.0076741793680758707 0.0041627778322435921 0.017240794710814952 0.00040570506453514103 0.0094670698046684272 0.0089720746052676225 0.0055179558446009956 -0.00445498942530581 0.006201966148283747 -0.0085597933386452503 0.023930668830871582 -0.0036903212016279048 0.01345102544873953 0.0011730740312486888
leaf_weight=1302 124 21 28 52 44 41 37 78 27 22 25 31 48 88 35 85 50 33 21 21 67 30 31 20 72 46 36 21 64 20 25 20 29 30 224 36 64 29 22 24 32
leaf_count=1302 124 21 28 52 44 41 37 78 27 22 25 31 48 88 35 85 50 33 21 21 67 30 31 20 72 46 36 21 64 20 25 20 29 30 224 36 64 29 22 24 32
internal_value=0 0.00364558 -0.00255351 0.00460542 0.00963259 0.00604865 0.0109076 0.00379994 -0.0018472 0.000243397 0.00331423 0.00848488 0.00396545 0.00439373 0.00496822 0.00547039 0.00691083 0.00834525 0.0109902 0.0167925 0.00796816 0.00452234 0.00428037 0.00216162 -0.000755011 0.00209219 0.00473064 -0.00315691 0.00881782 0.00149914 0.00788797 -0.00243493 0.000567819 -0.00247872 -0.00340257 -0.00111184 -0.00407023 0.0177543 0.00946079 0.00525299 0.00658681
internal_weight=0 1355 1800 1231 170 126 78 1061 48 498 232 107 76 983 895 843 591 482 292 100 192 142 190 159 124 252 167 57 110 112 45 266 109 80 246 125 89 50 67 46 52
internal_count=3155 1355 1800 1231 170 126 78 1061 48 498 232 107 76 983 895 843 591 482 292 100 192 142 190 159 124 252 167 57 110 112 45 266 109 80 246 125 89 50 67 46 52
is_linear=0
shrinkage=0.05


Tree=5
num_leaves=42
num_cat=0
split_feature=5 5 14 3 3 3 18 8 8 1 1 2 3 18 0 19 2 19 3 2 0 6 14 14 2 3 3 11 1 2 0 14 2 14 14 5 9 12 14 6 22
split_gain=12.0283 2.94635 3.456 1.9946 3.73995 3.02237 2.94938 2.54104 1.88398 1.70049 2.22881 2.17906 3.3183 2.4866 2.0908 1.69584 2.10108 2.26004 1.64628 2.18241 1.66759 1.79212 1.42367 1.47837 1.41431 1.58748 2.26164 1.87913 1.49691 1.93707 1.77692 2.30069 1.37102 1.33411 1.32408 1.29017 1.26775 1.42434 1.23167 1.19307 1.16459
threshold=4.6850000000000014 6.5250000000000012 2.5750000000000006 5.9650000000000007 3.3150000000000004 2.5050000000000003 0.093736806101126127 1.250000000000018 -2.0000000000000235 0.00011106428065593529 7.1133816050475293e-05 0.00020467053333761656 1.7550000000000001 0.023729000146180072 0.00011687405595036205 -0.0043990296487336758 0.00019292242589676791 -0.0050373769342532118 1.9950000000000003 0.00034611490216103204 0.00022564939150077195 0.99999999999988998 1.8650000000000004 2.0450000000000004 2.0032917427379925e-05 0.87500000000000011 0.77500000000000013 -2.4166666666666443 3.0052460312315154e-05 3.6310564490839871e-05 6.6932114410933339e-05 0.22500000000000003 2.395670899585631e-05 1.4825000000000002 2.2450000000000006 4.7350000000000012 -6.9999999999999609 -2.9999999999999996 1.7250000000000003 -1.0000000000000451 -0.0020794041804547687
decision_type=2 2 2 2 2 2 2 2 2 2 2 2 2 2 2 2 2 2 2 2 2 2 2 2 2 2 2 2 2 2 2 2 2 2 2 2 2 2 2 2 2
left_child=24 15 3 4 5 6 7 9 -7 10 38 12 13 -11 -12 16 17 -2 19 34 -20 -22 -6 -24 -1 26 28 -28 29 32 -30 -32 -26 -10 -13 -17 37 -27 -3 -33 -37
right_child=1 2 -4 -5 22 8 -8 -9 33 11 14 18 -14 -15 -16 35 -18 -19 20 -21 21 -23 23 -25 25 36 27 -29 30 -31 31 39 -34 -35 -36 40 -38 -39 -40 -41 -42
leaf_value=-0.0079010983499196857 0.00050371540992548978 0.014054749906063081 -0.0084644074738025668 -0.0078695690689178626 0.02647874327376485 0.011974462015288217 -0.0065335366316139707 0.00022976210682976004 0.0051064995782715943 0.0044062685842315352 0.024102897929220365 0.016621123318161284 -0.0028475917022054396 0.026055851720628288 0.0053553601354360582 0.0091266111603805003 0.018999003122250238 0.01689906358718872 0.025771336177630083 -0.0085306825116276738 0.020843810091416042 0.0038029869604441855 0.0033929322052884989 0.019168983783685801 0.0082020112499594702 -0.0057475401979425684 0.018154207319021228 0.0022143166459782024 -0.0072204771887704813 0.012016300627818475 0.0091186022880126016 0.0042214124543326244 -0.0079713123409371634 -0.0074959956553010722 0.00049390893429517751 0.01114808052778244 -0.0046910169895833347 0.011045102109866483 -0.00093219097832153593 -0.0066247639286777255 -0.001108210694276545
leaf_weight=143 132 26 45 26 24 21 40 98 28 36 58 35 96 21 20 35 24 25 28 20 27 36 27 33 20 23 25 71 173 39 49 35 38 84 20 20 706 28 29 92 627
leaf_count=143 132 26 45 26 24 21 40 98 28 36 58 35 96 21 20 35 24 25 28 20 27 36 27 33 20 23 25 71 173 39 49 35 38 84 20 20 706 28 29 92 627
internal_value=0 0.00299299 0.00503225 0.00576136 0.00620052 0.00504031 0.00657519 0.00752855 -0.00176856 0.00911103 0.0138606 0.00713079 0.00282634 0.0123824 0.0192958 0.000918294 0.00522068 0.00311444 0.0110981 0.00561338 0.0156185 0.0111062 0.0161866 0.0120698 -0.0031816 -0.00266206 -0.000596351 0.00636533 -0.00209483 0.00339965 -0.00362195 -8.47576e-05 -0.0023943 -0.00434537 0.0107567 -0.000223541 -0.00414107 0.00347195 0.00615254 -0.00363566 -0.000729345
internal_weight=0 1741 878 833 807 723 590 550 133 452 133 319 153 57 78 863 181 157 166 75 91 63 84 60 1442 1299 542 96 446 97 349 176 58 112 55 682 757 51 55 127 647
internal_count=3183 1741 878 833 807 723 590 550 133 452 133 319 153 57 78 863 181 157 166 75 91 63 84 60 1442 1299 542 96 446 97 349 176 58 112 55 682 757 51 55 127 647
is_linear=0
shrinkage=0.05


Tree=6
num_leaves=42
num_cat=0
split_feature=5 5 14 3 3 3 18 8 8 15 5 1 14 1 8 9 1 1 2 3 15 3 18 0 0 0 20 14 15 14 4 3 9 3 8 1 15 1 5 5 14
split_gain=10.8555 2.65908 3.11904 1.80013 3.3753 2.72769 2.66181 2.29329 1.7003 1.65303 1.74773 3.14307 1.54706 2.54158 2.2152 1.89618 1.5347 2.01151 1.9666 2.99477 2.93626 2.71051 2.24416 1.88694 1.55995 1.52059 1.34848 1.28486 2.23234 1.20404 1.17016 1.16282 1.16917 1.16181 1.96803 1.4862 1.67436 1.91168 4.04017 1.11462 1.11158
threshold=4.6850000000000014 6.5250000000000012 2.5750000000000006 5.9650000000000007 3.3150000000000004 2.5050000000000003 0.093736806101126127 1.250000000000018 -2.0000000000000235 0.095000000000000015 3.1250000000000004 2.9180694901725197e-05 -0.26499999999999996 8.6945569651055129e-05 6.0000000000000284 -1.0000000180025095e-35 0.00011106428065593529 7.1133816050475293e-05 0.00020467053333761656 1.7550000000000001 2.8750000000000004 1.9950000000000003 0.023729000146180072 0.00011687405595036205 0.00022564939150077195 0.00034891114498748624 0.00051216553819732902 1.8650000000000004 3.0250000000000004 1.4825000000000002 1.9999999999999853 2.0250000000000004 0.50000000000005607 1.155 -1.0000000180025095e-35 9.2637387552078727e-05 3.2750000000000004 0.00011492671108808577 5.3750000000000009 7.6250000000000009 1.7250000000000003
decision_type=2 2 2 2 2 2 2 2 2 2 2 2 2 2 2 2 2 2 2 2 2 2 2 2 2 2 2 2 2 2 2 2 2 2 2 2 2 2 2 2 2
left_child=9 12 3 4 5 6 7 16 -7 -1 11 -11 13 -2 33 -15 17 40 19 22 21 25 -18 39 -23 -20 -26 -6 -29 -10 -12 32 -9 34 -14 -35 37 38 -37 -19 -3
right_child=1 2 -4 -5 27 8 -8 31 29 10 30 -13 14 15 -16 -17 18 23 20 -21 -22 24 -24 -25 26 -27 -28 28 -30 -31 -32 -33 -34 35 -36 36 -38 -39 -40 -41 -42
leaf_value=-0.0074628498547715571 0.022041316702961923 0.013352012490996948 -0.0080411870943175433 -0.0074760905538613981 0.025154805431763336 0.011375738893236433 -0.0062068598717451096 -0.011569699108600617 0.0048511746738638195 0.015567885835965476 -0.0037440788795390953 -0.00083476097623663616 0.014385569393634796 -0.007380663300002064 0.015872294354167853 0.011934900035460791 0.0041859552057252987 0.027926299466114298 -0.0076084296931238742 -0.002705212022798757 0.024420364561580844 0.024410229305858198 0.024753059233937946 0.0050875921174883846 0.015412297868169845 0.0088294201220075301 -0.00066829530352895909 0.0030325015458990551 0.022495049610733987 -0.0071211959191021471 0.0050959459673135706 0.010341256179592827 0.0016299157750372794 -0.0029486061686678873 -0.001138057316444358 0.022541091750775066 0.015026651018045165 -0.0018482222893641362 -0.0014512309368620527 0.0133435145765543 -0.00088558150776501361
leaf_weight=183 22 26 45 26 24 21 40 25 28 33 933 254 35 27 22 24 36 38 34 96 31 23 21 20 32 24 22 34 26 84 39 22 51 386 49 28 22 201 47 20 29
leaf_count=183 22 26 45 26 24 21 40 25 28 33 933 254 35 27 22 24 36 38 34 96 31 23 21 20 32 24 22 34 26 84 39 22 51 386 49 28 22 201 47 20 29
internal_value=0 0.00284334 0.00478063 0.00547329 0.00589049 0.00478829 0.00624643 0.00715212 -0.00168013 -0.00302252 -0.0023771 0.00105126 0.00087238 0.00783656 0.000228854 0.00170901 0.00865548 0.0131676 0.00677425 0.00268502 0.0105432 0.00735664 0.0117633 0.018331 0.0135055 -0.000806561 0.00886095 0.0153773 0.0114663 -0.0041281 -0.00338939 0.000218274 -0.00271206 -0.000219265 0.00533012 -0.000900768 0.0017518 0.00069366 0.0075059 0.0228978 0.00584492
internal_weight=0 1741 878 833 807 723 590 550 133 1442 1259 287 863 73 790 51 452 133 319 153 166 135 57 78 77 58 54 84 60 112 972 98 76 768 84 684 298 276 75 58 55
internal_count=3183 1741 878 833 807 723 590 550 133 1442 1259 287 863 73 790 51 452 133 319 153 166 135 57 78 77 58 54 84 60 112 972 98 76 768 84 684 298 276 75 58 55
is_linear=0
shrinkage=0.05


Tree=7
num_leaves=42
num_cat=0
split_feature=5 5 14 3 3 3 18 8 8 19 20 10 5 15 5 19 0 5 1 6 3 2 8 1 10 1 5 2 8 14 15 21 15 5 8 4 20 3 4 9 3
split_gain=9.79712 2.39982 2.81494 1.62461 3.04621 2.46174 2.41442 2.09796 1.53452 1.51623 1.93355 2.95643 1.81041 1.49186 1.57733 2.98234 1.45605 3.47465 2.10121 2.77422 2.74622 2.38132 1.75586 1.42122 1.72835 1.52197 1.37316 1.35035 1.20953 1.15959 2.01469 1.13732 1.27677 1.12135 1.12113 1.13604 1.37427 1.07327 1.05607 1.0184 1.09977
threshold=4.6850000000000014 6.5250000000000012 2.5750000000000006 5.9650000000000007 3.3150000000000004 2.5050000000000003 0.1083406268499665 1.250000000000018 -2.0000000000000235 -0.0043990296487336758 0.0026207884362369209 1.7500000000000073 5.5650000000000004 0.095000000000000015 3.1250000000000004 0.001852424128274688 0.00012735455172703999 8.2350000000000012 0.00029160087980803414 0.99999999999988998 1.7350000000000001 0.00038418823054210194 -2.9999999999999578 5.50841268025848e-05 -6.0000000000000266 0.00012947058760590381 8.5950000000000006 0.00014447607916982376 -7.4999999999999725 1.8650000000000004 3.0250000000000004 -0.002488491077101473 2.1650000000000005 8.7050000000000018 -1.9999999999999682 -0.99999999999999523 -0.0019325646891415469 2.0250000000000004 1.9999999999999853 0.50000000000005607 1.7950000000000002
decision_type=2 2 2 2 2 2 2 2 2 2 2 2 2 2 2 2 2 2 2 2 2 2 2 2 2 2 2 2 2 2 2 2 2 2 2 2 2 2 2 2 2
left_child=13 9 3 4 5 6 7 16 -7 10 11 12 -2 -1 15 34 17 23 20 -20 27 -21 -22 -3 -25 -26 -24 -18 -11 -6 -31 32 -10 -19 -15 -36 -37 39 -16 -9 -41
right_child=1 2 -4 -5 29 8 -8 37 31 28 -12 -13 -14 14 38 -17 18 33 19 21 22 -23 26 24 25 -27 -28 -29 -30 30 -32 -33 -34 -35 35 36 -38 -39 -40 40 -42
leaf_value=-0.007089707414146329 -0.0025005586445331577 0.0042905126180913722 -0.0076391276882754435 -0.0071022860132730938 0.023897065998365483 0.010806951849233538 -0.0076482709857725335 -0.010991214334964753 0.010443621809067934 0.010774446558207274 -0.0018440534708215233 0.022970185881214484 0.012043934594839812 -0.0060301719836785769 -0.0035568748495969742 0.016500362886914186 0.022710910551249981 -0.0096867416586194719 0.021826615604834679 0.013553333678282799 0.012082613967359067 -0.00704210975766182 -0.0080111215651874814 0.0041234636509960348 0.023696214260740412 0.011104993853304122 0.0043330412470933164 0.0047597757117314775 -0.0006530570709868405 0.0028808765332488454 0.021370297269179273 -0.0081280908688451305 -0.0062164997924929084 0.0068560419231653213 -0.006252668721553608 0.010632980101638372 0.00017430215644148681 0.0098241930996829825 0.004841148738677685 0.0075157823413610466 -0.0072022545405409548
leaf_weight=183 46 27 45 26 24 21 31 25 23 24 67 28 40 71 933 28 20 21 39 32 20 25 71 22 72 36 33 22 658 34 26 66 23 20 39 45 104 22 39 30 22
leaf_count=183 46 27 45 26 24 21 31 25 23 24 67 28 40 71 933 28 20 21 39 32 20 25 71 22 72 36 33 22 658 34 26 66 23 20 39 45 104 22 39 30 22
internal_value=0 0.00270118 0.0045416 0.00519962 0.00559597 0.00454888 0.00593411 0.00668734 -0.00159612 0.000828761 0.00489694 0.00885874 0.00426432 -0.00287139 -0.00225825 0.000998695 0.00810836 0.0113443 0.00566289 0.011551 0.00225775 0.00452024 -0.00148506 0.0147291 0.0168971 0.0194991 -0.00409422 0.0133079 -0.000250916 0.0146084 0.010893 -0.0039217 0.00211356 -0.00161709 -0.000677161 0.00134445 0.00333296 8.46036e-05 -0.00321992 -0.00269814 0.00128892
internal_weight=0 1741 878 833 807 723 590 559 133 863 181 114 86 1442 1259 287 460 198 262 96 166 57 124 157 130 108 104 42 682 84 60 112 46 41 259 188 149 99 972 77 52
internal_count=3183 1741 878 833 807 723 590 559 133 863 181 114 86 1442 1259 287 460 198 262 96 166 57 124 157 130 108 104 42 682 84 60 112 46 41 259 188 149 99 972 77 52
is_linear=0
shrinkage=0.05


Tree=8
num_leaves=42
num_cat=0
split_feature=5 5 14 18 15 16 7 15 8 7 9 21 8 18 17 17 7 15 5 1 5 8 3 3 6 16 3 2 3 8 5 3 7 0 16 1 5 5 22 5 7
split_gain=8.8419 2.16584 2.54048 1.51028 1.49505 1.41085 1.71725 2.22096 1.61035 1.6422 1.70351 1.47931 1.38727 1.8843 1.55886 1.45282 1.3832 1.3464 1.42354 2.74495 1.27135 1.50431 1.32461 1.2621 2.35405 2.13302 2.11736 2.69198 1.81141 1.57588 1.33839 1.31937 2.1974 1.28666 1.23466 1.2052 1.98605 1.70469 1.88331 1.69515 1.47853
threshold=4.6850000000000014 6.5250000000000012 2.5750000000000006 0.14876917075628007 3.4750000000000005 4.9999999999999973 0.0023348892780378221 0.65500000000000014 5.0000000000000497 -0.019705563893553376 -3.0000000000000133 0.00085667055981941697 -1.0000000180025095e-35 -0.074854140540925027 -4.9999999999999867 -2.9999999999999853 -0.005909608417132394 0.095000000000000015 3.1250000000000004 2.9180694901725197e-05 6.1150000000000011 -0.50000000000000588 1.155 2.2750000000000004 8.2500000000000036 -1.0000000000000118 2.0550000000000002 0.00027156800296505683 3.0050000000000003 1.250000000000018 7.8750000000000009 1.8950000000000002 0.0013434945401823441 0.00016572283483066294 -2.9999999999999982 0.00013629026300561822 8.0050000000000008 10.155000000000003 1.0000000180025095e-35 8.2050000000000018 -0.0017718737123010862
decision_type=2 2 2 2 2 2 2 2 2 2 2 2 2 2 2 2 2 2 2 2 2 2 2 2 2 2 2 2 2 2 2 2 2 2 2 2 2 2 2 2 2
left_child=17 5 3 4 12 8 16 -8 9 10 -2 -12 13 -3 -15 -16 -7 -1 19 -19 21 22 -11 24 26 28 29 -28 30 31 -25 32 -14 -34 -24 36 -17 38 39 -37 -40
right_child=1 2 -4 -5 -6 6 7 -9 -10 20 11 -13 23 14 15 35 -18 18 -20 -21 -22 -23 34 25 -26 -27 27 -29 -30 -31 -32 -33 33 -35 -36 37 -38 -39 40 -41 -42
leaf_value=-0.0067352217891828619 -0.0029282485636381007 -0.007154014209906261 -0.0072571714056862725 -0.0086342944949865351 0.014577549841345811 0.0055404386142405074 0.013009989178842968 -0.0038054996377064124 0.011776822170725575 0.013925102621316909 0.016299515752456126 8.4357234564694496e-05 0.02071484693636497 -0.0047850498486132851 0.019932936440254082 0.020214409669014541 0.02046230608224869 0.014514887174873642 -0.0030589212498669765 -0.00081376824674643869 -0.0065697686866335913 -0.0026432240369501491 0.008764502089470624 0.0070836569272702743 -0.0075291643384844068 -0.0058070398443801838 0.0038737206586769652 0.028634188162243886 0.013838203520410592 -0.0010672209230629174 -0.0076088635911864613 -0.001493297600083881 0.011445031687617303 -0.0038698962268730007 -0.0017072486563732749 0.0041050458716791732 0.0036914267847614904 0.015283232987732501 0.018094736257834095 -0.011380994841456413 0.0024735423200058218
leaf_weight=183 39 21 45 20 41 41 27 72 27 25 39 22 36 21 29 44 25 33 972 254 109 302 40 31 32 88 21 23 36 74 31 27 32 24 95 43 31 37 28 30 33
leaf_count=183 39 21 45 20 41 41 27 72 27 25 39 22 36 21 29 44 25 33 972 254 109 302 40 31 32 88 21 23 36 74 31 27 32 24 95 43 31 37 28 30 33
internal_value=0 0.00256612 0.00431452 0.00493964 0.00527357 0.000787323 0.00494539 0.000780543 -0.000195602 -0.000677353 0.00523335 0.0104514 0.00477944 0.00731877 0.00834555 0.00934825 0.0111927 -0.00272782 -0.00214534 0.00094876 -0.0017125 -0.000566525 0.00335324 0.00301029 0.00520002 -0.000156589 0.00691873 0.0168167 0.00491728 0.0046622 -0.000262603 0.00822503 0.0110772 0.00488149 0.00139549 0.00810047 0.0133849 0.00578273 0.00315945 -0.00225908 0.00964393
internal_weight=0 1741 878 833 813 863 165 99 698 671 100 61 772 317 296 275 66 1442 1259 287 571 462 160 455 269 186 237 44 98 193 62 119 92 56 135 246 75 171 134 73 61
internal_count=3183 1741 878 833 813 863 165 99 698 671 100 61 772 317 296 275 66 1442 1259 287 571 462 160 455 269 186 237 44 98 193 62 119 92 56 135 246 75 171 134 73 61
is_linear=0
shrinkage=0.05


Tree=9
num_leaves=42
num_cat=0
split_feature=5 5 14 3 3 3 18 20 21 16 14 5 6 15 2 6 14 1 11 8 3 10 3 0 15 8 8 15 14 20 3 0 14 16 5 0 2 1 2 9 7
split_gain=7.97982 1.95467 2.29278 1.47894 2.63499 2.1119 2.08862 1.77716 2.32103 1.75444 1.73558 1.54494 1.70363 1.40372 1.98568 1.34055 1.30813 2.27796 1.93408 1.87726 1.25877 1.22189 1.11933 1.1975 1.11655 1.39217 1.35835 1.10307 1.3586 1.4435 1.78024 1.52346 1.28001 1.78398 1.69907 1.32996 1.32087 2.02543 1.49247 1.05848 1.04865
threshold=4.6850000000000014 6.5250000000000012 2.5750000000000006 5.9650000000000007 3.3150000000000004 2.5050000000000003 0.093736806101126127 -0.00083792584366304535 0.00074382083666990628 5.0000000000000018 2.2850000000000006 8.1250000000000018 2.0000000000000244 2.3350000000000004 0.00019292242589676791 -5.9999999999999822 -0.26499999999999996 8.6945569651055129e-05 0.50000000000003386 6.0000000000000284 0.56500000000000006 -0.50000000000005584 1.7850000000000004 0.000211239021436684 2.2350000000000008 -1.0000000000000118 -1.5833333333333364 0.095000000000000015 0.16500000000000004 -0.00080935840877938137 0.84500000000000008 7.0015469512172142e-05 0.46500000000000002 9.4999999999999982 3.0050000000000003 0.00024662460996700445 3.9901665013997445e-05 1.5890422471908431e-05 1.7805028538604964e-05 7.999999999999992 0.0076281221164000721
decision_type=2 2 2 2 2 2 2 2 2 2 2 2 2 2 2 2 2 2 2 2 2 2 2 2 2 2 2 2 2 2 2 2 2 2 2 2 2 2 2 2 2
left_child=20 16 3 4 5 6 7 8 11 21 15 12 -3 14 -7 -10 17 -2 -19 39 -1 24 -17 -24 26 -26 -9 -22 29 30 -29 -31 35 34 -34 -30 38 -38 -36 -18 -23
right_child=1 2 -4 -5 -6 13 -8 9 10 -11 -12 -13 -14 -15 -16 22 19 18 -20 -21 27 40 23 -25 25 -27 -28 28 32 31 -32 -33 33 -35 36 -37 37 -39 -40 -41 -42
leaf_value=0.0092770144004713419 0.020599762655117298 0.015141919048296083 -0.0068943128155337444 -0.0070447612840395706 0.013452908875686781 0.011937420070171357 -0.0056512465141713621 0.019391183244685334 0.006309575736522674 0.010994491627549424 0.00077576665651230589 -0.0055293219704781807 -0.0018484078943729401 -0.0081080524652611986 -0.0039289210675930494 0.027242338756720226 -0.00078685496789468847 -0.0064701398534159505 0.013473132587969304 0.014557033641771836 -0.0063984607371801901 -0.005633648610870603 0.021856386090318362 0.0068720053570965932 -0.0099229708668731528 0.0050031931063190841 0.0042727210391790447 -0.00033149557809034985 -0.0065311005054455671 -0.0065815693874290027 0.014604642712756209 0.0056827796064317232 0.0078844587963361017 0.011595757181445759 -0.0084099166603250949 0.0065024379108633325 0.010947653278708459 -0.0053578479248180726 0.0017052534180627744 0.0062382003613587087 0.0041901298713955008
leaf_weight=22 22 36 45 26 84 33 40 24 25 68 21 31 25 51 49 30 710 31 20 22 183 71 30 24 21 61 39 42 288 69 38 40 39 24 44 21 20 399 213 58 44
leaf_count=22 22 36 45 26 84 33 40 24 25 68 21 31 25 51 49 30 710 31 20 22 183 71 30 24 21 61 39 42 288 69 38 40 39 24 44 21 20 399 213 58 44
internal_value=0 0.00243781 0.0040988 0.00469266 0.00507082 0.00409697 0.00538 0.00618227 0.00963698 0.00384402 0.0139378 0.00355967 0.00817867 -0.00159468 0.00245631 0.0164737 0.000747956 0.00715182 0.00135075 0.000156207 -0.00259143 0.0019739 0.0194987 0.0151967 0.00502646 0.00118064 0.0100321 -0.00277531 -0.00223931 0.00166263 0.00676317 -0.00208089 -0.002943 -0.00181306 -0.00226315 -0.00564533 -0.00284859 -0.00457954 -2.65267e-05 -0.000256317 -0.00187499
internal_weight=0 1741 878 833 807 723 590 550 222 328 130 92 61 133 82 109 863 73 51 790 1442 260 84 54 145 82 63 1420 1237 189 80 109 1048 739 715 309 676 419 257 768 115
internal_count=3183 1741 878 833 807 723 590 550 222 328 130 92 61 133 82 109 863 73 51 790 1442 260 84 54 145 82 63 1420 1237 189 80 109 1048 739 715 309 676 419 257 768 115
is_linear=0
shrinkage=0.05


Tree=10
num_leaves=42
num_cat=0
split_feature=3 1 3 10 6 8 0 0 14 15 2 0 3 20 7 19 16 10 6 11 21 14 15 16 21 3 0 3 15 2 2 20 15 6 14 21 3 15 15 0 2
split_gain=6.77354 3.70644 1.83715 1.67617 1.50746 1.30308 1.25642 1.59394 1.73857 1.55828 1.76105 1.19477 1.36127 2.07293 2.22645 2.40571 2.4 1.73407 1.63198 1.60243 1.45916 1.39423 1.52504 1.59753 1.33605 1.32381 1.62202 1.71229 1.55831 1.5328 1.49533 1.29118 1.2907 1.50786 1.51562 1.65031 1.34096 1.14285 1.11219 1.22129 1.07191
threshold=1.4950000000000003 3.667515708496517e-05 0.56500000000000006 9.9999999999999876 14.000000000000037 -1.0000000180025095e-35 8.6357569629969821e-05 0.00013946473670006969 0.30250000000000005 0.76500000000000012 8.8868818301607725e-05 2.2361522396385086e-05 1.8050000000000004 0.0026207884362369209 -0.0023244601117767267 0.0054775518286677158 4.2499999999999991 6.7499999999999902 -11.000000000000075 -2.4166666666666443 0.0014673241562389585 1.1650000000000003 2.9650000000000003 -1.2499999999999953 -0.0023038058647039668 2.0150000000000001 7.9573246589843182e-05 2.4750000000000005 2.7050000000000005 0.00020803536314443157 0.00011140771744116544 0.0049971838166069657 3.3350000000000004 -5.4999999999999707 1.9650000000000001 -0.0063414119955119688 2.5850000000000004 0.54250000000000009 1.9950000000000003 0.00023015135905199828 0.00047795047566142907
decision_type=2 2 2 2 2 2 2 2 2 2 2 2 2 2 2 2 2 2 2 2 2 2 2 2 2 2 2 2 2 2 2 2 2 2 2 2 2 2 2 2 2
left_child=2 -2 -1 4 11 -5 -4 8 9 10 -8 -3 13 14 15 21 19 25 -19 20 -16 -13 23 -23 31 28 27 -27 -14 -30 -28 -15 33 36 35 -35 -32 -26 -37 -40 -9
right_child=1 3 6 5 -6 -7 7 40 -10 -11 -12 12 17 24 16 -17 -18 18 -20 -21 -22 22 -24 -25 37 26 30 -29 29 -31 32 -33 -34 34 -36 38 -38 -39 39 -41 -42
leaf_value=0.010977240927793362 -0.0055262230937519388 -0.0021479186992491447 -0.0029867545031562787 0.0076667232066392893 -0.001898314514938666 -0.007040098101877776 0.013883451398994244 -0.0036047008429572792 -0.0010103183730346401 0.017376096521814665 -0.0018949323799461128 0.027164915866321988 -0.0045620925125799015 0.00038733685819002301 0.0022015680593472941 0.00038410903742680183 0.017785739945247771 0.0016695187914939154 0.019971765757634721 -0.0014902431475020005 0.019774770665736425 0.016774410729606944 0.023142624298731488 -0.00053269950052102402 0.0071923274014677324 0.020662697995531151 -0.010269965454936029 0.0029919909743162301 0.00031217434282960566 0.015812208571217276 0.019978133872860956 0.016650717251974603 0.015801596996330082 -0.0078518812234203029 -0.00621909818478993 0.00035927658410448782 0.003908343415926485 -0.0066278665971297489 0.020937170123770124 0.0054192560259252792 0.0084413709118962288
leaf_weight=27 124 62 1283 20 98 61 28 241 123 30 48 27 112 26 27 26 32 21 29 87 21 30 30 24 21 29 20 26 58 22 21 23 21 24 56 38 34 52 21 32 20
leaf_count=27 124 62 1283 20 98 61 28 241 123 30 48 27 112 26 27 26 32 21 29 87 21 30 30 24 21 29 20 26 58 22 21 23 21 24 56 38 34 52 21 32 20
internal_value=0 0.00271321 -0.00196707 0.00354317 0.00403283 -0.00340878 -0.0021642 -1.04324e-05 0.00303403 0.00772701 0.00391816 0.00458535 0.00500703 0.00714037 0.0093499 0.0140742 0.00547428 0.00339568 0.0122848 0.00255601 0.00988984 0.0172809 0.0141039 0.00908236 0.00163465 0.00253098 0.00449038 0.0123093 -0.000755102 0.00457468 0.00287975 0.00802117 0.0039445 0.00284274 0.000526518 0.00381134 0.0100441 -0.00265219 0.00688735 0.0115679 -0.00268163
internal_weight=0 1355 1800 1231 1150 81 1773 490 229 106 76 1052 990 426 304 137 167 564 50 135 48 111 84 54 122 514 322 55 192 80 267 49 247 226 171 115 55 73 91 53 261
internal_count=3155 1355 1800 1231 1150 81 1773 490 229 106 76 1052 990 426 304 137 167 564 50 135 48 111 84 54 122 514 322 55 192 80 267 49 247 226 171 115 55 73 91 53 261
is_linear=0
shrinkage=0.05


Tree=11
num_leaves=42
num_cat=0
split_feature=5 5 1 9 3 9 16 17 21 6 3 7 3 3 22 5 6 21 7 18 2 2 14 0 1 5 0 18 11 9 18 2 14 15 21 16 18 18 18 6 3
split_gain=6.24385 3.17883 1.97661 1.55669 1.51783 1.46985 1.60716 1.59749 1.93772 1.52042 2.04662 1.57056 2.21282 2.3888 1.88424 1.89241 1.41281 1.26675 1.20419 1.17333 1.11687 1.10544 2.07255 1.94355 1.71253 1.09059 1.55072 1.84997 1.59766 1.07524 1.07003 1.4039 1.06253 1.92515 1.06014 1.59376 1.05838 1.04964 1.50766 1.45278 1.35608
threshold=4.6850000000000014 2.5750000000000006 3.667515708496517e-05 -15.000000000000023 1.4450000000000001 12.500000000000002 4.9999999999999973 0.49999999999999217 0.0019041748036373598 14.000000000000037 1.4950000000000003 -0.0023244601117767267 1.8050000000000004 1.7350000000000001 -1.2081891058002279e-05 9.0750000000000011 9.0000000000000089 -0.0008399017996036372 -0.022442578359595285 -0.017534931038110487 3.4874034338445212e-05 0.0001684772510104819 1.5350000000000004 0.00014736325920432867 0.00010036100139138416 5.1450000000000005 0.0002337168831467924 -0.013279525471383944 6.9999999999999627 -6.7499999999999662 -0.0047946330760870173 9.41702963937674e-05 -0.22499999999999998 0.12500000000000003 0.0048243852378498939 -4.2499999999999973 -0.054164934886850584 0.026571464170220497 -0.0033719575165566114 3.9999999999999818 1.7850000000000004
decision_type=2 2 2 2 2 2 2 2 2 2 2 2 2 2 2 2 2 2 2 2 2 2 2 2 2 2 2 2 2 2 2 2 2 2 2 2 2 2 2 2 2
left_child=1 -1 4 -4 -2 6 9 8 19 10 21 12 13 29 15 -14 20 -15 -16 -8 -3 22 23 24 -5 -9 27 36 -29 -12 31 -31 -13 -34 37 -36 -27 38 -35 -39 -40
right_child=2 16 3 5 -6 -7 7 25 -10 -11 11 32 14 17 18 -17 -18 -19 -20 -21 -22 -23 -24 -25 -26 26 -28 28 -30 30 -32 -33 33 34 35 -37 -38 39 40 -41 -42
leaf_value=0.011347371935471893 0.0089299146671380329 -0.0051369997573841048 0.016255351875722409 0.0026686596795916558 -0.0054202635146157691 -0.0056673766598105439 -0.0015617257782391139 -0.0041255116754156705 0.024820621859282258 -0.0043176525749266149 0.017233853143081068 -0.0069270762428641323 0.0038665473977213395 0.028418664738535885 -0.0073951061627998641 0.020291897606266582 0.0052750228248974853 0.011620794642716646 0.0024823626409980317 0.015190885923430325 -0.0020928195886382112 -0.006222470344056057 -0.0050605869323015213 -0.0048150735329836611 0.016734337262025004 0.010785796762577127 -0.00068507709132973108 0.0083601790169253957 0.024311754941940308 0.02039928361661732 0.0006944385020778729 0.0028040496763587002 0.014840161038030472 0.0015542975967483862 0.0067224203199148184 -0.0090726201932649232 -0.0034295061975717542 -0.0091553343322414629 0.018736879805723829 0.0050754110016860074 0.0051075745402079705
leaf_weight=40 21 446 20 48 129 54 21 34 22 90 20 33 68 22 49 23 51 22 79 20 874 79 90 36 38 21 64 40 25 20 65 25 28 182 23 49 33 39 27 32 53
leaf_count=40 21 446 20 48 129 54 21 34 22 90 20 33 68 22 49 23 51 22 79 20 874 79 90 36 38 21 64 40 25 20 65 25 28 182 23 49 33 39 27 32 53
internal_value=0 -0.00240773 0.00202116 0.00253236 -0.00341124 0.00235799 0.0026431 0.00603033 0.0129694 0.00187824 0.00236314 0.00357855 0.00588335 0.0100504 0.00257254 0.00801801 -0.00280904 0.0200197 -0.00129886 0.00661028 -0.00312138 -0.00122464 0.000637759 0.00484146 0.00888373 0.00401575 0.00552833 0.00886999 0.0144954 0.00667617 0.00475659 0.0106242 0.00163481 0.00228734 0.00141949 -0.00402698 0.00209867 0.0025971 0.00404381 -0.00274148 0.00970747
internal_weight=0 1411 1744 1594 150 1574 1520 280 63 1240 1150 859 393 174 219 91 1371 44 128 41 1320 291 212 122 86 217 183 119 65 130 110 45 466 433 405 72 54 333 262 71 80
internal_count=3155 1411 1744 1594 150 1574 1520 280 63 1240 1150 859 393 174 219 91 1371 44 128 41 1320 291 212 122 86 217 183 119 65 130 110 45 466 433 405 72 54 333 262 71 80
is_linear=0
shrinkage=0.0495


Tree=12
num_leaves=42
num_cat=0
split_feature=3 1 3 21 16 2 1 19 3 20 20 19 20 20 21 8 2 3 3 21 3 18 17 6 1 21 15 21 20 0 3 0 21 19 19 7 15 15 15 0 14
split_gain=5.53061 3.02782 1.58856 1.5465 1.83761 1.21357 1.66017 1.41955 2.42005 2.08455 1.20932 1.45505 1.60085 2.59811 1.72417 1.64818 1.8825 1.45926 2.03552 1.43911 1.48867 1.34901 1.19854 1.27062 1.59024 1.22407 1.18353 1.13961 1.02433 0.983421 0.967775 0.93963 0.92509 0.902868 0.886525 0.880947 0.870144 0.868031 0.818644 1.27084 0.804405
threshold=1.4950000000000003 3.667515708496517e-05 0.56500000000000006 0.0054436554100766319 -5.0000000000000151 0.0011109579304333353 0.00059420226055148094 -0.0062001714593776782 1.7950000000000002 -0.00083792584366304535 -0.0076035649571023481 0.0065473339867291322 -0.0021774267454280345 -0.0026652935598650003 -0.001584473339835246 -1.0000000000000002 7.9109284232523684e-05 1.9150000000000003 2.5350000000000006 0.00093404809104435948 2.1950000000000007 0.010554479390815221 -2.249999999999996 6.9999999999998961 8.079098176176992e-05 0.0030268012522917114 0.7350000000000001 -0.0034536511167188584 0.0033526935342350632 8.1914016928704914e-05 1.7650000000000003 0.00010816949441851831 0.0076090916713600363 0.0094583173238042013 -0.0026106426406136691 0.036182151858652485 2.1350000000000002 1.0450000000000002 3.4250000000000003 4.1325677163821844e-05 1.5950000000000004
decision_type=2 2 2 2 2 2 2 2 2 2 2 2 2 2 2 2 2 2 2 2 2 2 2 2 2 2 2 2 2 2 2 2 2 2 2 2 2 2 2 2 2
left_child=2 -2 -1 5 -5 6 7 8 9 -3 -9 12 13 19 15 40 -17 26 21 20 31 28 23 24 34 37 -16 36 -19 -25 -21 -12 -6 -13 -4 38 -18 -26 -24 -40 -14
right_child=1 3 22 4 32 -7 -8 10 -10 -11 11 33 14 -15 17 16 27 18 -20 30 -22 -23 35 29 25 -27 -28 -29 -30 -31 -32 -33 -34 -35 -36 -37 -38 -39 39 -41 -42
leaf_value=0.010055079213827848 -0.0048959923957871097 0.017174521713453742 0.0041245937682491017 0.0081365881999467433 -0.0086733796427673412 0.013231629839278758 -0.0058846042792672333 -0.0011662243336217628 -0.0050844369144737722 0.00014421987475454808 -0.0073936175259947771 -0.0053320613403569743 0.010530019961223007 0.024198967687189578 0.0081919210170169135 0.017079988407343625 0.0061979058163940904 0.010539624288327271 -0.0033530131028208041 0.020741324358084796 0.014532230997383594 0.0022217144137591125 -0.0028942935386872559 0.016798144497334959 0.007583112924106951 0.016093245879281314 -0.0014452353756470701 0.0091945408088501025 0.024764542078971864 0.0014303993642516433 0.0078730560855497598 0.0050197035494958979 -0.00036694187274253045 0.0067382044081762439 -0.0047424493067241029 0.0039238460642293093 -0.0052991399432424195 -0.0052653194440966068 -0.0040785918666422366 0.012989444066606463 0.023153599522300065
leaf_weight=27 124 28 34 39 57 32 43 74 99 45 27 46 27 27 37 28 25 31 31 25 21 25 1403 20 28 20 177 42 20 20 32 32 74 22 133 50 43 23 22 20 22
leaf_count=27 124 28 34 39 57 32 43 74 99 45 27 46 27 27 37 28 25 31 31 25 21 25 1403 20 28 20 177 42 20 20 32 32 74 22 133 50 43 23 22 20 22
internal_value=0 0.00240285 -0.00174211 0.00313807 -0.00120123 0.00383334 0.00354107 0.00395213 -9.2923e-05 0.00667639 0.00480686 0.00540417 0.00609542 0.010305 0.00473641 0.00847692 0.00573547 0.00255736 0.00723008 0.00756679 0.00332725 0.0115469 -0.00192177 0.00103292 -0.000325293 0.00581817 0.000221002 0.00284778 0.016118 0.00911427 0.013517 -0.000660969 -0.00398119 -0.00142698 -0.00293718 -0.0024712 -0.00107228 0.00178872 -0.00269248 0.00404904 0.0161977
internal_weight=0 1355 1800 1231 170 1061 1029 986 172 73 814 740 672 164 508 187 138 321 107 137 80 76 1773 278 238 71 214 110 51 40 57 59 131 68 167 1495 68 51 1445 42 49
internal_count=3155 1355 1800 1231 170 1061 1029 986 172 73 814 740 672 164 508 187 138 321 107 137 80 76 1773 278 238 71 214 110 51 40 57 59 131 68 167 1495 68 51 1445 42 49
is_linear=0
shrinkage=0.049005


Tree=13
num_leaves=42
num_cat=0
split_feature=5 5 1 2 9 18 14 9 19 16 15 14 1 19 3 0 6 13 20 7 20 8 3 7 1 3 13 3 3 19 14 21 18 9 1 7 14 4 16 21 2
split_gain=5.17313 2.8162 1.59907 1.46483 1.38539 1.34044 2.12503 1.44614 1.28619 1.54764 1.37563 1.34426 1.25852 1.28319 1.78258 1.59931 1.2413 1.23882 1.29392 1.87884 2.64216 1.58287 1.49563 1.2238 1.21833 1.14621 2.0721 1.98415 1.14139 1.7419 1.12185 1.04353 1.59008 1.17583 0.95354 1.75777 0.950088 1.04442 1.29026 0.940526 0.920716
threshold=4.6850000000000014 2.5750000000000006 3.667515708496517e-05 2.0032917427379925e-05 -15.000000000000023 0.085970422819072648 2.4650000000000003 12.500000000000002 0.005360166273057799 5.0000000000000018 2.8550000000000004 0.13500000000000004 9.2637387552078727e-05 -0.0027645420245351877 1.8950000000000002 0.00012250609175736051 6.9999999999998961 2.9999999999999862 0.0026207884362369209 -0.0031737637766193756 -0.0060124831235738854 -3.0000000000000133 1.2050000000000003 0.0044275673056430884 0.00015377169860184874 1.8050000000000004 -1.2499999999999953 1.7350000000000001 1.5550000000000004 -0.0048826508709864372 0.20500000000000004 0.0011722110493427309 0.0022317500373548742 -1.5000000000000011 0.00010601854896447051 -0.017572387408464337 1.7050000000000003 0.99999999999999545 -3.0000000000000009 -0.0021916128283647192 6.4260873186388698e-05
decision_type=2 2 2 2 2 2 2 2 2 2 2 2 2 2 2 2 2 2 2 2 2 2 2 2 2 2 2 2 2 2 2 2 2 2 2 2 2 2 2 2 2
left_child=1 -1 3 -2 -4 7 -7 8 9 17 36 -11 -13 14 -14 -15 -3 18 19 20 -6 -20 -22 -17 -12 27 -27 34 -23 -30 -18 32 33 -31 35 -24 37 38 -10 -28 -21
right_child=2 16 4 -5 5 6 -8 -9 10 11 24 12 13 15 -16 23 30 -19 21 40 22 28 25 -25 -26 26 39 -29 29 31 -32 -33 -34 -35 -36 -37 -38 -39 -40 -41 -42
leaf_value=0.010540934686709604 0.0088964954087181816 -0.0029256948364682882 0.014941822996538914 -0.0049203924646415683 -0.0028137757793563417 -0.0056691945427334725 0.010346327362627443 -0.0052761825375951827 0.012310826421296151 0.018352762939365271 -0.00024730511360418055 -0.0016983639556363039 0.010273232996338606 0.023628720653347448 -0.007745225242685806 0.0018166910432461652 0.01210208096708649 -0.0033688261045002155 0.012811050790949911 0.0088592770241695019 -0.0028679138484560699 -0.0053144841684670307 0.016300101574243605 0.01455683129734512 0.012686196772552057 0.015873499157721953 -0.0076669833321026714 0.026034140888797408 -0.0063089736621602397 0.0048322288571240645 -0.00012686872849495786 -0.0026928376821437673 -0.00027083341281122585 0.020138786813143641 0.016571433766281021 -0.0023327681641297847 -0.0073364740782782432 -0.0069955980278715493 -0.0014354852726340293 0.0059152279485310613 0.0011112683759067529
leaf_weight=40 21 1272 20 129 48 104 24 54 25 23 40 40 28 20 24 36 23 74 22 41 20 85 22 35 30 35 20 26 46 21 76 31 34 27 37 26 66 33 45 30 302
leaf_count=40 21 1272 20 129 48 104 24 54 25 23 40 40 28 20 24 36 23 74 22 41 20 85 22 35 30 35 20 26 46 21 76 31 34 27 37 26 66 33 45 30 302
internal_value=0 -0.00214822 0.00180285 -0.00298603 0.0022535 0.00209228 -0.00266628 0.00251351 0.00281569 0.00348711 -0.000423408 0.0072981 0.00590872 0.00803657 0.00195702 0.0115106 -0.00251844 0.00265811 0.00316898 0.00440541 0.00748201 0.000347507 0.00976996 0.00809704 0.00529562 0.0110595 0.00681988 0.0143061 -0.000776255 0.00164984 0.0027142 0.00488971 0.00775629 0.0134422 0.0107187 0.0062073 -0.00279224 0.000119603 0.00347391 0.000482343 0.00203742
internal_weight=0 1411 1744 150 1594 1574 128 1446 1392 1153 239 206 183 143 52 91 1371 947 873 607 264 266 216 71 70 196 85 111 244 159 99 113 82 48 85 48 169 103 70 50 343
internal_count=3155 1411 1744 150 1594 1574 128 1446 1392 1153 239 206 183 143 52 91 1371 947 873 607 264 266 216 71 70 196 85 111 244 159 99 113 82 48 85 48 169 103 70 50 343
is_linear=0
shrinkage=0.048515


Tree=14
num_leaves=42
num_cat=0
split_feature=5 5 2 13 1 2 15 22 22 14 14 6 18 14 12 14 5 15 3 5 20 15 0 0 3 7 3 0 1 15 19 8 19 2 17 14 18 2 7 1 0
split_gain=4.68336 2.54958 1.51859 1.72514 1.8621 1.4946 1.84764 1.33712 1.7344 1.68707 1.18784 1.1602 1.15177 1.52372 1.43674 2.07016 1.16174 2.38397 1.58168 1.48725 1.46654 1.18898 1.16569 1.16127 1.09983 1.83136 2.16861 1.08385 1.34896 1.0662 1.06549 1.03939 0.974444 0.968006 0.959109 1.76441 1.77936 1.23509 1.30939 1.00379 0.898491
threshold=4.6850000000000014 2.5750000000000006 0.0011109579304333353 0.49999999999999495 0.00050838497951248996 0.00022262610528635103 2.8550000000000004 -1.2081599120972173e-05 1.208130719787537e-05 1.7450000000000003 0.21500000000000002 9.0000000000000089 0.1051829212072234 2.5850000000000004 1.0000000180025095e-35 2.1750000000000003 6.3850000000000007 1.5250000000000001 1.7850000000000004 4.9850000000000012 0.0022020683839466542 1.0000000180025095e-35 9.4853510035975485e-05 8.4257116973570129e-05 1.5550000000000004 0.0047425369491790334 1.885 0.00013453221150686051 8.3778490403574245e-05 0.31500000000000006 -0.0050373769342532118 -3.0000000000000004 0.00074844703961352021 3.4874034338445212e-05 -1.5000000000000007 0.055000000000000007 -0.057084753909384549 4.5721687752241264e-05 -0.037583892213287222 3.0052460312315154e-05 6.4293806717573889e-05
decision_type=2 2 2 2 2 2 2 2 2 2 2 2 2 2 2 2 2 2 2 2 2 2 2 2 2 2 2 2 2 2 2 2 2 2 2 2 2 2 2 2 2
left_child=1 -1 3 4 5 12 7 9 10 29 -9 33 13 14 16 23 19 18 21 27 24 -18 -22 -16 -19 26 -26 28 -2 -7 -10 -5 -28 -3 35 -35 -37 39 -39 -36 -41
right_child=2 11 -4 31 -6 6 -8 8 30 -11 -12 -13 -14 -15 15 -17 17 20 -20 -21 22 -23 -24 -25 25 -27 32 -29 -30 -31 -32 -33 -34 34 37 36 -38 38 -40 40 -42
leaf_value=0.0099292464766665492 0.002487225388143873 -0.0044676826703623157 0.011324849797186287 0.0084325208384090338 -0.004943423825587624 0.013131826267718021 0.017675558502087661 0.005500915621411296 -0.0016324751710676373 0.020273952577551227 -0.0084350006057261288 0.0047359250215517155 -0.0044160390409343879 -0.0036220864627538691 0.010920685744866371 0.022269817301921121 0.0090576348576989329 -0.0022118198516350718 0.0027187411664889847 -0.0012845682750432671 -0.010386024237571444 0.0247691969093265 0.0013838087501776143 -0.0036445914461091717 0.016966975121894157 -0.0015283495658940376 0.010090027301413109 -0.0025083300789114052 0.01457034532295997 -0.00097878362618190255 0.011889595245532427 -0.0016480696426063185 -0.0024871748932388795 0.013269211098057959 0.0081525123669833419 0.010320665124351055 -0.002334267143834984 0.0075532772638672065 -0.0044417208393259817 -0.003204258219832085 0.0064086787197949208
leaf_weight=40 47 446 37 25 75 21 29 21 20 24 43 51 60 86 28 21 20 41 25 272 30 25 55 23 53 45 27 31 39 30 41 420 30 24 35 30 176 22 459 99 29
leaf_count=40 47 446 37 25 75 21 29 21 20 24 43 51 60 86 28 21 20 41 25 272 30 25 55 23 53 45 27 31 39 30 41 420 30 24 35 30 176 22 459 99 29
internal_value=0 -0.00202356 0.00169823 0.00148957 0.00239626 0.00286001 0.00634589 0.00470309 0.0016611 0.00977306 -0.00386228 -0.00237229 0.00202675 0.00245722 0.00310109 0.00957805 0.0024709 0.00447432 0.012405 0.000663193 0.0024987 0.0177863 -0.00277025 0.00435203 0.0047837 0.00663413 0.00997332 0.00519132 0.00796678 0.00483147 0.00745613 -0.00108174 0.00347045 -0.00264693 -0.0017178 0.000944565 -0.000491316 -0.00266865 -0.00389309 0.000944589 -0.00102633
internal_weight=0 1411 1744 1707 1262 1187 229 200 125 75 64 1371 958 898 812 72 740 351 70 389 281 45 85 51 196 155 110 117 86 51 61 445 57 1320 874 230 206 644 481 163 128
internal_count=3155 1411 1744 1707 1262 1187 229 200 125 75 64 1371 958 898 812 72 740 351 70 389 281 45 85 51 196 155 110 117 86 51 61 445 57 1320 874 230 206 644 481 163 128
is_linear=0
shrinkage=0.0480298


Tree=15
num_leaves=42
num_cat=0
split_feature=5 8 0 13 20 22 22 21 21 2 3 0 19 5 21 15 8 1 19 14 19 22 0 20 20 19 15 6 3 7 7 2 1 7 2 3 13 14 22 18 1
split_gain=4.52215 1.44886 1.82272 1.65836 2.15623 1.74687 2.71122 1.93095 1.83813 1.74426 1.58633 1.46334 1.18866 1.8141 1.7206 1.08183 1.04225 1.04265 1.03447 1.03068 1.50577 1.19423 1.26108 1.00887 0.987332 0.967523 0.948656 1.3509 1.74627 1.30169 1.69459 1.25775 1.73218 1.35359 1.2147 1.72744 1.60437 1.49882 1.30232 0.931002 1.01915
threshold=4.6650000000000009 -1.0000000180025095e-35 0.00078494393648379315 1.0000000000000122 -0.0064467179530810484 -3.5461621671173387e-05 -0.00081214228462261884 0.0045133050751354773 -0.0005697345108626738 0.00033220395274397295 2.4250000000000003 0.00024662460996700445 -0.0015100323420373927 7.0550000000000006 -0.0032988467142870954 0.095000000000000015 6.0000000000000284 0.00018284696279451652 0.0031950719167882506 0.16500000000000004 0.0020819890414147673 1.2082328990192794e-05 6.6932114410933339e-05 -0.00080935840877938137 -0.00045847775715501799 0.00084633842792802849 1.9950000000000003 -2.9999999999999578 1.7850000000000004 -0.0084438125548359482 0.014011000278125964 8.9809896665054984e-05 6.1090320273459161e-05 -0.0023244601117767267 0.00019899905847417892 2.2750000000000004 -1.0000000180025095e-35 1.8225000000000005 1.0000000180025095e-35 -0.034056782457579086 5.8358363545993872e-05
decision_type=2 2 2 2 2 2 2 2 2 2 2 2 2 2 2 2 2 2 2 2 2 2 2 2 2 2 2 2 2 2 2 2 2 2 2 2 2 2 2 2 2
left_child=15 3 16 4 25 6 -6 8 9 12 -5 -12 14 -14 -7 -1 26 -18 -9 20 21 22 23 -17 -8 -2 27 28 29 -3 -31 32 -29 -34 -28 36 -36 -37 -38 -21 -41
right_child=1 2 -4 10 5 7 24 18 -10 -11 11 -13 13 -15 -16 19 17 -19 -20 39 -22 -23 -24 -25 -26 -27 34 31 -30 30 -32 -33 33 -35 35 37 38 -39 -40 40 -42
leaf_value=-0.005269178514644546 -0.0073654074026169077 0.016491850904281204 0.011330862401740001 -0.0048674108372162824 0.00021830612640480335 0.0027512853769153735 0.023111571408609019 0.0052323906920779964 -0.0009813045976125004 0.019614795989315346 0.015637886245269635 -0.00096666841576234584 -0.0078111574439176743 0.010337428290737142 0.017210381901930784 0.0049592721466773645 0.014779080955572758 0.00013985095428681738 0.019616472178119876 0.00060386148053461982 0.011461868175498227 -0.0091054909931654864 0.0076273299416437425 -0.0061125277195772428 0.011954852958744462 0.0026165203191948444 -0.00015271782502313344 -0.005895140848720783 -0.0046594776110822494 -0.0032954954477814875 0.012763232718460679 -0.0066183340923388961 0.015749169734723102 -0.00022061659338169526 0.00039026724756938678 0.0084425490250331064 0.021775490481061664 -0.0047700450968706709 0.0068656253919052211 -0.0016122968183005849 -0.0052991354286511839
leaf_weight=183 42 21 35 91 35 49 29 20 143 20 20 30 33 20 30 30 22 22 26 250 31 27 52 49 47 46 435 51 55 39 24 153 21 28 28 30 27 55 26 566 242
leaf_count=183 42 21 35 91 35 49 29 20 143 20 20 30 33 20 30 30 22 22 26 250 31 27 52 49 47 46 435 51 55 39 24 153 21 28 28 30 27 55 26 566 242
internal_value=0 0.00174795 0.000658404 0.00346306 0.00466207 0.00598784 0.011169 0.00430132 0.00288839 0.00652895 -0.00112891 0.00567515 0.00454625 -0.000962635 0.00824208 -0.00185517 0.000298196 0.00745947 0.0133625 -0.00135415 0.00188019 2.35483e-07 0.00187699 -0.00190805 0.016212 -0.00214758 -1.91213e-05 -0.00183891 0.00192698 0.00623955 0.00282212 -0.00390791 0.000239031 0.00662358 0.00116783 0.00462829 0.00959719 -0.000106777 0.0144612 -0.00193193 -0.00271652
internal_weight=0 1753 1072 681 540 452 111 341 295 152 141 50 132 53 79 1430 1037 44 46 1247 189 158 131 79 76 88 993 392 139 84 63 253 100 49 601 166 81 85 53 1058 808
internal_count=3183 1753 1072 681 540 452 111 341 295 152 141 50 132 53 79 1430 1037 44 46 1247 189 158 131 79 76 88 993 392 139 84 63 253 100 49 601 166 81 85 53 1058 808
is_linear=0
shrinkage=0.0475495


Tree=16
num_leaves=42
num_cat=0
split_feature=5 8 0 13 20 22 22 21 3 22 3 0 19 3 1 1 15 5 19 22 8 4 19 8 1 20 19 20 6 15 2 3 3 11 9 1 5 3 12 14 20
split_gain=4.10233 1.31435 1.65351 1.5044 1.95605 1.5847 2.45952 1.75168 1.70822 1.48004 1.43906 1.32748 1.26672 2.25263 1.19279 1.53122 0.981394 0.980621 2.45564 1.12875 1.06011 1.30327 0.951619 0.945486 0.94585 0.934469 0.913479 0.89567 0.861653 0.926268 1.52238 1.80062 1.80491 1.18412 1.12646 1.14337 1.64043 0.960507 1.32387 1.86062 1.64925
threshold=4.6650000000000009 -1.0000000180025095e-35 0.00078494393648379315 1.0000000000000122 -0.0064467179530810484 -3.5461621671173387e-05 -0.00081214228462261884 0.0045133050751354773 1.9950000000000003 0.00011719121945419354 2.4250000000000003 0.00024662460996700445 -0.0013689495219771362 1.7250000000000003 0.00012827088742071741 7.5166172323694856e-05 0.095000000000000015 3.1250000000000004 0.001852424128274688 4.8021520289376347e-05 -1.9999999999999682 -0.99999999999999523 0.0046750928441400283 6.0000000000000284 0.00018284696279451652 -0.0017620418513770162 0.0085315627113423682 -0.00045847775715501799 10.500000000000044 1.9950000000000003 0.00021878117435536099 2.2750000000000004 1.9950000000000003 -1.0000000000000451 7.250000000000024 0.00013110148755347424 6.6550000000000011 1.7650000000000003 3.0000000000000018 2.2625000000000002 0.0022020683839466542
decision_type=2 2 2 2 2 2 2 2 2 2 2 2 2 2 2 2 2 2 2 2 2 2 2 2 2 2 2 2 2 2 2 2 2 2 2 2 2 2 2 2 2
left_child=16 3 23 4 26 6 -6 8 12 -10 -5 -12 13 14 15 -7 -1 18 19 20 -18 -22 -9 28 -25 -14 -2 -8 29 34 37 32 -32 -33 35 36 -3 38 39 40 -31
right_child=1 2 -4 10 5 7 27 22 9 -11 11 -13 25 -15 -16 -17 17 -19 -20 -21 21 -23 -24 24 -26 -27 -28 -29 -30 30 31 33 -34 -35 -36 -37 -38 -39 -40 -41 -42
leaf_value=-0.0049684454111450478 -0.0046260660610443977 -0.0018873143535258511 0.010684164629027359 -0.0045896082909602422 0.00020584679478771127 0.0061036702513109081 0.021792501307124543 0.0061174156569322284 0.0039678235887194088 0.019637561320729222 0.014745369325615196 -0.00091149678888065712 0.0040495518963061467 -0.0067184116857045536 0.0012007346980806924 0.023346111163007749 -0.0043219866884056136 -0.0019986456727967747 0.014380657727534083 -0.0076751568979450593 -0.0048696810709527817 0.0053044099600598835 0.019671640319952041 0.013935579781040869 0.00013186898033520987 -0.0043177039637945277 0.006818578125913119 0.011272541759775361 -0.0044103638133792707 0.010749919403538453 0.0044378419017439526 0.0089589612717849258 0.021214429087982389 -0.0041008103276875063 0.0063482566635313922 -0.0059180537276046176 0.010215728783470239 -0.002246291277000506 0.010094607543784257 -0.0036247611943475274 -0.0020025150085415987
leaf_weight=183 68 172 35 91 35 25 29 24 34 22 20 30 42 26 25 21 60 960 28 39 36 124 22 22 22 100 20 47 90 55 30 25 27 40 37 122 29 184 40 104 38
leaf_count=183 68 172 35 91 35 25 29 24 34 22 20 30 42 26 25 21 60 960 28 39 36 124 22 22 22 100 20 47 90 55 30 25 27 40 37 122 29 184 40 104 38
internal_value=0 0.00164818 0.000620826 0.0032654 0.00439599 0.00564609 0.0105315 0.00405583 0.00272354 0.0101238 -0.00106448 0.00535125 0.000989584 0.00513608 0.00947716 0.0139752 -0.00174929 -0.00127687 0.00113744 -0.000294255 0.00101418 0.00301524 0.0125999 0.000281177 0.00703372 -0.00184288 -0.00202501 0.0152867 -1.80299e-05 0.000419744 0.00164734 0.00627759 0.0123846 0.000922179 -0.00143189 -0.00232311 -0.000141104 0.000305562 0.00228675 0.000701395 0.00553925
internal_weight=0 1753 1072 681 540 452 111 341 295 56 141 50 239 97 71 46 1430 1247 287 259 220 160 46 1037 44 142 88 76 993 903 543 122 57 65 360 323 201 421 237 197 93
internal_count=3183 1753 1072 681 540 452 111 341 295 56 141 50 239 97 71 46 1430 1247 287 259 220 160 46 1037 44 142 88 76 993 903 543 122 57 65 360 323 201 421 237 197 93
is_linear=0
shrinkage=0.047074


Tree=17
num_leaves=42
num_cat=0
split_feature=3 2 0 15 4 15 3 3 14 3 16 20 20 21 16 7 0 12 3 3 2 16 2 9 15 0 16 6 0 17 14 19 2 20 7 7 22 2 8 22 3
split_gain=3.49164 1.7362 1.22336 1.21508 1.18403 1.19816 1.09049 2.23332 1.86801 1.58369 1.45054 1.38071 1.40541 1.89016 1.39371 1.96325 1.2268 1.1862 1.16664 1.61689 1.1372 1.90404 1.24902 1.13145 1.11796 0.9518 0.942464 1.15512 1.01702 0.992855 1.09129 1.37427 1.33146 1.41454 2.10549 1.0736 0.928655 0.92192 1.17204 0.91612 0.836977
threshold=1.4850000000000001 3.8292919040235975e-05 2.2361522396385086e-05 3.5850000000000004 2.9999999999999862 0.14500000000000005 5.9650000000000007 4.1000000000000005 1.8650000000000004 2.5050000000000003 -1.0000000000000118 -0.0085432896767010363 -0.0021774267454280345 0.00074382083666990628 4.9999999999999885 0.0081253266416061471 0.0007214066849551274 3.0000000000000018 2.0250000000000004 1.6950000000000001 0.00010918110196433992 -4.2499999999999973 0.00019575577271879359 -11.000000000000002 2.3150000000000008 1.5555808970144717e-05 9.4999999999999982 -11.000000000000075 6.08011791564459e-05 -0.99999999999999967 0.22500000000000003 0.0075200056376703026 0.00013599016773257848 -0.0010592018294159897 0.0081253266416061471 -0.01172241439962479 -1.0000000180025095e-35 3.8686479120614279e-05 1.0000000000000455 1.2081161241628282e-05 1.9950000000000003
decision_type=2 2 2 2 2 2 2 2 2 2 2 2 2 2 2 2 2 2 2 2 2 2 2 2 2 2 2 2 2 2 2 2 2 2 2 2 2 2 2 2 2
left_child=4 25 -3 6 5 -1 7 9 -9 11 24 39 13 -13 23 18 -10 20 19 -16 -15 -22 -23 -14 -11 -2 27 -7 -28 30 32 35 33 -29 -35 37 -37 -32 -39 -4 -25
right_child=1 2 3 -5 -6 26 -8 8 16 10 -12 12 14 17 15 -17 -18 -19 -20 -21 21 22 -24 40 -26 -27 28 29 -30 -31 31 -33 -34 34 -36 36 -38 38 -40 -41 -42
leaf_value=-0.0047092322602187275 0.0044892262717800419 -0.0028761896776211687 -0.0072802223774636621 0.012473892831434944 0.0073652319422938071 0.0085503540535668901 -0.0069633899037258107 0.02243667318024423 -0.00076219778316956625 0.0089100988875181978 -0.0063879032266566469 0.0020810347086348221 0.011951893600998137 0.019673685801955644 0.017334147674168691 0.00035134980533123241 0.014466246152558856 0.00020954454336464566 0.020968996431650434 0.00045108238892756778 -0.0031244459676316749 0.0082724270566236664 0.022949621649490399 -0.00056446095169021538 -0.0035201988149912889 -0.0067693111449731351 0.013409190010421729 0.014648454295335149 0.0002353221807215777 -0.0023785540107848085 0.0088515490261967967 0.0099049321530437669 -0.0025660105889280097 -0.0056065610724004298 0.013374576149856076 -0.0056947221329290325 -0.00069895999656158128 -0.0035759016431254902 0.0085003687842282964 0.0035339482911697466 0.0038232582841439093
leaf_weight=211 21 92 46 27 34 26 26 21 27 33 83 115 20 32 22 61 20 21 21 28 20 34 20 345 30 73 20 34 35 858 33 24 46 30 22 146 181 64 24 27 130
leaf_count=211 21 92 46 27 34 26 26 21 27 33 83 115 20 32 22 61 20 21 21 28 20 34 20 345 30 73 20 34 35 858 33 24 46 30 22 146 181 64 24 27 130
internal_value=0 0.0018624 0.00230433 0.00269855 -0.00124844 -0.00141541 0.00247526 0.00268755 0.0108811 0.00217545 -0.00234088 0.00287543 0.00339255 0.00640927 0.00222821 0.00648305 0.00571799 0.0103285 0.0117511 0.00787963 0.0123332 0.009159 0.0137084 0.00109358 0.00299091 -0.00425411 -0.000964994 -0.00118643 0.00502582 -0.00135959 8.78878e-05 -0.000959683 0.00383375 0.00725688 0.00242392 -0.00154172 -0.00292948 0.0022087 -0.000282373 -0.00328046 0.000636389
internal_weight=0 1395 1301 1209 1788 1754 1182 1156 68 1088 146 942 869 242 627 132 47 127 71 50 106 74 54 495 63 94 1543 1488 55 1462 604 472 132 86 52 448 327 121 88 73 475
internal_count=3183 1395 1301 1209 1788 1754 1182 1156 68 1088 146 942 869 242 627 132 47 127 71 50 106 74 54 495 63 94 1543 1488 55 1462 604 472 132 86 52 448 327 121 88 73 475
is_linear=0
shrinkage=0.0466033


Tree=18
num_leaves=42
num_cat=0
split_feature=5 8 0 13 20 22 22 21 21 2 12 1 19 5 8 8 1 19 16 11 6 22 19 7 0 21 20 15 14 0 19 14 19 5 21 2 2 1 7 14 16
split_gain=3.42024 1.1519 1.44643 1.29639 1.63608 1.42744 2.20926 1.57901 1.54929 1.61238 0.86655 1.18846 0.866052 0.857377 0.855688 0.844809 0.867096 0.85458 1.31335 2.01469 1.5216 2.24949 1.12548 1.63457 1.49048 1.08533 1.21942 1.07927 0.942759 1.075 1.00874 0.88035 0.840568 1.59316 1.28107 0.823868 0.814454 1.42956 1.43499 1.56005 0.875001
threshold=4.6850000000000014 -1.0000000180025095e-35 0.00078494393648379315 1.0000000000000122 -0.0064467179530810484 -3.5461621671173387e-05 -0.00081214228462261884 0.0045133050751354773 -0.0005697345108626738 0.00033220395274397295 -1.9999999999999989 0.00020250630642338146 0.0031950719167882506 7.6550000000000011 -3.0000000000000004 6.0000000000000284 0.00018284696279451652 0.0052556069091530553 4.9999999999999973 9.0000000000000089 -5.9999999999999822 -1.0000000180025095e-35 0.00044776387866096728 -0.0092795464874302885 0.00020028531110303276 0.0031988220216124801 -0.0014919498878519508 2.8950000000000005 2.5750000000000006 0.00016572283483066294 -0.010251613796398716 2.3550000000000004 -0.0015100323420373927 7.0550000000000006 -0.0032988467142870954 0.00016067123683951914 2.0032917427379925e-05 2.4786189277612971e-05 0.010938100648402395 0.47500000000000003 9.4999999999999982
decision_type=2 2 2 2 2 2 2 2 2 2 2 2 2 2 2 2 2 2 2 2 2 2 2 2 2 2 2 2 2 2 2 2 2 2 2 2 2 2 2 2 2
left_child=36 3 15 4 10 6 -6 8 9 32 -2 -12 -9 -8 -5 17 -17 18 22 20 21 -20 28 -24 27 -19 31 -25 29 -3 -31 -27 34 -34 -7 -23 -1 38 -38 -40 -39
right_child=1 2 -4 14 5 7 13 12 -10 -11 11 -13 -14 -15 -16 16 -18 25 19 -21 -22 35 23 24 -26 26 -28 -29 -30 30 -32 -33 33 -35 -36 -37 37 40 39 -41 -42
leaf_value=-0.0048580666520530481 -0.0067902360841360443 0.00092632696806716614 0.0097631978467519909 0.0067572498400782959 7.0999331834137563e-05 0.0022667287127597488 0.017107643879594906 0.0043633770588489907 -0.001049249505178862 0.017857949193080081 0.0095951212109222708 -0.0052507818288564847 0.017133668042955231 0.0061490897718487324 -0.002660655099720995 0.012957692402735565 4.1433026863573704e-06 -0.0087149058945111563 0.022111754504395661 -0.0057041823391255717 0.00020663572274286186 -0.0017280278101951159 0.0088092975096893712 -0.0049608034531863797 0.0099780396909778055 -0.00023136016034393833 -0.0057806709755703119 0.0043431852787138171 -0.0071102841106513957 0.0044091410124336905 -0.0060392398247386741 0.010746657369314461 -0.0071418005237017593 0.0094576265553360031 0.014501272409396072 0.011075678845443596 -1.0215782546772463e-05 -0.002119252173742577 -0.00026258022051207442 0.015298287714374269 0.0046720927091864388
leaf_weight=143 40 266 35 25 35 49 55 20 143 20 24 22 26 21 115 22 22 50 27 31 38 20 62 88 26 48 56 38 57 24 109 23 32 20 29 23 152 1049 24 32 42
leaf_count=143 40 266 35 25 35 49 55 20 143 20 24 22 26 21 115 22 22 50 27 31 38 20 62 88 26 48 56 38 57 24 109 23 32 20 29 23 152 1049 24 32 42
internal_value=0 0.00148488 0.000539392 0.00297445 0.00400704 0.00512137 0.00966249 0.00363446 0.00238682 0.00566254 -0.00182376 0.00249491 0.0115814 0.0140796 -0.000978886 0.000225961 0.00648092 -5.31646e-05 0.000582169 0.00466345 0.00763935 0.0116742 -0.000264545 0.00249577 -7.94778e-05 -0.00295703 -0.000690155 -0.00215484 -0.00155996 -0.000767055 -0.00415382 0.0033249 0.00378632 -0.000757405 0.00681547 0.00512047 -0.00155332 -0.00118951 0.00231582 0.00862934 -0.00185781
internal_weight=0 1741 1065 676 536 450 111 339 293 150 86 46 46 76 140 1030 44 986 809 139 108 70 670 214 152 177 127 126 456 399 133 71 130 52 78 43 1442 1299 208 56 1091
internal_count=3183 1741 1065 676 536 450 111 339 293 150 86 46 46 76 140 1030 44 986 809 139 108 70 670 214 152 177 127 126 456 399 133 71 130 52 78 43 1442 1299 208 56 1091
is_linear=0
shrinkage=0.0461372


Tree=19
num_leaves=42
num_cat=0
split_feature=5 14 2 20 3 3 19 3 19 20 2 19 20 22 5 20 19 0 20 10 15 14 18 1 1 14 15 19 17 20 21 14 3 5 17 18 6 6 18 5 0
split_gain=3.15011 1.76787 1.33346 1.15482 1.15202 2.27293 1.48564 1.79951 1.10655 2.357 2.03624 1.77373 1.16215 1.10481 1.91723 1.87088 1.71223 1.42547 1.53774 1.2328 1.30481 1.21885 1.11511 1.07045 1.02477 1.019 1.44248 0.9814 0.977402 0.943964 0.928294 0.908043 0.83383 0.757 1.4351 0.789165 1.16485 1.12144 1.03034 1.62289 0.749015
threshold=6.5250000000000012 2.5750000000000006 0.00038418823054210194 0.0026207884362369209 5.9650000000000007 3.3150000000000004 -0.0064092405756437923 2.5850000000000004 -0.0043990296487336758 0.0026207884362369209 0.00012037244523975599 -0.0050373769342532118 0.011286864976748913 1.2079410042109552e-05 8.0050000000000008 0.0050838882373844827 0.0040769249827138374 9.1828311390752677e-05 0.0018196827047112232 -6.0000000000000266 3.0550000000000002 2.2150000000000003 -0.016696219816749621 0.00023429023003696168 0.00019925417443654537 1.8650000000000004 3.0250000000000004 0.0036494550564669663 0.58333333333334692 0.0074207879151696474 0.00068082072134090243 1.8550000000000002 1.675 2.6150000000000007 0.999999999999999 0.00736572897734289 -11.000000000000075 10.500000000000044 0.0046638402550064359 4.2650000000000006 0.00012582567579498181
decision_type=2 2 2 2 2 2 2 2 2 2 2 2 2 2 2 2 2 2 2 2 2 2 2 2 2 2 2 2 2 2 2 2 2 2 2 2 2 2 2 2 2
left_child=2 4 8 -4 5 6 29 13 9 10 11 -1 -11 14 16 19 17 -8 30 -15 21 27 -18 32 -9 -7 -27 28 -21 -2 -19 -25 -16 34 -10 36 -35 38 -38 -40 -37
right_child=1 -3 3 -5 -6 25 7 24 33 12 -12 -13 -14 15 23 -17 22 18 -20 20 -22 -23 -24 31 -26 26 -28 -29 -30 -31 -32 -33 -34 35 -36 40 37 -39 39 -41 -42
leaf_value=0.00015119748469285643 -0.005776355495963773 -0.0063875727985539098 -0.0004756905444255144 0.014860277788767081 -0.0065563339053939474 0.018277918348203557 0.01551282347064371 0.0021265213811189122 0.010182690676731346 -0.0041054121516991378 0.015629584412335883 0.01399195210725274 0.0072525258738644913 0.00062581124506585247 0.0026316478847267957 -0.0030521531784127513 -0.0094351263846110516 0.0046075536487355925 -0.0029793685904983356 0.011709974674466642 0.018603933366759796 -0.0019030686591725678 0.0040289043573161695 -0.0023680670750553588 -0.0082853851854600043 0.00094868342604206379 0.015240628063504453 0.016937505712274193 0.00040469848999080666 0.0049281527744071971 0.016491014469959677 0.010091051719889076 -0.006488726557928111 0.0086525900085681288 -0.0035034008018594099 -0.0032682652145621179 -0.0015048037200858836 0.008241118156287074 -0.0013954269139062388 0.015293178835599932 0.00046375606755144193
leaf_weight=99 68 45 20 21 26 24 41 38 33 129 33 24 22 34 29 35 21 32 31 39 31 21 33 23 41 34 26 31 27 23 24 26 75 27 31 641 1011 27 31 20 136
leaf_count=99 68 45 20 21 26 24 41 38 33 129 33 24 22 34 29 35 21 32 31 39 31 21 33 23 41 34 26 31 27 23 24 26 75 27 31 641 1011 27 31 20 136
internal_value=0 0.00243064 -0.000784392 0.00737932 0.00290701 0.0032119 0.00238565 0.00317131 -0.000932233 0.00161729 0.00555482 0.00285183 -0.00245061 0.00409252 0.00244559 0.00662334 0.00561378 0.00849134 0.00518236 0.00847384 0.0102647 0.00807385 -0.00120711 -0.0013231 -0.00327713 0.0103236 0.00714186 0.0102338 0.00708509 -0.00307082 0.00970047 0.00424289 -0.00394555 -0.00133218 0.00355349 -0.00149736 -0.000719195 -0.000951553 -0.00118526 0.00514912 -0.00261504
internal_weight=0 878 2305 41 833 807 723 632 2264 307 156 123 151 553 335 218 182 128 87 183 149 118 54 153 79 84 60 97 66 91 56 49 104 1957 64 1893 1116 1089 1062 51 777
internal_count=3183 878 2305 41 833 807 723 632 2264 307 156 123 151 553 335 218 182 128 87 183 149 118 54 153 79 84 60 97 66 91 56 49 104 1957 64 1893 1116 1089 1062 51 777
is_linear=0
shrinkage=0.0456759


end of trees

feature_importances:
f_3=95
f_5=66
f_14=65
f_2=62
f_1=59
f_0=53
f_15=51
f_20=41
f_7=38
f_19=37
f_8=36
f_18=35
f_21=34
f_6=28
f_22=22
f_9=20
f_16=19
f_10=16
f_11=11
f_17=11
f_4=8
f_13=7
f_12=6

parameters:
[boosting: gbdt]
[objective: regression]
[metric: binary_logloss]
[tree_learner: serial]
[device_type: cpu]
[data: ]
[valid: ]
[num_iterations: 10]
[learning_rate: 0.0456759]
[num_leaves: 42]
[num_threads: 0]
[deterministic: 0]
[force_col_wise: 0]
[force_row_wise: 0]
[histogram_pool_size: -1]
[max_depth: -1]
[min_data_in_leaf: 20]
[min_sum_hessian_in_leaf: 0.001]
[bagging_fraction: 0.6]
[pos_bagging_fraction: 1]
[neg_bagging_fraction: 1]
[bagging_freq: 5]
[bagging_seed: 3]
[feature_fraction: 0.9]
[feature_fraction_bynode: 1]
[feature_fraction_seed: 2]
[extra_trees: 0]
[extra_seed: 6]
[early_stopping_round: 0]
[first_metric_only: 0]
[max_delta_step: 0]
[lambda_l1: 0]
[lambda_l2: 0]
[linear_lambda: 0]
[min_gain_to_split: 0]
[drop_rate: 0.1]
[max_drop: 50]
[skip_drop: 0.5]
[xgboost_dart_mode: 0]
[uniform_drop: 0]
[drop_seed: 4]
[top_rate: 0.2]
[other_rate: 0.1]
[min_data_per_group: 100]
[max_cat_threshold: 32]
[cat_l2: 10]
[cat_smooth: 10]
[max_cat_to_onehot: 4]
[top_k: 20]
[monotone_constraints: ]
[monotone_constraints_method: basic]
[monotone_penalty: 0]
[feature_contri: ]
[forcedsplits_filename: ]
[refit_decay_rate: 0.9]
[cegb_tradeoff: 1]
[cegb_penalty_split: 0]
[cegb_penalty_feature_lazy: ]
[cegb_penalty_feature_coupled: ]
[path_smooth: 0]
[interaction_constraints: ]
[verbosity: 0]
[saved_feature_importance_type: 0]
[linear_tree: 0]
[max_bin: 255]
[max_bin_by_feature: ]
[min_data_in_bin: 3]
[bin_construct_sample_cnt: 200000]
[data_random_seed: 1]
[is_enable_sparse: 1]
[enable_bundle: 1]
[use_missing: 1]
[zero_as_missing: 0]
[feature_pre_filter: 1]
[pre_partition: 0]
[two_round: 0]
[header: 0]
[label_column: ]
[weight_column: ]
[group_column: ]
[ignore_column: ]
[categorical_feature: ]
[forcedbins_filename: ]
[precise_float_parser: 0]
[objective_seed: 5]
[num_class: 1]
[is_unbalance: 0]
[scale_pos_weight: 1]
[sigmoid: 1]
[boost_from_average: 1]
[reg_sqrt: 0]
[alpha: 0.9]
[fair_c: 1]
[poisson_max_delta_step: 0.7]
[tweedie_variance_power: 1.5]
[lambdarank_truncation_level: 30]
[lambdarank_norm: 1]
[label_gain: ]
[eval_at: ]
[multi_error_top_k: 1]
[auc_mu_weights: ]
[num_machines: 1]
[local_listen_port: 12400]
[time_out: 120]
[machine_list_filename: ]
[machines: ]
[gpu_platform_id: -1]
[gpu_device_id: -1]
[gpu_use_dp: 0]
[num_gpu: 1]

end of parameters

pandas_categorical:[]
