tree
version=v3
num_class=1
num_tree_per_iteration=1
label_index=0
max_feature_idx=22
objective=regression
feature_names=f_0 f_1 f_2 f_3 f_4 f_5 f_6 f_7 f_8 f_9 f_10 f_11 f_12 f_13 f_14 f_15 f_16 f_17 f_18 f_19 f_20 f_21 f_22
feature_infos=[3.5138360446667107e-07:0.0066553821535006137] [2.5600331918768856e-06:0.0039732576088439284] [9.2225614268401974e-06:0.0029579505118275174] [0.53000000000000003:6.5599999999999996] [-33.000000000000007:46] [2.4100000000000001:21.82] [-101.00000000000016:144.99999999999994] [-0.15710919088766695:0.17837578087457961] [-81:74] [-46:33.999999999999986] [-51.000000000000021:33.999999999999986] [-33.000000000000007:27.999999999999979] [-41:96.000000000000014] [-36.000000000000007:32.999999999999986] [-0.52000000000000002:2.9100000000000001] [-0.94999999999999996:3.8500000000000001] [-52:73.999999999999972] [-28.000000000000004:24.000000000000004] [-0.29572649572649579:0.64215246636771273] [-0.02958455728073861:0.047292143401983289] [-0.054746473503621829:0.033993115318416534] [-0.039377561323276189:0.045346674363414774] [-0.019984292877423981:0.018327052533256172]
tree_sizes=1844 1862 1883 1863 1894 1877 1878 1875 1858 1881 1901 1911 1887 1904 1887 1894 1895 1901 1896 1889 1909 1936

Tree=0
num_leaves=20
num_cat=0
split_feature=3 3 8 14 2 14 18 3 15 1 3 1 1 7 4 14 3 15 2
split_gain=4.19441 2.05031 2.93188 2.32355 3.67431 7.47476 2.76923 1.23785 1.12023 1.05568 1.46803 2.2947 1.20908 1.67486 0.902034 1.21557 1.35663 0.935361 0.697286
threshold=1.6150000000000004 3.6400000000000001 1.5000000000000009 1.2650000000000003 0.00014011816530469721 -0.13499999999999998 0.0096181054372904713 2.0250000000000004 2.6125000000000003 0.0003279741401299276 1.7750000000000001 0.00018386050219471148 0.00053623892310966626 0.0097594414972633787 0.99999999999998435 0.075000000000000025 0.88500000000000012 0.095000000000000015 4.6062463337321026e-05
decision_type=2 2 2 2 2 2 2 2 2 2 2 2 2 2 2 2 2 2 2
left_child=14 3 8 4 5 -2 -7 -6 -3 10 11 18 13 -11 -1 16 -16 -17 -5
right_child=1 2 -4 9 7 6 -8 -9 -10 12 -12 -13 -14 -15 15 17 -18 -19 -20
leaf_value=0.047388392630875652 0.049458774349793726 0.063493862016807193 0.07182719531909644 0.056827195374975797 0.048008297770033473 0.087211810646399671 0.064134887655444825 0.061112909644724552 0.050348322159674858 0.052487572749632713 0.047547916130264524 0.065160528677265045 0.046827195412228698 0.067981041487270633 0.066827195337722897 0.059327195365662569 0.051544176526732044 0.048259176313815398 0.049099922676489403
leaf_weight=1871 57 21 28 35 127 26 26 21 71 53 555 30 39 26 20 20 53 419 176
leaf_count=1871 57 21 28 35 127 26 26 21 71 53 555 30 39 26 20 20 53 419 176
internal_value=0.0492918 0.051436 0.0576605 0.0507982 0.0549984 0.0619648 0.0756733 0.0498677 0.0533489 0.0496171 0.0489629 0.0522214 0.0540306 0.0575867 0.0478973 0.0497569 0.0557313 0.0487634 0.0503817
internal_weight=0 1291 120 1171 257 109 52 148 92 914 796 241 118 79 2383 512 73 439 211
internal_count=3674 1291 120 1171 257 109 52 148 92 914 796 241 118 79 2383 512 73 439 211
is_linear=0
shrinkage=1


Tree=1
num_leaves=20
num_cat=0
split_feature=5 3 8 14 1 3 2 1 2 5 1 3 19 9 3 1 7 16 8
split_gain=4.16313 1.92322 2.64603 2.22432 2.78246 5.05515 1.9141 1.01953 1.51776 0.972701 1.06948 1.02596 1.47353 1.13304 0.534967 1.85637 1.09166 0.522883 0.457994
threshold=5.495000000000001 3.6400000000000001 1.5000000000000009 1.2350000000000001 0.00017499259060072225 1.7250000000000003 0.00014011816530469721 9.5297907956866653e-05 0.00010617131818293667 5.5850000000000009 0.0003279741401299276 2.3750000000000004 0.0010147870866945576 -1.0000000000000451 1.885 0.0001718158101154786 -0.015481227205451807 10.000000000000004 -0.99999999999999967
decision_type=2 2 2 2 2 2 2 2 2 2 2 2 2 2 2 2 2 2 2
left_child=-1 3 17 4 5 7 -7 -2 -9 -5 14 12 13 -12 15 -11 -17 18 -3
right_child=1 2 -4 9 -6 6 -8 8 -10 10 11 -13 -14 -15 -16 16 -18 -19 -20
leaf_value=-0.0015446965116578315 -0.00056191877461969858 0.0054663422492307592 0.021408640779554844 0.0080129854135999566 -0.00026602383679265432 0.027000356627962532 0.0098655742792678747 0.018861161172389986 0.0018583197678838457 -0.00085568318695381841 0.0055954949309428535 -0.002607143591893347 -4.5647766245038887e-05 0.021125505564977293 -0.0020306285074416625 -0.00046743439849127429 0.013399104312993588 0.010383175864167836 -0.0027022752969060094
leaf_weight=2170 80 37 28 38 157 39 28 21 35 378 24 38 38 23 423 22 40 23 32
leaf_count=2170 80 37 28 38 157 39 28 21 35 378 24 38 38 23 423 22 40 23 32
internal_value=0 0.00187822 0.00795031 0.00135173 0.00473238 0.00859814 0.0198396 0.00306009 0.00823439 0.000163225 -0.000139301 0.00422254 0.00727581 0.0131953 -0.000760977 0.000459619 0.00847872 0.00385429 0.001678
internal_weight=0 1504 120 1384 360 203 67 136 56 1024 986 123 85 47 863 440 62 92 69
internal_count=3674 1504 120 1384 360 203 67 136 56 1024 986 123 85 47 863 440 62 92 69
is_linear=0
shrinkage=0.05


Tree=2
num_leaves=20
num_cat=0
split_feature=5 3 8 14 1 3 0 3 15 1 2 5 1 1 7 18 3 1 2
split_gain=3.75722 1.73571 2.40048 2.00745 2.51117 4.56227 1.77142 1.40316 1.09759 0.920125 1.36978 0.877863 0.965202 0.95617 1.35841 0.563575 0.489674 2.34344 0.506371
threshold=5.495000000000001 3.6400000000000001 2.0000000000000013 1.2350000000000001 0.00017499259060072225 1.7250000000000003 0.00011375872340486854 1.7850000000000004 2.6125000000000003 9.5297907956866653e-05 0.00010617131818293667 5.5850000000000009 0.0003279741401299276 0.00053623892310966626 0.0097594414972633787 -0.012048615768171731 1.7750000000000001 0.0001718158101154786 4.7738469749984058e-05
decision_type=2 2 2 2 2 2 2 2 2 2 2 2 2 2 2 2 2 2 2
left_child=-1 3 8 4 5 9 7 -7 -3 -2 -11 -5 16 14 15 -14 17 18 -13
right_child=1 2 -4 11 -6 6 -8 -9 -10 10 -12 12 13 -15 -16 -17 -18 -19 -20
leaf_value=-0.001467461614152803 -0.00053382275858893991 0.013168878410942853 0.021338207840919499 0.0076123361034612915 -0.00025272269727318151 0.034891775948926805 0.0089519858567251101 0.016162417335435747 0.00080037609949498104 0.017918103188276292 0.0017654038806046758 0.0051586846006102865 0.0089947588741779334 -0.0024584075818077115 0.016007349473823394 -0.0013661144993134908 -0.0016012410828193952 0.012684875988476986 -0.0015455822131418169
leaf_weight=2170 80 24 25 38 157 20 27 20 71 21 35 32 21 39 28 35 559 37 235
leaf_count=2170 80 24 25 38 157 20 27 20 71 21 35 32 21 39 28 35 559 37 235
internal_value=0 0.0017843 0.00755279 0.00128415 0.00449576 0.00816823 0.0188476 0.0255271 0.00392505 0.00290708 0.00782267 0.000155064 -0.000132336 0.00401141 0.00701526 0.00251921 -0.000722928 0.000892127 -0.000742075
internal_weight=0 1504 120 1384 360 203 67 40 95 136 56 1024 986 123 84 56 863 304 267
internal_count=3674 1504 120 1384 360 203 67 40 95 136 56 1024 986 123 84 56 863 304 267
is_linear=0
shrinkage=0.05


Tree=3
num_leaves=20
num_cat=0
split_feature=5 3 8 14 1 3 2 15 1 2 5 1 3 19 9 15 3 1 15
split_gain=3.39089 1.56648 2.16643 1.81173 2.26633 4.11745 1.62651 0.990575 0.830413 1.23622 0.792271 0.871095 0.902633 1.31067 1.01138 0.453328 0.448291 1.5291 1.25386
threshold=5.495000000000001 3.6400000000000001 2.0000000000000013 1.2350000000000001 0.00017499259060072225 1.7250000000000003 0.00014011816530469721 2.6125000000000003 9.5297907956866653e-05 0.00010617131818293667 5.5850000000000009 0.0003279741401299276 2.3750000000000004 0.0010147870866945576 -1.0000000000000451 3.1650000000000005 1.885 0.0001718158101154786 2.8750000000000004
decision_type=2 2 2 2 2 2 2 2 2 2 2 2 2 2 2 2 2 2 2
left_child=-1 3 7 4 5 8 -7 -3 -2 -10 -5 16 13 14 -13 -9 17 -12 -19
right_child=1 2 -4 10 -6 6 -8 15 9 -11 11 12 -14 -15 -16 -17 -18 18 -20
leaf_value=-0.0013940886275044511 -0.00050713161937892442 0.012510434522603951 0.020271298527717592 0.0072317193409329964 -0.0002400865196991878 0.024506163090849534 0.0087109898749206747 -0.0017415832034220883 0.017022197906460083 0.0016771335740174568 -0.00076318049813231472 0.0050772858628382288 -0.0025952131536446121 -0.00023027766299875161 0.019749887692539589 0.0071403051633387813 -0.001849034941154169 -0.00012679012226206915 0.014161212561542498
leaf_weight=2170 80 24 25 38 157 39 28 51 21 35 378 24 38 38 23 20 423 28 34
leaf_count=2170 80 24 25 38 157 39 28 51 21 35 378 24 38 38 23 20 423 28 34
internal_value=0 0.00169509 0.00717515 0.00121994 0.00427097 0.00775982 0.0179052 0.0037288 0.00276173 0.00743153 0.000147311 -0.000125719 0.00381084 0.00667473 0.0122575 0.000760357 -0.000686782 0.000430566 0.00770857
internal_weight=0 1504 120 1384 360 203 67 95 136 56 1024 986 123 85 47 71 863 440 62
internal_count=3674 1504 120 1384 360 203 67 95 136 56 1024 986 123 85 47 71 863 440 62
is_linear=0
shrinkage=0.05


Tree=4
num_leaves=20
num_cat=0
split_feature=3 14 1 3 1 8 0 18 2 10 15 2 22 19 18 14 4 3 14
split_gain=2.86882 1.80101 2.74441 3.00475 2.22083 2.30874 1.5718 1.54853 1.22784 0.868539 1.20697 0.685195 0.66428 0.651092 0.609659 0.603638 0.820657 0.652304 0.576493
threshold=1.4750000000000003 1.2350000000000001 0.00017499259060072225 1.7250000000000003 0.0003279741401299276 2.0000000000000013 0.00011375872340486854 -0.039785839557968709 0.00013091683169166383 2.0000000000000244 3.1150000000000007 0.00072509667545322032 1.2082037031846406e-05 -0.0012460173987682286 -0.0069025072955750102 0.18250000000000002 0.99999999999998435 0.88500000000000012 -0.13499999999999998
decision_type=2 2 2 2 2 2 2 2 2 2 2 2 2 2 2 2 2 2 2
left_child=15 2 3 7 -3 9 8 -2 -5 10 11 12 13 -6 -7 16 -1 -18 -9
right_child=1 4 -4 6 5 14 -8 18 -10 -11 -12 -13 -14 -15 -16 -17 17 -19 -20
leaf_value=-0.0010694637890120396 0.016946296924725174 -0.00036353068278697977 -0.00091986603414018957 0.032061973661184316 0.0090194877330213776 0.022141433330252768 0.0076885826885700233 -0.0013026413100305945 0.014541724361479283 -0.0018282151794922884 0.016487253475934268 -0.0030098727613221857 0.012362802259624005 -0.0029801542727419966 0.009795794049277903 -0.0019003312849260436 0.0088697118541369076 0.0012129275301068099 0.0057480564586958795
leaf_weight=413 20 1073 132 20 20 20 27 64 20 67 20 32 25 26 20 1486 39 97 53
leaf_count=413 20 1073 132 20 20 20 27 64 20 67 20 32 25 26 20 1486 39 97 53
internal_value=0 0.00143382 0.00469776 0.00833269 0.000592165 0.00505069 0.0170099 0.00408908 0.0233018 0.00275218 0.00524719 0.00306466 0.00580248 0.00223708 0.0159686 -0.00137691 3.98619e-05 0.00340862 0.00189126
internal_weight=0 1639 336 204 1303 230 67 137 40 190 123 103 71 46 40 2035 549 136 117
internal_count=3674 1639 336 204 1303 230 67 137 40 190 123 103 71 46 40 2035 549 136 117
is_linear=0
shrinkage=0.05


Tree=5
num_leaves=20
num_cat=0
split_feature=5 13 14 3 5 5 1 3 14 14 2 1 5 8 8 0 2 3 0
split_gain=4.20732 1.5625 1.11009 1.3811 0.803838 1.67715 1.15703 1.94781 1.40561 1.0516 3.56988 1.59036 0.581881 0.646881 0.696224 0.571232 0.418444 0.892982 0.626642
threshold=6.9350000000000014 -8.4999999999999947 2.0850000000000004 4.6800000000000006 8.9500000000000011 9.2950000000000017 0.0005691685285342925 2.2450000000000006 1.9450000000000001 1.2350000000000001 0.00014011816530469721 9.9816482749479193e-05 5.3450000000000006 5.0000000000000497 -1.9999999999999682 9.5180099932118604e-05 0.00012978994375717194 2.4750000000000005 0.00012285220422286665
decision_type=2 2 2 2 2 2 2 2 2 2 2 2 2 2 2 2 2 2 2
left_child=12 -2 4 -4 9 -6 7 -7 -9 10 11 -3 -1 14 15 -14 -11 18 -18
right_child=1 2 3 -5 5 6 -8 8 -10 16 -12 -13 13 -15 -16 -17 17 -19 -20
leaf_value=-0.0013859749331753305 0.015883406664690247 0.0075330213733738466 -0.0013282802267783908 0.012392560020089149 0.017046888574259355 5.6592691689729693e-05 -0.0012868230112574319 0.023840850696939489 0.0059489956303011814 -0.0018496509784689315 -0.00090848188602218503 0.023822753343345791 0.0076297134044580163 0.0077032739695693771 -0.00077102398692533889 0.00064453200995922091 0.010584647272174296 -0.0012383115350415833 0.0024788045411696658
leaf_weight=2115 23 31 221 20 32 40 55 23 21 91 76 29 48 28 580 75 38 95 64
leaf_count=2115 23 31 221 20 32 40 55 23 21 91 76 29 48 28 580 75 38 95 64
internal_value=0 0.00302691 0.00267321 -0.000189621 0.00383277 0.00672665 0.00435077 0.00804205 0.0153016 0.00266566 0.00628926 0.0154064 -0.000965662 0.000250429 -4.64122e-05 0.00337046 0.000954522 0.00224985 0.00549863
internal_weight=0 859 836 241 595 171 139 84 44 424 136 60 2846 731 703 123 288 197 102
internal_count=3705 859 836 241 595 171 139 84 44 424 136 60 2846 731 703 123 288 197 102
is_linear=0
shrinkage=0.05


Tree=6
num_leaves=20
num_cat=0
split_feature=5 1 15 14 2 5 22 8 1 1 14 2 15 5 8 8 5 7 2
split_gain=3.79711 1.45849 1.7253 1.64834 0.721034 1.1636 1.19688 1.37441 2.4689 2.95587 0.818182 3.22181 1.86259 0.525147 0.58381 0.628342 0.552064 0.81863 0.486746
threshold=6.9350000000000014 0.0010567632396975984 3.0250000000000004 2.0850000000000004 0.00072509667545322032 8.9500000000000011 8.9950661119497801e-05 -1.0000000000000118 0.00048392163639903368 0.00029160087980803414 1.2350000000000001 0.00014011816530469721 1.4950000000000003 5.3450000000000006 5.0000000000000497 -1.9999999999999682 5.9450000000000012 -0.0086318635663301651 0.00012978994375717194
decision_type=2 2 2 2 2 2 2 2 2 2 2 2 2 2 2 2 2 2 2
left_child=13 3 -3 4 5 10 7 -7 9 -9 11 12 -2 -1 15 16 17 -15 -12
right_child=1 2 -4 -5 -6 6 -8 8 -10 -11 18 -13 -14 14 -16 -17 -18 -19 -20
leaf_value=-0.0013166761714480729 0.025425508276869853 0.0030662286320123182 0.021634724803946237 -0.0013111502636928816 -0.0039385254526960447 -0.00078698973688814391 0.019368757717311384 0.0059134751879449552 -0.0021061067917832622 0.029915714377294417 -0.0017571684116354355 -0.00086305776709004456 0.007443114763332738 0.014936045883223415 0.0073181103515837873 -0.00073247283086951443 3.7692045936217677e-05 0.0024386034592201837 0.0027053907193163394
leaf_weight=2115 24 29 22 222 29 45 20 29 27 23 91 76 36 20 28 580 65 38 186
leaf_count=2115 24 29 22 222 29 45 20 29 27 23 91 76 36 20 28 580 65 38 186
internal_value=0 0.00287557 0.0110762 0.00235795 0.00374796 0.00414815 0.00801839 0.00618768 0.0101606 0.0165299 0.00279872 0.00597479 0.0146361 -0.000917379 0.000237908 -4.40916e-05 0.00320193 0.00674807 0.00123935
internal_weight=0 859 51 808 586 557 144 124 79 52 413 136 60 2846 731 703 123 58 277
internal_count=3705 859 51 808 586 557 144 124 79 52 413 136 60 2846 731 703 123 58 277
is_linear=0
shrinkage=0.05


Tree=7
num_leaves=20
num_cat=0
split_feature=5 13 14 2 5 5 15 1 3 8 14 1 3 5 8 8 0 20 15
split_gain=3.42689 1.33106 0.908565 1.11382 0.66229 0.845374 1.89225 1.17713 2.19811 1.4906 0.914777 1.9773 0.501553 0.473946 0.526888 0.567079 0.513254 0.417416 0.413722
threshold=6.9350000000000014 -8.4999999999999947 2.0850000000000004 0.00079495537080474571 7.0550000000000006 8.9500000000000011 2.7850000000000006 0.0005691685285342925 2.0150000000000001 -0.99999999999998412 0.51500000000000012 0.00017499259060072225 1.5350000000000004 5.3450000000000006 5.0000000000000497 -1.9999999999999682 9.5180099932118604e-05 0.00092267965753312098 3.6350000000000002
decision_type=2 2 2 2 2 2 2 2 2 2 2 2 2 2 2 2 2 2 2
left_child=13 -2 4 -4 -3 10 7 8 -7 -10 11 -6 -12 -1 15 16 17 -15 -17
right_child=1 2 3 -5 5 6 -8 -9 9 -11 12 -13 -14 14 -16 18 -18 -19 -20
leaf_value=-0.0012508423309376899 0.014597986905795078 0.011967746320773257 -0.0012348322028463538 0.010817334144597963 0.01808600704371929 -0.0027127739308135854 0.019760242891921243 -0.0020187090294292338 0.0046900464928355708 0.020227890264130001 0.0069667282747104767 -0.0022279029712080956 0.00040335628140416945 0.012148007115518507 0.0069522047747990912 -0.00097329531186561796 0.00045794985691706338 0.0027901364920231014 0.005731653445400298
leaf_weight=2115 23 22 220 21 25 35 22 52 29 33 32 23 322 22 28 556 75 26 24
leaf_count=2115 23 22 220 21 25 35 22 52 29 33 32 23 322 22 28 556 75 26 24
internal_value=0 0.00273179 0.00240533 -0.000184643 0.00345437 0.00312751 0.00607215 0.00405109 0.007305 0.0129602 0.00187494 0.00835226 0.000996655 -0.00087151 0.000226013 -4.1887e-05 0.00304184 0.00707916 -0.000695849
internal_weight=0 859 836 241 595 573 171 149 97 62 402 48 354 2846 731 703 123 48 580
internal_count=3705 859 836 241 595 573 171 149 97 62 402 48 354 2846 731 703 123 48 580
is_linear=0
shrinkage=0.05


Tree=8
num_leaves=20
num_cat=0
split_feature=5 1 15 14 2 5 3 8 1 8 15 9 6 6 7 22 2 4 14
split_gain=3.09277 1.21705 1.49033 1.35592 0.623745 1.03316 1.18025 0.886915 1.47694 1.04877 1.11411 1.58628 0.800839 1.17785 0.769639 0.510632 0.65259 0.451341 0.640329
threshold=6.9350000000000014 0.0010567632396975984 3.0250000000000004 2.0850000000000004 0.00072509667545322032 15.805000000000001 2.4450000000000007 -0.99999999999999878 0.00012632839919987044 0.999999999999999 1.925 -1.0000000000000118 3.0000000000000697 -5.9999999999999822 -0.011206203393646639 -9.5732246022106598e-06 0.00014958479746790502 0.99999999999998435 0.085000000000000006
decision_type=2 2 2 2 2 2 2 2 2 2 2 2 2 2 2 2 2 2 2
left_child=17 3 -3 4 5 6 7 15 14 10 -10 -12 13 -11 -9 16 -2 -1 -19
right_child=1 2 -4 -5 -6 -7 -8 8 9 12 11 -13 -14 -15 -16 -17 -18 18 -20
leaf_value=-0.0011605827843540171 0.009979466803591042 0.0026417937450881664 0.019899593429131945 -0.001205406760008217 -0.0037660709614383767 0.012625576093071892 -0.0010545978050042943 0.0085217309386833844 0.0046242011711001398 0.0013697057301479002 0.007450034283101559 0.025126266237348316 -0.0033247943222522742 0.015267251233259838 -0.0024001694353366341 -0.00067409330463789885 0.00061054589544854516 0.003923151599509375 -0.00036033885986652486
leaf_weight=2225 34 29 22 222 29 31 123 23 24 31 22 30 20 30 54 94 41 105 516
leaf_count=2225 34 29 22 222 29 31 123 23 24 31 22 30 20 30 54 94 41 105 516
internal_value=0 0.0025952 0.0100863 0.00212237 0.00338306 0.00375528 0.0032325 0.00454097 0.00653437 0.00931626 0.0135351 0.0176479 0.00535781 0.00820456 0.000862216 0.00178088 0.00485779 -0.000827934 0.000363923
internal_weight=0 859 51 808 586 557 526 403 234 157 76 52 81 61 77 169 75 2846 621
internal_count=3705 859 51 808 586 557 526 403 234 157 76 52 81 61 77 169 75 2846 621
is_linear=0
shrinkage=0.05


Tree=9
num_leaves=20
num_cat=0
split_feature=5 13 14 3 5 5 15 1 3 8 14 1 3 22 2 3 5 8 7
split_gain=2.79122 1.15361 0.742132 0.892337 0.584592 0.719569 1.65725 1.01566 1.93308 1.26238 0.803384 1.76447 0.45196 0.440667 0.385628 0.589085 1.23383 0.331645 0.332824
threshold=6.9350000000000014 -8.4999999999999947 2.0850000000000004 4.6800000000000006 7.0550000000000006 8.9500000000000011 2.7850000000000006 0.0005691685285342925 2.0150000000000001 -0.99999999999998412 0.51500000000000012 0.00017499259060072225 1.5350000000000004 0.0028280463254199977 0.00012037244523975599 2.0250000000000004 6.5950000000000006 0.50000000000004496 0.021318392763890363
decision_type=2 2 2 2 2 2 2 2 2 2 2 2 2 2 2 2 2 2 2
left_child=13 -2 4 -4 -3 10 7 8 -7 -10 11 -6 -12 14 -1 -16 -17 18 -14
right_child=1 2 3 -5 5 6 -8 -9 9 -11 12 -13 17 -15 15 16 -18 -19 -20
leaf_value=-0.0011340970088028152 0.013512389556221341 0.011108039810576223 -0.0010945075693038794 0.0099343848973512654 0.016912043780088426 -0.0027440996787377768 0.018329184629361738 -0.0020102866226807238 0.0043429229023127722 0.018641878788669904 0.0064910781104117639 -0.0022774760246924734 0.002277066106986067 0.005822520323097706 -0.00015896610709924906 0.013292031027376652 -0.0029434347271241924 -0.0020299830596964314 -0.0029322064607530032
leaf_weight=2267 23 22 221 20 25 35 22 52 29 33 32 23 179 25 507 25 22 106 37
leaf_count=2267 23 22 221 20 25 35 22 52 29 33 32 23 179 25 507 25 22 106 37
internal_value=0 0.00246544 0.00216152 -0.000179247 0.00310962 0.00280253 0.00551924 0.00362784 0.00665034 0.0119537 0.00164691 0.00771707 0.00082384 -0.000786537 -0.000845108 0.000337454 0.00569245 0.000260637 0.00138474
internal_weight=0 859 836 241 595 573 171 149 97 62 402 48 354 2846 2821 554 47 322 216
internal_count=3705 859 836 241 595 573 171 149 97 62 402 48 354 2846 2821 554 47 322 216
is_linear=0
shrinkage=0.05


Tree=10
num_leaves=20
num_cat=0
split_feature=1 3 14 1 0 18 7 1 8 14 14 3 22 2 11 2 3 3 1
split_gain=1.71661 0.919923 1.15315 3.15257 1.99109 1.52911 1.0701 0.959615 1.78962 0.868781 0.801325 0.841449 1.36074 0.698921 0.62936 0.626826 0.717935 0.575624 1.26457
threshold=6.6010682561258897e-05 1.4750000000000003 1.2350000000000001 0.00017499259060072225 5.4857016281704704e-05 -0.019279498567365657 -0.012750199209766886 0.0003279741401299276 2.0000000000000013 0.18250000000000002 2.4150000000000005 5.4800000000000013 0.00018827456978876003 6.4260873186388698e-05 -1.2500000000000175 0.00016347180644109681 1.0750000000000004 1.8650000000000004 0.0001718158101154786
decision_type=2 2 2 2 2 2 2 2 2 2 2 2 2 2 2 2 2 2 2
left_child=-1 9 3 4 -3 -6 -7 17 10 13 11 12 -9 -2 -8 -15 -17 18 -4
right_child=1 2 7 -5 5 6 14 8 -10 -11 -12 -13 -14 15 -16 16 -18 -19 -20
leaf_value=-0.001314047877154308 0.0098975860923528683 0.023917230991646651 0.0001126280354876672 -0.0012705686727933813 0.015333232400007547 0.012302825544719342 0.0056752007509417394 0.00012129469477868342 0.013288752716034653 -0.0015729727921160786 0.010402337494103806 -0.0047576111952229499 0.013733400760785395 -0.00099804690772933619 -0.0035774466767907148 0.012704926254227759 0.0019633050662066255 -0.0013649061077770598 0.0084079014645381412
leaf_weight=1631 25 20 279 132 40 27 34 91 40 550 23 53 23 140 40 20 70 381 55
leaf_count=1631 25 20 279 132 40 27 34 91 40 550 23 53 23 140 40 20 70 381 55
internal_value=0 0.000861227 0.00171678 0.00445732 0.00915347 0.00705932 0.00378253 0.000867074 0.00367633 -0.000454524 0.00165267 0.000447621 0.0028676 0.00195782 0.00067377 0.0010948 0.00435033 -3.66034e-05 0.00147862
internal_weight=0 2043 1238 293 161 141 101 945 230 805 190 167 114 255 74 230 90 715 334
internal_count=3674 2043 1238 293 161 141 101 945 230 805 190 167 114 255 74 230 90 715 334
is_linear=0
shrinkage=0.05


Tree=11
num_leaves=20
num_cat=0
split_feature=1 15 2 3 3 16 14 2 1 3 3 2 18 18 1 8 2 5 0
split_gain=1.54924 0.856213 1.93394 1.6466 1.18947 1.16835 0.726313 0.783063 1.88592 0.510783 1.16302 2.12421 0.718541 0.63051 0.584909 1.08913 0.67368 0.609712 0.418217
threshold=6.6010682561258897e-05 0.46500000000000002 7.5625562458475095e-05 1.0150000000000003 1.4950000000000003 -13.749999999999995 0.45500000000000007 0.00017929403305040422 0.00015422437075204769 1.7750000000000001 1.7250000000000003 0.00012978994375717194 -0.082243492900159462 0.073372455906293946 0.0003279741401299276 2.0000000000000013 0.00031965087587533205 7.4850000000000012 0.00013691427930322117
decision_type=2 2 2 2 2 2 2 2 2 2 2 2 2 2 2 2 2 2 2
left_child=-1 2 3 -2 -3 -6 7 -4 -9 10 12 -12 -7 -14 18 16 -16 -18 -11
right_child=1 4 6 -5 5 9 -8 8 -10 14 11 -13 13 -15 15 -17 17 -19 -20
leaf_value=-0.0012358620285823404 0.0025028449914285115 -0.0013360021259186084 -0.0013824490077532592 0.021482595255598428 0.01116817107719594 0.0086773751570746824 0.010076908310146437 0.017401842940864821 0.0010844852278009058 0.000940172498207946 -0.0012205303851515056 0.017632133915671148 -0.00069295881405922045 0.0062654043452716199 0.009280625703079361 0.010483829075044819 0.0067878687492786685 -0.0014951471166143111 -0.0019608830550398963
leaf_weight=1631 21 638 157 24 29 29 23 21 100 229 27 32 199 38 21 35 26 134 260
leaf_count=1631 21 638 157 24 29 29 23 21 100 229 27 32 199 38 21 35 26 134 260
internal_value=0 0.000809984 0.0030542 0.0126254 0.000352412 0.00136961 0.00162329 0.000923895 0.00391642 0.00109372 0.00271724 0.00900464 0.00132267 0.000422728 0.000345294 0.00249056 0.000944906 -0.000149157 -0.000602311
internal_weight=0 2043 346 45 1697 1059 301 278 121 1030 325 59 266 237 705 216 181 160 489
internal_count=3674 2043 346 45 1697 1059 301 278 121 1030 325 59 266 237 705 216 181 160 489
is_linear=0
shrinkage=0.0495


Tree=12
num_leaves=20
num_cat=0
split_feature=1 15 2 3 3 16 14 3 3 14 0 3 15 15 0 3 2 2 4
split_gain=1.39966 0.773546 1.74722 1.48762 1.07463 1.05554 0.656188 0.73846 1.27354 0.496383 2.22807 1.82773 0.605853 0.495904 1.6106 0.956672 2.29282 0.462095 0.784425
threshold=6.6010682561258897e-05 0.46500000000000002 7.5625562458475095e-05 1.0150000000000003 1.4950000000000003 -13.749999999999995 0.45500000000000007 0.88500000000000012 0.74500000000000011 1.2350000000000001 0.00015159446113921214 1.7150000000000001 1.5750000000000004 2.8750000000000004 0.00078494393648379315 1.7750000000000001 0.00013274109257684782 0.00021218248484225849 1.9999999999999964
decision_type=2 2 2 2 2 2 2 2 2 2 2 2 2 2 2 2 2 2 2
left_child=-1 2 3 -2 -3 -6 7 8 -4 10 11 12 -7 -11 15 16 -15 -9 -19
right_child=1 4 6 -5 5 9 -8 17 -10 13 -12 -13 -14 14 -16 -17 -18 18 -20
leaf_value=-0.0011629399902927892 0.0023551648840973421 -0.0012571712574844472 -0.0018582162990021919 0.020215014860099183 0.010509193286175743 0.0099261432699942961 0.0094823200414516032 -0.0020010810498708328 0.015013554378161207 -0.00025455107694384842 -0.0019665046468208005 0.020785976533390583 -0.0021359920946387575 0.0009460725261077284 0.014367056517871096 -0.00085355025579105133 0.018632640025695056 0.00012745490574091672 0.011050215069319122
leaf_weight=1631 21 638 21 24 29 20 23 140 22 575 76 25 20 75 24 192 23 75 20
leaf_count=1631 21 638 21 24 29 20 23 140 22 575 76 25 20 75 24 192 23 75 20
internal_value=0 0.000762191 0.00287399 0.0118804 0.000331618 0.00128879 0.00152751 0.00086938 0.00677385 0.00102919 0.00373048 0.0103916 0.00389508 0.00060075 0.00216699 0.00115733 0.005097 -0.000211012 0.00242698
internal_weight=0 2043 346 45 1697 1059 301 278 43 1030 141 65 40 889 314 290 98 235 95
internal_count=3674 2043 346 45 1697 1059 301 278 43 1030 141 65 40 889 314 290 98 235 95
is_linear=0
shrinkage=0.049005


Tree=13
num_leaves=20
num_cat=0
split_feature=1 15 2 3 8 15 7 3 14 3 2 4 22 19 19 1 8 1 3
split_gain=1.26584 0.70597 1.9697 0.870756 1.36974 0.793417 0.65089 0.553093 0.78257 0.646667 0.45235 0.395163 0.475926 0.449065 1.74556 0.650822 0.977043 0.903993 0.525339
threshold=6.6010682561258897e-05 0.40500000000000008 7.5625562458475095e-05 3.6400000000000001 1.5000000000000009 2.6125000000000003 -0.009277810601140633 1.4950000000000003 0.045000000000000005 2.5050000000000003 0.00017929403305040422 2.4999999999999916 -0.0018138734089684359 0.0065389993055191562 0.0057697149126324518 0.0003279741401299276 -1.0000000000000118 0.00048392163639903368 1.7750000000000001
decision_type=2 2 2 2 2 2 2 2 2 2 2 2 2 2 2 2 2 2 2
left_child=-1 2 -2 7 5 -5 10 8 -3 11 -4 12 -9 14 15 18 -17 -18 -14
right_child=1 3 6 4 -6 -7 -8 9 -10 -11 -12 -13 13 -15 -16 16 17 -19 -20
leaf_value=-0.0010948906586421628 0.014451450966774533 0.0072240731758081147 0.0018421885918270533 0.0097479374173555528 0.013718684213727248 -0.00098655442582645109 9.7696735076947131e-06 0.0087576761460450483 -0.0013612808022401446 -0.0019733809714225998 0.0089446828787994783 -0.0019698934169788285 0.0024946824096815623 -0.0016253126273373022 0.015410395470273123 -0.0029016794124108276 0.014193191693768464 0.0011217332437039773 -0.00067558829432826171
leaf_weight=1631 31 26 46 21 28 71 194 22 643 164 39 75 236 93 22 22 33 20 257
leaf_count=1631 31 26 46 21 28 71 194 22 643 164 39 75 236 93 22 22 33 20 257
internal_value=0 0.000717591 0.00284991 0.00033616 0.0043232 0.00146371 0.00156086 3.9542e-05 -0.00102762 0.000795825 0.00510098 0.00137807 0.00173423 0.001508 0.0020019 0.00148256 0.00569297 0.00926057 0.000842026
internal_weight=0 2043 310 1733 120 92 279 1613 669 944 85 780 705 683 590 568 75 53 493
internal_count=3674 2043 310 1733 120 92 279 1613 669 944 85 780 705 683 590 568 75 53 493
is_linear=0
shrinkage=0.048515


Tree=14
num_leaves=20
num_cat=0
split_feature=3 5 14 6 3 3 8 17 14 2 14 18 15 1 18 1 4 14 3
split_gain=1.17234 0.718132 0.797898 1.0944 0.983194 0.625816 1.24006 0.766558 0.793428 1.82515 3.48797 1.41162 0.7183 0.703302 1.12358 1.71568 0.569802 0.855875 1.13385
threshold=1.6150000000000004 5.6850000000000014 2.6150000000000007 -3.0000000000000688 1.6650000000000003 3.6400000000000001 1.5000000000000009 2.9999999999999862 1.2650000000000003 0.00014011816530469721 -0.13499999999999998 0.013100626331018829 2.6125000000000003 0.0003279741401299276 0.0035653835862057286 0.00050838497951248996 0.99999999999998435 0.075000000000000025 0.88500000000000012
decision_type=2 2 2 2 2 2 2 2 2 2 2 2 2 2 2 2 2 2 2
left_child=16 2 3 -2 -5 7 12 8 9 10 -3 -12 -7 -10 15 -15 -1 18 -18
right_child=1 5 -4 4 -6 6 -8 -9 13 -11 11 -13 -14 14 -16 -17 17 -19 -20
leaf_value=-0.0011019848676297921 -0.00083322767508934388 -0.00033292401029377393 -0.0023327485964702824 0.019944111943109497 0.0052468711955212513 0.0091822666605788517 0.012922591968150311 -0.0018064658506289058 -0.00030057493406298929 -0.00076763766598412434 0.026237221769536485 0.0091857809851603033 -0.00092930489650176079 0.017969355016031977 -0.0016352093269929786 -0.00090404517911948283 0.015266165845150606 -9.4491366663716046e-05 0.001844816434195275
leaf_weight=1871 21 48 23 21 21 21 28 269 544 96 24 21 71 25 38 20 20 439 53
leaf_count=1871 21 48 23 21 21 21 28 269 544 96 24 21 71 25 38 20 20 439 53
internal_value=0 0.00108367 0.00532395 0.00811925 0.0125955 0.000781049 0.00407233 0.000417036 0.00115003 0.00387789 0.00867327 0.0182799 0.00137877 0.000327755 0.00444596 0.00958118 -0.000713469 0.000706283 0.0055219
internal_weight=0 1291 86 63 42 1205 120 1085 816 189 93 45 92 627 83 45 2383 512 73
internal_count=3674 1291 86 63 42 1205 120 1085 816 189 93 45 92 627 83 45 2383 512 73
is_linear=0
shrinkage=0.0480298


Tree=15
num_leaves=20
num_cat=0
split_feature=5 13 19 14 2 4 9 3 2 14 15 3 5 14 5 22 20 8 3
split_gain=1.84725 0.982355 0.631996 0.663141 2.2217 0.768993 0.642243 0.616352 1.12031 1.27649 2.19339 0.970432 0.615052 0.784464 0.417256 0.400514 0.285885 0.27342 0.644399
threshold=6.9350000000000014 -8.4999999999999947 0.014126686130834233 1.2350000000000001 0.00011023774731996452 -6.9999999999999938 14.99999999999997 2.3750000000000004 0.00017290198797944545 2.0950000000000002 2.6450000000000005 2.2550000000000003 7.6050000000000013 -0.052499999999999998 7.5850000000000009 0.0028280463254199977 -0.0023824117332536528 -1.4999999999999789 1.9950000000000003
decision_type=2 2 2 2 2 2 2 2 2 2 2 2 2 2 2 2 2 2 2
left_child=15 -2 3 4 -3 -5 7 8 -7 10 11 -10 -6 -14 -13 17 -11 18 -1
right_child=1 2 -4 5 12 6 -8 -9 9 16 -12 14 13 -15 -16 -17 -18 -19 -20
leaf_value=-1.9197689362365344e-05 0.011622443399092837 0.014610639023068648 0.010012123342010659 0.0097677928526718472 0.0086327078911527279 -0.0010825560594733611 0.0085062877903888893 -0.0016559444694662444 -0.0014118373859426864 0.0038963829900796323 0.019058089471393227 0.0041741120931161144 0.0062925475135341743 -0.0033075800516608089 0.013663655635687735 0.0054040863495844168 -0.0026591837718005292 -0.00087420474516492418 0.008470620460062122
leaf_weight=540 23 36 20 21 20 197 22 239 44 21 27 22 27 67 20 25 53 2260 21
leaf_count=540 23 36 20 21 20 197 22 239 44 21 27 22 27 67 20 25 53 2260 21
internal_value=0 0.001928 0.00166129 0.00145661 0.00431285 0.000813313 0.000521771 0.000239814 0.00141973 0.00405582 0.00723497 0.00352306 0.00106092 -0.000550097 0.00869294 -0.000587872 -0.00079882 -0.000640974 0.000298603
internal_weight=0 859 836 816 150 666 645 623 384 187 113 86 114 94 42 2846 74 2821 561
internal_count=3705 859 836 816 150 666 645 623 384 187 113 86 114 94 42 2846 74 2821 561
is_linear=0
shrinkage=0.0475495


Tree=16
num_leaves=20
num_cat=0
split_feature=5 13 19 14 2 4 9 3 2 14 15 3 5 14 14 22 20 15 8
split_gain=1.67575 0.891155 0.573322 0.601576 2.01544 0.697602 0.582619 0.559131 1.0163 1.15798 1.98976 0.880339 0.557952 0.711635 0.424922 0.363331 0.259344 0.24847 0.281568
threshold=6.9350000000000014 -8.4999999999999947 0.014126686130834233 1.2350000000000001 0.00011023774731996452 -6.9999999999999938 14.99999999999997 2.3750000000000004 0.00017290198797944545 2.0950000000000002 2.6450000000000005 2.2550000000000003 7.6050000000000013 -0.052499999999999998 1.8350000000000002 0.0028280463254199977 -0.0023824117332536528 3.6350000000000002 -1.4999999999999789
decision_type=2 2 2 2 2 2 2 2 2 2 2 2 2 2 2 2 2 2 2
left_child=15 -2 3 4 -3 -5 7 8 -7 10 11 -10 -6 -14 -13 17 -11 18 -1
right_child=1 2 -4 5 12 6 -8 -9 9 16 -12 14 13 -15 -16 -17 -18 -19 -20
leaf_value=0.00029172547730699168 0.010959103623586618 0.013776751208552212 0.0094406915842030342 0.0092103055825332562 0.0081400043854215117 -0.0010207702558440192 0.0080208000035393977 -0.0015614330900742682 -0.0013312582037018821 0.0036740007375595514 0.017970368075499673 0.012931704629878478 0.0059334066568447535 -0.003118803200156766 0.0034618980068785599 0.0050956534749938215 -0.0025074135007977943 0.0033372130251589512 -0.00089074114491281679
leaf_weight=558 23 36 20 21 20 197 22 239 44 21 27 21 27 67 21 25 53 35 2228
leaf_count=558 23 36 20 21 20 197 22 239 44 21 27 21 27 67 21 25 53 35 2228
internal_value=0 0.00181796 0.00156647 0.00137348 0.0040667 0.000766894 0.000491992 0.000226127 0.0013387 0.00382434 0.00682204 0.00332198 0.00100037 -0.0005187 0.0081968 -0.00055432 -0.000753228 -0.000604391 -0.000653908
internal_weight=0 859 836 816 150 666 645 623 384 187 113 86 114 94 42 2846 74 2821 2786
internal_count=3705 859 836 816 150 666 645 623 384 187 113 86 114 94 42 2846 74 2821 2786
is_linear=0
shrinkage=0.047074


Tree=17
num_leaves=20
num_cat=0
split_feature=3 13 3 6 4 4 14 15 2 3 3 19 7 6 7 22 3 22 4
split_gain=1.56549 0.638717 0.713412 0.922385 0.998409 0.528181 0.499347 1.19891 2.42047 0.536019 0.943483 0.510846 0.569783 0.702542 0.452484 0.547125 0.700748 0.962615 0.326447
threshold=1.7250000000000003 -8.9999999999999947 1.7650000000000003 3.5000000000000147 -1.0000000180025095e-35 -6.9999999999999938 2.0850000000000004 2.9150000000000005 0.00017290198797944545 5.5500000000000007 3.1250000000000004 0.00038308337622428029 0.012128602908511034 -2.9999999999999578 -0.0031737637766193756 0.00014910073632878887 1.9950000000000003 -0.00038740920460256229 0.99999999999998435
decision_type=2 2 2 2 2 2 2 2 2 2 2 2 2 2 2 2 2 2 2
left_child=18 -2 3 4 -3 -4 7 9 -9 10 11 12 14 -14 15 16 -7 -18 -1
right_child=1 2 5 -5 -6 6 -8 8 -10 -11 -12 -13 13 -15 -16 -17 17 -19 -20
leaf_value=-0.00086542711809394022 0.0095936546743826158 0.0028405984468313256 0.008168805367639689 -0.0023704270822710052 0.015884244530062021 -0.00052607217121420225 -0.00077493696102172557 -0.0029469724650997959 0.016766393133968407 -0.0048057472478972175 0.0092055900408065557 -0.0006743452530240142 0.0010026391942037749 0.012059840078761078 -0.0015362037474837751 -0.0012627567510412293 0.0019869168350095542 0.014550460903580222 0.00038016430599046371
leaf_weight=2101 21 26 22 21 25 30 280 24 31 33 31 249 24 26 80 44 26 27 584
leaf_count=2101 21 26 22 21 25 30 280 24 31 33 31 249 24 26 80 44 26 27 584
internal_value=0 0.00155018 0.0013811 0.00584976 0.00923454 0.00103402 0.000860577 0.00159329 0.0081642 0.000959252 0.00131353 0.000830019 0.00228756 0.00675238 0.00120909 0.00293842 0.00516554 0.00838721 -0.000594505
internal_weight=0 1020 999 72 51 927 905 625 55 570 537 506 257 50 207 127 83 53 2685
internal_count=3705 1020 999 72 51 927 905 625 55 570 537 506 257 50 207 127 83 53 2685
is_linear=0
shrinkage=0.0466033


Tree=18
num_leaves=20
num_cat=0
split_feature=5 1 19 5 15 15 2 14 5 22 1 1 18 14 2 2 5 14 22
split_gain=1.40776 0.928402 1.2458 0.940261 0.538597 0.864849 1.10487 0.737337 0.557256 1.278 0.628741 0.97415 1.24442 0.425211 0.403142 0.795792 1.3543 1.8449 0.409355
threshold=7.5850000000000009 0.0010567632396975984 -0.0016452740779763218 7.6250000000000009 3.1850000000000005 2.8750000000000004 0.00011235023966760337 1.9550000000000003 9.0450000000000017 0.00017559262886945873 0.0005691685285342925 0.00027131984432433566 0.01229327996843921 2.1950000000000007 0.00012367056550169635 0.00013757826133235174 6.0750000000000011 1.3050000000000004 0.0028280463254199977
decision_type=2 2 2 2 2 2 2 2 2 2 2 2 2 2 2 2 2 2 2
left_child=14 3 -3 -2 5 6 -5 -7 -8 10 11 -10 -13 -9 18 16 -16 -18 -1
right_child=1 2 -4 4 -6 7 8 13 9 -11 -12 12 -14 -15 15 -17 17 -19 -20
leaf_value=-0.000765187970636252 0.011304953581792421 0.00048581567744357423 0.015842850573154217 0.0087573455207613764 -0.0017303341217402323 0.00019067123928131449 -0.0013592148666781696 0.015096897103767512 -0.0017653682063041997 0.012600397264633953 -0.0038016016015037994 0.013270652952096115 -0.00099355674453173166 0.0056970384996071401 -0.00068607645904150986 -0.00012194625100048524 0.02012646814481809 0.0024152381238803523 0.0054200710787007085
leaf_weight=2344 20 22 23 36 113 23 201 21 53 22 46 30 23 20 58 575 21 31 23
leaf_count=2344 20 22 23 36 113 23 201 21 53 22 46 30 23 20 58 575 21 31 23
internal_value=0 0.00194044 0.00833497 0.00146716 0.00113254 0.0018136 0.00103674 0.00680252 0.000295563 0.00220712 0.000702826 0.00265758 0.00708052 0.0105116 -0.00041983 0.000565864 0.00416123 0.00956785 -0.000705086
internal_weight=0 653 45 608 588 475 411 64 375 174 152 106 53 41 3052 685 110 52 2367
internal_count=3705 653 45 608 588 475 411 64 375 174 152 106 53 41 3052 685 110 52 2367
is_linear=0
shrinkage=0.0461372


Tree=19
num_leaves=20
num_cat=0
split_feature=3 1 15 3 6 5 14 15 2 19 19 19 13 3 5 1 11 6 6
split_gain=1.30806 0.693052 1.0578 0.629085 0.874696 0.90687 0.608994 0.874772 2.27898 0.577574 0.643185 0.565688 0.437432 0.509756 0.492608 1.98456 0.63944 0.293133 0.371676
threshold=1.7250000000000003 0.0010567632396975984 3.0250000000000004 1.7650000000000003 3.5000000000000147 6.9350000000000014 2.0850000000000004 2.9150000000000005 0.00017290198797944545 0.00038308337622428029 -0.00053260327956855525 -7.7982188864400545e-05 0.58333333333335802 1.9950000000000003 8.2650000000000023 0.00038902402540016425 -5.0000000000000036 11.999999999999835 13.999999999999925
decision_type=2 2 2 2 2 2 2 2 2 2 2 2 2 2 2 2 2 2 2
left_child=17 3 -3 4 5 -2 7 9 -9 10 12 -12 13 -5 16 -16 -15 -1 -19
right_child=1 2 -4 6 -6 -7 -8 8 -10 -11 11 -13 -14 14 15 -17 -18 18 -20
leaf_value=-0.00062299819856841284 0.0014838294456237613 0.00084909240369427351 0.014131072182582863 -0.0006188952562768609 -0.0024195304163952707 0.013781813094116599 -0.0010345230746905893 -0.0027905697262106273 0.016728086001651717 -0.00044267462656894495 0.013263116415681198 0.0025295855059803726 -0.0016681780640643816 0.0079491204357571912 0.01746060244429606 -0.00016117081426968993 -0.00096828103229867684 0.0058805032906855889 -0.00015450224072473316
leaf_weight=2592 22 29 22 65 22 29 269 24 26 277 20 21 64 25 24 30 51 33 60
leaf_count=2592 22 29 22 65 22 29 269 24 26 277 20 21 64 25 24 30 51 33 60
internal_value=0 0.00138882 0.00657857 0.00111568 0.00519297 0.0084768 0.000783489 0.00156347 0.00735913 0.00106124 0.00244986 0.00776545 0.00160839 0.00268378 0.00433512 0.00767073 0.00196507 -0.000532598 0.00198695
internal_weight=0 1020 51 969 73 51 896 627 50 577 300 41 259 195 130 54 76 2685 93
internal_count=3705 1020 51 969 73 51 896 627 50 577 300 41 259 195 130 54 76 2685 93
is_linear=0
shrinkage=0.0456759


Tree=20
num_leaves=20
num_cat=0
split_feature=1 15 2 3 3 16 3 3 6 7 3 3 2 18 18 9 8 2 14
split_gain=0.783402 0.626335 1.44148 1.25841 0.550748 0.745077 0.537117 1.10284 0.839063 1.02595 0.458522 0.858759 1.71488 0.651486 0.537764 0.367729 0.35905 0.720571 0.313528
threshold=6.6010682561258897e-05 0.46500000000000002 7.5625562458475095e-05 1.0150000000000003 1.4950000000000003 -13.749999999999995 0.88500000000000012 0.74500000000000011 3.9999999999999374 -0.019120060234685873 1.7750000000000001 1.7250000000000003 0.00012978994375717194 -0.082243492900159462 0.073372455906293946 -1.9999999999999682 3.0000000000000022 0.00035215488599673732 0.065000000000000016
decision_type=2 2 2 2 2 2 2 2 2 2 2 2 2 2 2 2 2 2 2
left_child=-1 2 3 -2 18 -6 7 -4 9 -8 11 13 -13 -7 -15 -11 -12 -18 -3
right_child=1 4 6 -5 5 10 8 -9 -10 15 16 12 -14 14 -16 -17 17 -19 -20
leaf_value=-0.00089511577397411324 0.0019212774134107998 0.0051799509488046173 -0.0017568263313954787 0.018681170837953686 0.0087821415272252325 0.0080728626585212255 0.011860968712717294 0.014262358480217783 -0.0034270503932772125 0.0057823228059957427 -0.00041096891931216139 -0.0016133549795658503 0.01549686017096974 -0.00090736079277779595 0.0055837885917801615 -0.00045677267417714405 -0.00071054426217941871 0.010355864022858442 -0.0011808123083899709
leaf_weight=1631 21 20 21 24 29 29 25 22 92 30 643 27 32 199 38 111 38 24 618
leaf_count=1631 21 20 21 24 29 29 25 22 92 30 643 27 32 199 38 111 38 24 618
internal_value=0 0.000574388 0.00251323 0.0108599 0.000179079 0.000878225 0.00126539 0.00643904 0.000403114 0.00252586 0.000655688 0.00220945 0.00766676 0.000998993 0.000133414 0.000870694 -6.05858e-05 0.00357323 -0.000981415
internal_weight=0 2043 346 45 1697 1059 301 43 258 166 1030 325 59 266 237 141 705 62 638
internal_count=3674 2043 346 45 1697 1059 301 43 258 166 1030 325 59 266 237 141 705 62 638
is_linear=0
shrinkage=0.05


Tree=21
num_leaves=20
num_cat=0
split_feature=22 1 3 5 1 0 14 3 22 18 14 19 19 14 1 3 3 13 14
split_gain=0.708413 0.751516 0.495608 0.938718 1.18934 0.485583 0.878907 0.613256 0.444424 0.374213 0.515349 0.314583 0.566444 0.325842 0.95002 0.565803 1.19881 1.47872 0.899583
threshold=0.0036653431662627693 6.6010682561258897e-05 6.1450000000000005 15.805000000000001 0.00074589550284872555 0.00078494393648379315 1.6150000000000004 2.5050000000000003 -0.0024641875462623748 -0.064753105491067206 0.065000000000000016 0.0065389993055191562 0.0058827063360329399 0.18250000000000002 7.545126284531674e-05 1.6450000000000002 1.7850000000000004 1.9999999999999853 1.2850000000000004
decision_type=2 2 2 2 2 2 2 2 2 2 2 2 2 2 2 2 2 2 2
left_child=1 -1 3 5 -5 7 -7 8 -3 10 -10 12 13 14 -11 -15 17 18 -17
right_child=-2 2 -4 4 -6 6 -8 -9 9 11 -12 -13 -14 15 -16 16 -18 -19 -20
leaf_value=-0.00092921000859400428 0.0090830488573937201 0.0076316153503615744 -0.0071272154471703946 0.014281171773161209 0.00027073191789289317 -0.0025235247886961419 0.010907769744316566 -0.0024519903875727168 0.0086366222572645968 0.011312462956023714 0.0014522676542401314 -0.0019561658296972898 0.0080312517083560419 -0.001183930166012664 0.00088871691908155165 0.011925407024543911 -0.00038267020710635111 0.017264114862138576 0.00014539624393825802
leaf_weight=1622 21 22 21 28 33 21 29 186 28 24 230 156 24 562 245 21 308 22 71
leaf_count=1622 21 22 21 28 33 21 29 186 28 24 230 156 24 562 245 21 308 22 71
internal_value=0 -0.000126712 0.000514179 0.000594015 0.00670175 0.000402854 0.00526663 0.000274793 0.000570871 0.00047901 0.00223197 0.000163405 0.000422334 0.000276593 0.00181872 -0.000144984 0.00123864 0.00561901 0.00283431
internal_weight=0 3653 2031 2010 61 1949 50 1899 1713 1691 258 1433 1277 1253 269 984 422 114 92
internal_count=3674 3653 2031 2010 61 1949 50 1899 1713 1691 258 1433 1277 1253 269 984 422 114 92
is_linear=0
shrinkage=0.05


end of trees

feature_importances:
f_3=75
f_1=51
f_14=48
f_2=43
f_5=38
f_15=30
f_8=26
f_19=14
f_22=14
f_18=13
f_4=11
f_7=11
f_0=10
f_6=9
f_13=8
f_9=6
f_16=4
f_20=3
f_11=2
f_10=1
f_17=1

parameters:
[boosting: gbdt]
[objective: regression]
[metric: binary_logloss]
[tree_learner: serial]
[device_type: cpu]
[data: ]
[valid: ]
[num_iterations: 10]
[learning_rate: 0.05]
[num_leaves: 20]
[num_threads: 0]
[deterministic: 0]
[force_col_wise: 0]
[force_row_wise: 0]
[histogram_pool_size: -1]
[max_depth: -1]
[min_data_in_leaf: 20]
[min_sum_hessian_in_leaf: 0.001]
[bagging_fraction: 0.7]
[pos_bagging_fraction: 1]
[neg_bagging_fraction: 1]
[bagging_freq: 5]
[bagging_seed: 3]
[feature_fraction: 0.9]
[feature_fraction_bynode: 1]
[feature_fraction_seed: 2]
[extra_trees: 0]
[extra_seed: 6]
[early_stopping_round: 0]
[first_metric_only: 0]
[max_delta_step: 0]
[lambda_l1: 0]
[lambda_l2: 0]
[linear_lambda: 0]
[min_gain_to_split: 0]
[drop_rate: 0.1]
[max_drop: 50]
[skip_drop: 0.5]
[xgboost_dart_mode: 0]
[uniform_drop: 0]
[drop_seed: 4]
[top_rate: 0.2]
[other_rate: 0.1]
[min_data_per_group: 100]
[max_cat_threshold: 32]
[cat_l2: 10]
[cat_smooth: 10]
[max_cat_to_onehot: 4]
[top_k: 20]
[monotone_constraints: ]
[monotone_constraints_method: basic]
[monotone_penalty: 0]
[feature_contri: ]
[forcedsplits_filename: ]
[refit_decay_rate: 0.9]
[cegb_tradeoff: 1]
[cegb_penalty_split: 0]
[cegb_penalty_feature_lazy: ]
[cegb_penalty_feature_coupled: ]
[path_smooth: 0]
[interaction_constraints: ]
[verbosity: 0]
[saved_feature_importance_type: 0]
[linear_tree: 0]
[max_bin: 255]
[max_bin_by_feature: ]
[min_data_in_bin: 3]
[bin_construct_sample_cnt: 200000]
[data_random_seed: 1]
[is_enable_sparse: 1]
[enable_bundle: 1]
[use_missing: 1]
[zero_as_missing: 0]
[feature_pre_filter: 1]
[pre_partition: 0]
[two_round: 0]
[header: 0]
[label_column: ]
[weight_column: ]
[group_column: ]
[ignore_column: ]
[categorical_feature: ]
[forcedbins_filename: ]
[precise_float_parser: 0]
[objective_seed: 5]
[num_class: 1]
[is_unbalance: 0]
[scale_pos_weight: 1]
[sigmoid: 1]
[boost_from_average: 1]
[reg_sqrt: 0]
[alpha: 0.9]
[fair_c: 1]
[poisson_max_delta_step: 0.7]
[tweedie_variance_power: 1.5]
[lambdarank_truncation_level: 30]
[lambdarank_norm: 1]
[label_gain: ]
[eval_at: ]
[multi_error_top_k: 1]
[auc_mu_weights: ]
[num_machines: 1]
[local_listen_port: 12400]
[time_out: 120]
[machine_list_filename: ]
[machines: ]
[gpu_platform_id: -1]
[gpu_device_id: -1]
[gpu_use_dp: 0]
[num_gpu: 1]

end of parameters

pandas_categorical:[]
