tree
version=v3
num_class=1
num_tree_per_iteration=1
label_index=0
max_feature_idx=22
objective=regression
feature_names=f_0 f_1 f_2 f_3 f_4 f_5 f_6 f_7 f_8 f_9 f_10 f_11 f_12 f_13 f_14 f_15 f_16 f_17 f_18 f_19 f_20 f_21 f_22
feature_infos=[3.5138360446667107e-07:0.0066553821535006137] [2.5600331918768856e-06:0.0039732576088439284] [9.2225614268401974e-06:0.0029579505118275174] [0.53000000000000003:6.5599999999999996] [-33.000000000000007:46] [2.4100000000000001:21.82] [-101.00000000000016:144.99999999999994] [-0.15710919088766695:0.17837578087457961] [-81:74] [-46:33.999999999999986] [-51.000000000000021:33.999999999999986] [-33.000000000000007:27.999999999999979] [-41:96.000000000000014] [-36.000000000000007:32.999999999999986] [-0.52000000000000002:2.9100000000000001] [-0.94999999999999996:3.8500000000000001] [-52:73.999999999999972] [-28.000000000000004:24.000000000000004] [-0.29572649572649579:0.64215246636771273] [-0.02958455728073861:0.047292143401983289] [-0.054746473503621829:0.033993115318416534] [-0.039377561323276189:0.045346674363414774] [-0.019984292877423981:0.018327052533256172]
tree_sizes=1820 1897 1900 1888 1895 1894 1885 1879 1895 1877

Tree=0
num_leaves=20
num_cat=0
split_feature=3 14 1 3 15 3 14 2 2 2 3 15 3 2 14 14 15 2 3
split_gain=17.5003 8.62296 12.2026 7.61785 5.1303 4.11648 3.63273 5.52159 4.97355 3.31116 3.56188 4.2981 3.38839 3.46414 2.91026 4.34354 9.13828 4.02388 3.94464
threshold=1.4750000000000003 1.2350000000000001 0.00018386050219471148 0.56500000000000006 1.5750000000000004 0.6150000000000001 -0.12499999999999999 0.00014958479746790502 7.7690597854830742e-05 3.6954682997298345e-05 1.7750000000000001 3.3950000000000005 1.6250000000000002 6.1265107268246698e-05 -0.014999999999999998 2.0350000000000006 2.4350000000000005 4.3855695264137616e-05 0.95500000000000007
decision_type=2 2 2 2 2 2 2 2 2 2 2 2 2 2 2 2 2 2 2
left_child=3 2 6 -1 -3 -5 8 -8 -2 -6 11 12 13 -11 -7 16 -16 -18 -17
right_child=1 4 -4 5 9 14 7 -9 -10 10 -12 -13 -14 -15 15 18 17 -19 -20
leaf_value=0.28663184638157124 0.2942568466088139 0.25534326520218531 0.26436622071800386 0.25786124112853598 0.25947334041754549 0.25749244760739032 0.29607707138216199 0.27330947756348106 0.26743541723804448 0.27498411876171464 0.26695445479654573 0.28504373158014334 0.27566725067907827 0.26059017893880243 0.26440887998051721 0.27170129038105045 0.29049214061426398 0.26530032400671189 0.25700260821041554
leaf_weight=32 25 81 128 455 97 191 89 38 56 66 711 61 173 114 934 54 51 23 295
leaf_count=32 25 81 128 455 97 191 89 38 56 66 711 61 173 114 934 54 51 23 295
internal_value=0.265534 0.269371 0.276513 0.262429 0.267529 0.262042 0.283988 0.289265 0.275714 0.268337 0.269101 0.272788 0.27067 0.265868 0.263271 0.264084 0.265749 0.282662 0.259277
internal_weight=0 1639 336 2035 1303 2003 208 127 81 1222 1125 414 353 180 1548 1357 1008 74 349
internal_count=3674 1639 336 2035 1303 2003 208 127 81 1222 1125 414 353 180 1548 1357 1008 74 349
is_linear=0
shrinkage=1


Tree=1
num_leaves=20
num_cat=0
split_feature=3 14 1 3 5 5 3 14 14 2 2 2 2 1 3 3 2 3 14
split_gain=15.7941 7.78222 11.0129 6.87511 4.21814 4.10226 6.03664 3.93047 4.93795 3.50595 3.13504 3.1082 3.08227 3.07146 3.41537 5.28378 3.95185 2.56121 2.65134
threshold=1.4750000000000003 1.2350000000000001 0.00018386050219471148 0.56500000000000006 6.4650000000000007 3.7050000000000005 0.91500000000000015 2.0550000000000002 1.8750000000000002 4.3855695264137616e-05 2.2835732150650237e-05 0.00014958479746790502 7.7690597854830742e-05 2.4868544979573418e-05 1.7850000000000004 1.6250000000000002 0.00018142458180016752 1.1150000000000004 0.28500000000000009
decision_type=2 2 2 2 2 2 2 2 2 2 2 2 2 2 2 2 2 2 2
left_child=3 2 4 -1 12 10 -7 8 17 -10 -5 -6 -2 -3 15 -15 -16 -8 -19
right_child=1 13 -4 5 11 6 7 -9 9 -11 -12 -13 -14 14 16 -17 -18 18 -20
leaf_value=0.020043408405035736 0.026171426881443374 -0.0079268895586331687 -0.0011089354753494264 -0.011502344073863004 0.028819434642791748 0.019434615629059931 -0.0064972867373547516 -0.0064316265260096778 0.024999115051645222 0.0019512289401256676 -0.004235668127158157 0.0096117483718054647 0.0048215953454579397 0.00086417410883211313 -0.0033825291772074692 0.011521613019514302 0.0038352303318123318 0.0051443231061543571 -0.0029769651368260386
leaf_weight=32 22 75 128 179 85 35 153 299 33 33 869 28 73 248 359 219 402 202 200
leaf_count=32 22 75 128 179 85 35 153 299 33 33 869 28 73 248 359 219 402 202 200
internal_value=0 0.00364555 0.0104303 -0.00294945 0.0175314 -0.00331679 -0.000946396 -0.00172176 0.000545953 0.0134752 -0.00547683 0.02406 0.00976577 0.00189598 0.00249591 0.00586199 0.000430269 -0.000991576 0.00110388
internal_weight=0 1639 336 2035 208 2003 955 920 621 66 1048 113 95 1303 1228 467 761 555 402
internal_count=3674 1639 336 2035 208 2003 955 920 621 66 1048 113 95 1303 1228 467 761 555 402
is_linear=0
shrinkage=0.05


Tree=2
num_leaves=20
num_cat=0
split_feature=3 14 1 3 15 5 5 3 14 15 3 2 2 2 0 2 2 3 2
split_gain=14.2541 7.02345 9.93913 6.20478 4.52177 3.80687 3.70229 5.44806 3.54725 5.03123 2.90748 2.83765 2.81332 3.17436 3.47138 2.80515 2.78175 2.41875 2.41782
threshold=1.4750000000000003 1.2350000000000001 0.00018386050219471148 0.56500000000000006 1.5750000000000004 6.4650000000000007 3.7050000000000005 0.91500000000000015 2.0550000000000002 2.9650000000000003 1.1250000000000002 2.056732471595377e-05 3.6954682997298345e-05 5.9871354684142967e-05 2.5936028947580542e-05 0.00014958479746790502 7.7690597854830742e-05 1.4550000000000003 0.00010490061988471764
decision_type=2 2 2 2 2 2 2 2 2 2 2 2 2 2 2 2 2 2 2
left_child=3 2 5 -1 -3 16 11 -8 9 10 -9 -5 -6 14 -14 -7 -2 -12 -13
right_child=1 4 -4 6 12 15 7 8 -10 -11 17 18 13 -15 -16 -17 -18 -19 -20
leaf_value=0.019041237235069276 0.024862856214696711 -0.009639313449094326 -0.0010534893837757409 -0.01194045708021697 -0.0056107143305011639 0.027378462640678183 0.018462884468691692 -0.0062884966316430471 -0.0061100447157952306 0.019218629598617556 0.0027778871779896553 -0.0032301086433539554 0.00024060435959550203 0.0021667809968932486 0.015291394539249754 0.0091311603784561164 0.0045805160517561928 -0.010440016263409665 -0.011043984673719491
leaf_weight=32 22 81 128 136 97 85 35 161 299 34 388 799 61 961 103 28 73 38 113
leaf_count=32 22 81 128 136 97 85 35 161 299 34 388 799 61 961 103 28 73 38 113
internal_value=0 0.00346327 0.0099088 -0.00280198 0.00180118 0.0166548 -0.00315095 -0.000899076 -0.00163567 0.000518655 -0.000564478 -0.00520299 0.00255952 0.00326397 0.00969323 0.022857 0.00927748 0.00159883 -0.00419828
internal_weight=0 1639 336 2035 1303 208 2003 955 920 621 587 1048 1222 1125 164 113 95 426 912
internal_count=3674 1639 336 2035 1303 208 2003 955 920 621 587 1048 1222 1125 164 113 95 426 912
is_linear=0
shrinkage=0.05


Tree=3
num_leaves=20
num_cat=0
split_feature=3 14 1 3 15 5 5 3 14 15 2 3 1 3 5 3 5 3 3
split_gain=12.8644 6.33867 8.97006 5.59982 4.08089 3.4357 3.34131 4.91688 3.20139 4.68026 4.0125 3.34153 2.60682 2.87682 6.20344 2.82194 4.83548 4.82939 3.09814
threshold=1.4750000000000003 1.2350000000000001 0.00018386050219471148 0.56500000000000006 1.5750000000000004 6.4650000000000007 3.7050000000000005 0.91500000000000015 2.0550000000000002 2.4350000000000005 4.3855695264137616e-05 1.1150000000000004 2.4868544979573418e-05 1.7750000000000001 5.495000000000001 3.0750000000000006 10.255000000000001 2.5250000000000004 2.2150000000000003
decision_type=2 2 2 2 2 2 2 2 2 2 2 2 2 2 2 2 2 2 2
left_child=3 2 5 -1 -3 -2 -5 -8 9 11 -11 -9 -6 14 -14 17 -17 18 -15
right_child=1 4 -4 6 12 -7 7 8 -10 10 -12 -13 13 15 -16 16 -18 -19 -20
leaf_value=0.018089175224304199 0.0088136050575657893 -0.0091573480470680899 -0.0010008145007304847 -0.004942837075280552 -0.0070086311818896869 0.021714157696846315 0.017539740673133308 -0.0082160753390145679 -0.0058045427934780569 0.020801902996997038 -0.0045974149652149368 0.0010576777300744687 -0.00076862184087867326 -0.00086410077348832159 0.011317448211143692 0.029295244316260023 0.003529169111356248 -0.0094104317856616663 0.0083822765271179388
leaf_weight=32 95 81 128 1048 69 113 35 126 299 48 23 424 184 310 251 21 137 122 128
leaf_count=32 95 81 128 1048 69 113 35 126 299 48 23 424 184 310 251 21 137 122 128
internal_value=0 0.00329011 0.00941336 -0.00266188 0.00171113 0.0158221 -0.0029934 -0.000854122 -0.00155389 0.000492722 0.012574 -0.00106685 0.00243154 0.00299648 0.00620518 0.00105248 0.00695377 -0.000612522 0.00183804
internal_weight=0 1639 336 2035 1303 208 2003 955 920 621 71 550 1222 1153 435 718 158 560 438
internal_count=3674 1639 336 2035 1303 208 2003 955 920 621 71 550 1222 1153 435 718 158 560 438
is_linear=0
shrinkage=0.05


Tree=4
num_leaves=20
num_cat=0
split_feature=3 14 1 3 15 3 3 3 9 14 14 15 3 2 10 15 2 3 0
split_gain=11.6101 5.72065 8.09548 5.05383 3.77731 3.07007 2.9978 5.41399 2.9411 2.36793 3.16698 6.63111 3.15459 3.07281 2.79936 2.34019 4.32316 3.01833 4.13792
threshold=1.4750000000000003 1.2350000000000001 0.00018386050219471148 0.56500000000000006 1.9950000000000003 0.6150000000000001 1.7150000000000001 1.5750000000000004 -5.0000000000000151 -0.014999999999999998 2.0350000000000006 2.4350000000000005 0.95500000000000007 4.4174013113064638e-05 -4.2499999999999973 2.1750000000000003 8.9809896665054984e-05 1.8250000000000004 4.3047777060788656e-05
decision_type=2 2 2 2 2 2 2 2 2 2 2 2 2 2 2 2 2 2 2
left_child=3 2 6 -1 8 -5 7 -2 -3 14 11 -11 -12 -13 -7 16 -6 18 -17
right_child=1 4 -4 5 15 9 -8 -9 -10 10 12 13 -14 -15 -16 17 -18 -19 -20
leaf_value=0.01718471646308899 0.021776300402624266 0.011685849140797344 -0.00095077455043792727 -0.006454364264404381 0.021543745534575505 0.0093647191381972771 0.022471747238461567 0.00091837957501411443 -0.00543452480274612 -0.00076900215727741762 0.0059568739599651765 0.021193533770318303 -0.0071877036559379708 -0.0014063432457901183 -0.0092346321525318287 -0.0010333440296209542 0.0030798880931209114 -0.00059703961014747622 0.0094152995669692131
leaf_weight=32 56 28 128 455 46 23 82 70 241 934 54 53 295 21 168 157 102 490 239
leaf_count=32 56 28 128 455 46 23 82 70 241 934 54 53 295 21 168 157 102 490 239
internal_value=0 0.0031256 0.00894269 -0.00252879 0.00162557 -0.00284373 0.015031 0.0101886 -0.00365248 -0.00178246 -0.0010488 0.000372496 -0.00515387 0.0147801 -0.00699492 0.00299868 0.00881865 0.00202649 0.00527278
internal_weight=0 1639 336 2035 1303 2003 208 126 269 1548 1357 1008 349 74 191 1034 148 886 396
internal_count=3674 1639 336 2035 1303 2003 208 126 269 1548 1357 1008 349 74 191 1034 148 886 396
is_linear=0
shrinkage=0.05


Tree=5
num_leaves=20
num_cat=0
split_feature=5 3 3 3 14 14 2 14 3 14 1 14 6 5 3 5 5 2 2
split_gain=11.567 4.21468 3.26186 5.68017 4.35335 3.27294 4.46646 4.3813 3.36156 3.23387 3.19079 2.90646 2.8487 2.93706 4.4977 3.16138 3.01099 3.36935 2.91021
threshold=5.455000000000001 0.56500000000000006 0.76500000000000012 0.87500000000000011 0.12500000000000003 1.0000000180025095e-35 4.7106586516964173e-05 0.39500000000000007 1.5350000000000004 0.13500000000000004 0.00013658849626891424 2.0850000000000004 -11.999999999999831 6.3650000000000011 1.7850000000000004 6.0550000000000006 8.2350000000000012 0.00015448375295714969 0.00024943042255963006
decision_type=2 2 2 2 2 2 2 2 2 2 2 2 2 2 2 2 2 2 2
left_child=1 -1 -3 4 -4 10 8 -8 9 -7 -5 12 -2 15 16 18 17 -15 -14
right_child=11 2 3 5 -6 6 7 -9 -10 -11 -12 -13 13 14 -16 -17 -18 -19 -20
leaf_value=0.017950480163097384 -0.0036845012548122006 -0.0058838174740473434 0.021851269865319843 -0.011457552248315447 0.0020560183903066127 -0.0079595352438363159 0.0012529631065072192 -0.0067166465110847359 -0.011698111649602654 0.0049635238465991355 0.0058655248489230876 -0.00014071200650168935 0.0014067146135494115 0.018939168191196135 0.004520315408968089 -0.0059497110094084886 -0.00050225273677797035 3.500080534390041e-05 0.014650289022496769
leaf_weight=25 94 585 42 157 82 55 267 487 40 404 32 454 160 149 456 99 33 28 56
leaf_count=25 94 585 42 157 82 55 267 487 40 404 32 454 160 149 456 99 33 28 56
internal_value=0 -0.00246092 -0.00269815 -0.00150811 0.00876086 -0.00239115 -0.001466 -0.00389452 0.00220354 0.00341501 -0.00852454 0.00321377 0.00463045 0.00542719 0.00730872 0.00144911 0.0133635 0.0159487 0.00484023
internal_weight=0 2176 2151 1566 124 1442 1253 754 499 459 189 1529 1075 981 666 315 210 177 216
internal_count=3705 2176 2151 1566 124 1442 1253 754 499 459 189 1529 1075 981 666 315 210 177 216
is_linear=0
shrinkage=0.05


Tree=6
num_leaves=20
num_cat=0
split_feature=3 3 1 3 3 14 15 2 14 15 15 3 5 2 5 2 5 2 3
split_gain=10.4468 3.86448 3.04705 2.69363 5.30845 3.9289 3.2341 2.67325 4.67864 4.12972 3.29518 2.35903 5.49016 4.4471 4.33349 3.4899 4.78717 4.10832 2.86654
threshold=1.4750000000000003 0.56500000000000006 2.4595715632248536e-05 0.76500000000000012 0.87500000000000011 0.12500000000000003 -0.23499999999999996 4.3855695264137616e-05 0.39500000000000007 0.63500000000000012 0.93500000000000016 1.8050000000000004 6.3450000000000006 0.00027897637608550536 8.2850000000000019 4.6062463337321026e-05 5.3750000000000009 0.00027156800296505683 1.5350000000000004
decision_type=2 2 2 2 2 2 2 2 2 2 2 2 2 2 2 2 2 2 2
left_child=1 -1 -2 -3 5 -5 -6 9 10 -8 -9 12 15 14 -14 16 18 -17 -4
right_child=2 3 11 4 6 -7 7 8 -10 -11 -12 -13 13 -15 -16 17 -18 -19 -20
leaf_value=0.01705295640230179 -0.0073494790813752589 -0.0055896267256675628 0.0099965953826904302 0.020758706260295141 -0.010433098151643054 0.0019532172690804412 -0.0079320338436926919 -0.0019760930897496274 -0.0068489979961021148 0.004422389507587803 0.0087908789829203964 0.001571963187713437 0.015805572412590282 -0.0095834191888570786 -0.0021440258063375951 -0.0023209637235169396 0.025783301506078604 0.016014921971980265 -0.01281596968571345
leaf_weight=25 70 585 40 42 117 82 87 282 441 304 95 871 211 24 40 301 33 34 21
leaf_count=25 70 585 40 42 117 82 87 282 441 304 95 871 211 24 40 301 33 34 21
internal_value=0 -0.00248566 0.002858 -0.00272569 -0.00157025 0.00832282 -0.00249539 -0.00172722 -0.00335273 0.00167345 0.00073707 0.00331166 0.00546404 0.010979 0.0129451 0.00192885 0.0104423 -0.000460008 0.00214309
internal_weight=0 2060 1645 2035 1450 124 1326 1209 818 391 377 1575 704 275 251 429 94 335 61
internal_count=3705 2060 1645 2035 1450 124 1326 1209 818 391 377 1575 704 275 251 429 94 335 61
is_linear=0
shrinkage=0.05


Tree=7
num_leaves=20
num_cat=0
split_feature=5 3 3 3 15 15 2 15 3 15 14 15 5 3 5 5 14 15 5
split_gain=9.47333 3.43505 2.6475 5.17241 4.03596 3.31001 3.65312 4.40049 2.82952 4.05991 2.4667 4.88793 3.22156 2.51836 4.57518 2.34751 2.33476 3.04191 2.82756
threshold=5.455000000000001 0.56500000000000006 0.77500000000000013 0.87500000000000011 0.40500000000000008 0.03500000000000001 4.7106586516964173e-05 1.3150000000000002 1.5350000000000004 2.7450000000000006 2.0850000000000004 2.9150000000000005 8.5950000000000006 1.7150000000000001 7.3350000000000009 5.0550000000000006 1.3050000000000004 1.5650000000000002 8.2850000000000019
decision_type=2 2 2 2 2 2 2 2 2 2 2 2 2 2 2 2 2 2 2
left_child=1 -1 -3 4 -4 -5 8 15 9 -7 11 16 13 -13 -15 -8 18 -18 -2
right_child=10 2 3 5 -6 6 7 -9 -10 -11 -12 12 -14 14 -16 -17 17 -19 -20
leaf_value=0.016200308561325073 0.0075350136915494125 -0.0052776702825261769 0.021214342081830616 -0.0085709267122260607 0.0017111715343263415 0.00051949642837568902 0.0031172337888301107 -0.0067764901748389493 -0.010662509780377151 0.011520892536049491 -0.00018160109477946413 0.018492321452746787 0.031132085976146518 0.017284200364543544 -0.0092747155357809623 -0.0067201408310027071 -0.01000220442897287 0.0021097906132335545 -0.0048764567892506444
leaf_weight=25 342 595 42 177 72 343 261 431 40 111 454 48 21 31 34 79 58 488 53
leaf_count=25 342 595 42 177 72 343 261 431 40 111 454 48 21 31 34 79 58 488 53
internal_value=0 -0.0022268 -0.00244096 -0.00135624 0.00889655 -0.00216679 -0.00127071 -0.00342148 0.00208604 0.00320927 0.0029087 0.00421381 0.0131483 0.00980621 0.00339184 0.000831491 0.00294152 0.000823168 0.00586968
internal_weight=0 2176 2151 1556 114 1442 1265 771 494 454 1529 1075 134 113 65 340 941 546 395
internal_count=3705 2176 2151 1556 114 1442 1265 771 494 454 1529 1075 134 113 65 340 941 546 395
is_linear=0
shrinkage=0.05


Tree=8
num_leaves=20
num_cat=0
split_feature=3 3 1 3 3 5 14 1 15 2 14 15 15 3 5 2 5 2 5
split_gain=8.81489 3.16127 2.61846 2.13162 4.38325 3.49652 2.74678 2.72706 2.6399 2.22451 3.95793 3.54532 2.91935 2.12369 4.55565 3.9066 3.68611 3.19063 3.99246
threshold=1.4750000000000003 0.56500000000000006 2.4595715632248536e-05 0.76500000000000012 0.87500000000000011 2.8750000000000004 0.17500000000000002 3.1121142947842944e-05 -0.23499999999999996 4.3855695264137616e-05 0.39500000000000007 0.63500000000000012 0.93500000000000016 1.8050000000000004 6.3450000000000006 0.00027897637608550536 8.2850000000000019 4.9057809078159133e-05 5.3750000000000009
decision_type=2 2 2 2 2 2 2 2 2 2 2 2 2 2 2 2 2 2 2
left_child=1 -1 -2 -3 5 -5 -7 -8 -6 11 12 -10 -11 14 17 16 -16 18 -4
right_child=2 3 13 4 8 6 7 -9 9 10 -12 -13 -14 -15 15 -17 -18 -19 -20
leaf_value=0.015390293359756469 -0.0068352897039481572 -0.0050462618431983859 0.0019502326846122743 0.025113394921240602 -0.0094828967864696804 0.014356875339069883 0.011023061560547871 -0.010487473356287655 -0.0074151243714765573 -0.001892276837470684 -0.0063158756987848523 0.0040318262150609184 0.0082421012301194044 0.0013970308544715155 0.014594499639707721 -0.0091587978104750323 -0.0019601307623088363 -0.00069349649059659681 0.021546729127081429
leaf_weight=25 70 585 71 23 117 37 23 41 87 282 441 304 95 871 211 24 40 317 41
leaf_count=25 70 585 71 23 117 37 23 41 87 282 441 304 95 871 211 24 40 317 41
internal_value=0 -0.00228146 0.00262712 -0.00249856 -0.00147069 0.007519 0.00351236 -0.00275712 -0.00231136 -0.00161734 -0.00310015 0.00148481 0.000661479 0.00304767 0.00508987 0.0101135 0.0119563 0.00186957 0.00912395
internal_weight=0 2060 1645 2035 1450 124 101 64 1326 1209 818 391 377 1575 704 275 251 429 112
internal_count=3705 2060 1645 2035 1450 124 101 64 1326 1209 818 391 377 1575 704 275 251 429 112
is_linear=0
shrinkage=0.05


Tree=9
num_leaves=20
num_cat=0
split_feature=3 3 15 15 14 2 1 2 3 14 20 14 5 5 15 2 3 3 5
split_gain=7.95544 2.85305 2.46992 3.48912 3.41311 3.05808 2.7017 2.67851 2.28836 2.19686 2.47924 2.15735 5.41467 2.59253 2.28206 5.29861 6.06823 3.18271 2.48525
threshold=1.4750000000000003 0.56500000000000006 0.7350000000000001 1.5750000000000004 0.48500000000000004 7.7690597854830742e-05 2.4868544979573418e-05 0.00021218248484225849 1.5850000000000002 -0.11499999999999998 -0.00083995526211294569 1.3825000000000001 6.3650000000000011 7.0850000000000009 2.8750000000000004 0.00018142458180016752 1.8250000000000004 1.9750000000000003 6.0550000000000006
decision_type=2 2 2 2 2 2 2 2 2 2 2 2 2 2 2 2 2 2 2
left_child=1 -1 4 8 5 -2 -5 -7 -4 10 -9 12 -8 -14 18 16 -16 -17 -13
right_child=2 -3 3 6 -6 7 11 9 -10 -11 -12 14 13 -15 15 17 -18 -19 -20
leaf_value=0.014620779514312744 0.02074000438054403 -0.0023736321457480916 0.0070134229461352032 -0.0074806315558297301 0.020171855008879372 -0.0063867066971591271 -0.011384574356286424 -0.00042237944546199982 -0.0083881426996331877 -0.0063910852372646336 0.021554172129342051 0.005351973429322243 0.029890344788630802 0.010300500377228386 0.0074275570300718144 0.024784880165349354 -0.0066938718514783051 0.0081505565758211076 -0.0012860843888386523
leaf_weight=25 24 2035 30 63 43 61 23 21 123 20 33 200 24 57 192 44 126 83 478
leaf_count=25 24 2035 30 63 43 61 23 21 123 20 33 200 24 57 192 44 126 83 478
internal_value=0 -0.00216739 0.00249576 0.00177088 0.00767404 0.00429413 0.00261761 0.00137042 -0.00536823 0.00776481 0.0130077 0.0031361 0.0100255 0.0161049 0.00249808 0.00528021 0.00183227 0.0139136 0.000672045
internal_weight=0 2060 1645 1443 202 159 1290 135 153 74 54 1227 104 81 1123 445 318 127 678
internal_count=3705 2060 1645 1443 202 159 1290 135 153 74 54 1227 104 81 1123 445 318 127 678
is_linear=0
shrinkage=0.05


end of trees

feature_importances:
f_3=58
f_2=33
f_14=29
f_5=27
f_15=25
f_1=12
f_0=2
f_6=1
f_9=1
f_10=1
f_20=1

parameters:
[boosting: gbdt]
[objective: regression]
[metric: binary_logloss]
[tree_learner: serial]
[device_type: cpu]
[data: ]
[valid: ]
[num_iterations: 10]
[learning_rate: 0.05]
[num_leaves: 20]
[num_threads: 0]
[deterministic: 0]
[force_col_wise: 0]
[force_row_wise: 0]
[histogram_pool_size: -1]
[max_depth: -1]
[min_data_in_leaf: 20]
[min_sum_hessian_in_leaf: 0.001]
[bagging_fraction: 0.7]
[pos_bagging_fraction: 1]
[neg_bagging_fraction: 1]
[bagging_freq: 5]
[bagging_seed: 3]
[feature_fraction: 0.9]
[feature_fraction_bynode: 1]
[feature_fraction_seed: 2]
[extra_trees: 0]
[extra_seed: 6]
[early_stopping_round: 0]
[first_metric_only: 0]
[max_delta_step: 0]
[lambda_l1: 0]
[lambda_l2: 0]
[linear_lambda: 0]
[min_gain_to_split: 0]
[drop_rate: 0.1]
[max_drop: 50]
[skip_drop: 0.5]
[xgboost_dart_mode: 0]
[uniform_drop: 0]
[drop_seed: 4]
[top_rate: 0.2]
[other_rate: 0.1]
[min_data_per_group: 100]
[max_cat_threshold: 32]
[cat_l2: 10]
[cat_smooth: 10]
[max_cat_to_onehot: 4]
[top_k: 20]
[monotone_constraints: ]
[monotone_constraints_method: basic]
[monotone_penalty: 0]
[feature_contri: ]
[forcedsplits_filename: ]
[refit_decay_rate: 0.9]
[cegb_tradeoff: 1]
[cegb_penalty_split: 0]
[cegb_penalty_feature_lazy: ]
[cegb_penalty_feature_coupled: ]
[path_smooth: 0]
[interaction_constraints: ]
[verbosity: 0]
[saved_feature_importance_type: 0]
[linear_tree: 0]
[max_bin: 255]
[max_bin_by_feature: ]
[min_data_in_bin: 3]
[bin_construct_sample_cnt: 200000]
[data_random_seed: 1]
[is_enable_sparse: 1]
[enable_bundle: 1]
[use_missing: 1]
[zero_as_missing: 0]
[feature_pre_filter: 1]
[pre_partition: 0]
[two_round: 0]
[header: 0]
[label_column: ]
[weight_column: ]
[group_column: ]
[ignore_column: ]
[categorical_feature: ]
[forcedbins_filename: ]
[precise_float_parser: 0]
[objective_seed: 5]
[num_class: 1]
[is_unbalance: 0]
[scale_pos_weight: 1]
[sigmoid: 1]
[boost_from_average: 1]
[reg_sqrt: 0]
[alpha: 0.9]
[fair_c: 1]
[poisson_max_delta_step: 0.7]
[tweedie_variance_power: 1.5]
[lambdarank_truncation_level: 30]
[lambdarank_norm: 1]
[label_gain: ]
[eval_at: ]
[multi_error_top_k: 1]
[auc_mu_weights: ]
[num_machines: 1]
[local_listen_port: 12400]
[time_out: 120]
[machine_list_filename: ]
[machines: ]
[gpu_platform_id: -1]
[gpu_device_id: -1]
[gpu_use_dp: 0]
[num_gpu: 1]

end of parameters

pandas_categorical:[]
