tree
version=v3
num_class=1
num_tree_per_iteration=1
label_index=0
max_feature_idx=22
objective=regression
feature_names=f_0 f_1 f_2 f_3 f_4 f_5 f_6 f_7 f_8 f_9 f_10 f_11 f_12 f_13 f_14 f_15 f_16 f_17 f_18 f_19 f_20 f_21 f_22
feature_infos=[3.5138360446667107e-07:0.0066553821535006137] [2.5600331918768856e-06:0.0039732576088439284] [9.2225614268401974e-06:0.0029579505118275174] [0.53000000000000003:6.5599999999999996] [-33.000000000000007:46] [2.4100000000000001:21.82] [-101.00000000000016:144.99999999999994] [-0.15710919088766695:0.17837578087457961] [-81:74] [-46:33.999999999999986] [-51.000000000000021:33.999999999999986] [-33.000000000000007:27.999999999999979] [-41:96.000000000000014] [-36.000000000000007:32.999999999999986] [-0.52000000000000002:2.9100000000000001] [-0.94999999999999996:3.8500000000000001] [-52:73.999999999999972] [-28.000000000000004:24.000000000000004] [-0.29572649572649579:0.64215246636771273] [-0.02958455728073861:0.047292143401983289] [-0.054746473503621829:0.033993115318416534] [-0.039377561323276189:0.045346674363414774] [-0.019984292877423981:0.018327052533256172]
tree_sizes=1825 1883 1886 1896 1888 1870 1906 1879 1881 1910

Tree=0
num_leaves=20
num_cat=0
split_feature=3 1 14 1 10 0 3 2 15 2 20 14 1 3 2 3 21 1 20
split_gain=15.5185 6.81032 4.36418 3.47468 3.15149 2.44048 2.11961 3.38653 3.90704 3.06318 3.52319 3.35603 2.77577 2.52876 2.93301 2.46903 2.36885 2.15958 2.65789
threshold=1.4950000000000003 3.5848820148827845e-05 2.6950000000000007 1.5890422471908431e-05 9.9999999999999876 2.1406040044605986e-05 1.8050000000000004 0.00020467053333761656 2.8750000000000004 8.1277943992210926e-05 -0.0016166241826488512 1.1950000000000001 0.00041659036141107858 3.1250000000000004 0.00016067123683951914 2.0350000000000006 0.00014784902424613835 0.00025846605799422114 0.0031059811177488465
decision_type=2 2 2 2 2 2 2 2 2 2 2 2 2 2 2 2 2 2 2
left_child=2 -2 3 -1 5 -3 9 13 12 11 -11 -7 17 14 -8 -10 -13 18 -9
right_child=1 4 -4 -5 -6 6 7 8 15 10 -12 16 -14 -15 -16 -17 -18 -19 -20
leaf_value=0.25405825613852001 0.25791426732211742 0.2603927155979795 0.2843510489313128 0.26200587823307986 0.26049139980850577 0.29412116387384152 0.26687137413456485 0.26278242148033243 0.29268438226464616 0.2765349569772898 0.26661600619627007 0.28216525658158603 0.26296461825284673 0.28197009655036043 0.25619012939108293 0.27521126398507623 0.26823083035207784 0.2786039224945312 0.28351771559797945
leaf_weight=148 145 64 21 1943 95 29 246 68 30 145 234 61 113 21 87 62 61 87 20
leaf_count=148 145 64 21 1943 95 29 246 68 30 145 234 61 113 21 87 62 61 87 20
internal_value=0.264229 0.268237 0.261671 0.261443 0.269289 0.269918 0.270401 0.268661 0.271939 0.27281 0.270411 0.278832 0.269073 0.265142 0.264081 0.280909 0.275198 0.273018 0.267495
internal_weight=0 1568 2112 2091 1423 1328 1264 734 380 530 379 151 288 354 333 92 122 175 88
internal_count=3680 1568 2112 2091 1423 1328 1264 734 380 530 379 151 288 354 333 92 122 175 88
is_linear=0
shrinkage=1


Tree=1
num_leaves=20
num_cat=0
split_feature=5 5 1 2 5 2 6 8 5 10 14 2 16 0 5 21 17 8 21
split_gain=16.5962 4.29033 3.90642 2.95491 2.87515 3.21083 2.5726 2.49915 2.53057 4.21056 3.77679 2.87236 2.2925 2.57628 2.24513 2.13734 2.08809 1.92899 3.41113
threshold=4.6650000000000009 2.5750000000000006 2.9180694901725197e-05 2.962741176234285e-05 5.1150000000000011 3.9471772375300702e-05 9.0000000000000089 -1.0000000000000002 6.6850000000000014 9.9999999999999876 2.5350000000000006 7.9109284232523684e-05 4.9999999999999973 0.00021849151284170226 3.7850000000000006 -0.00068325909125888085 3.5000000000000036 -1.9999999999999682 -0.0033001196079873725
decision_type=2 2 2 2 2 2 2 2 2 2 2 2 2 2 2 2 2 2 2
left_child=1 -1 4 14 5 -2 -5 15 -9 10 11 -10 16 -14 -3 17 -13 -4 -19
right_child=2 3 7 6 -6 -7 -8 8 9 -11 -12 12 13 -15 -16 -17 -18 18 -20
leaf_value=0.010899706721305849 0.018695187162269245 -0.0091318836893354138 0.0070581350475549705 -0.0032445464620687614 -0.010557213408105514 -0.0083184165033427151 0.0075535994665376074 0.00073103007334400451 0.024884690473908965 -0.0083075887752029134 -0.0091454389608568616 0.0044501759368797827 0.029655223678458822 0.0072828316400128032 0.0018215529068752571 0.0039581854210560584 0.017387820648796418 0.0090017054010840033 0.030980267182544426
leaf_weight=50 22 350 164 1126 85 22 58 763 23 53 36 377 22 31 54 332 34 51 27
leaf_count=50 22 350 164 1126 85 22 58 763 23 53 36 377 22 31 54 332 34 51 27
internal_value=0 -0.0035214 0.00323497 -0.00397547 -0.00518662 0.00518839 -0.00271558 0.00380286 0.00261962 0.00512135 0.00648221 0.00763744 0.00678251 0.0165695 -0.00766781 0.00656308 0.00552044 0.0101367 0.0166097
internal_weight=0 1638 2042 1588 129 44 1184 1913 1339 576 523 487 464 53 404 574 411 242 78
internal_count=3680 1638 2042 1588 129 44 1184 1913 1339 576 523 487 464 53 404 574 411 242 78
is_linear=0
shrinkage=0.05


Tree=2
num_leaves=20
num_cat=0
split_feature=5 5 1 2 5 2 6 8 5 10 1 2 13 15 5 3 14 6 20
split_gain=14.9781 3.87202 3.52554 2.6668 2.59482 2.89778 2.32178 2.25582 2.26809 3.37054 2.29151 2.39258 2.25396 2.5631 2.02623 2.01529 1.95263 2.31932 2.21793
threshold=4.6650000000000009 2.5750000000000006 2.9180694901725197e-05 2.962741176234285e-05 5.1150000000000011 3.9471772375300702e-05 9.0000000000000089 -0.50000000000005584 6.5250000000000012 9.9999999999999876 0.00027539525219091328 0.00030214435714335646 1.9999999999999853 2.0350000000000006 3.7850000000000006 3.1250000000000004 2.5350000000000006 12.000000000000057 -0.0018956462931180582
decision_type=2 2 2 2 2 2 2 2 2 2 2 2 2 2 2 2 2 2 2
left_child=1 -1 4 14 5 -2 -5 12 10 16 -9 -12 -4 -14 -3 -15 17 18 -10
right_child=2 3 7 6 -6 -7 -8 8 9 -11 11 -13 13 15 -16 -17 -18 -19 -20
leaf_value=0.01035472059249878 0.017760427228429101 -0.008675290080053466 0.0071211123527004025 -0.0030823204725927826 -0.010029352596577477 -0.0079024959355592731 0.007175918540050244 -0.00061098511105104518 0.013111488597236411 -0.0071806731820106516 0.022885492308573289 -0.00017849977897561116 0.012157388944779675 -0.0090289490881250867 0.0017304741122104502 0.0073715151502535894 -0.0050605983130241694 -0.0039494159428969675 0.0053960713017027814
leaf_weight=50 22 350 591 1126 85 22 58 586 137 55 22 23 31 67 54 26 38 46 291
leaf_count=50 22 350 591 1126 85 22 58 586 137 55 22 23 31 67 54 26 38 46 291
internal_value=0 -0.00334534 0.00307322 -0.0037767 -0.00492729 0.00492897 -0.00257981 0.00361272 0.00228627 0.00458134 0.000223991 0.0110972 0.00583521 -0.000293558 -0.00728442 -0.00444387 0.00584483 0.00671911 0.00786573
internal_weight=0 1638 2042 1588 129 44 1184 1913 1198 567 631 45 715 124 404 93 512 474 428
internal_count=3680 1638 2042 1588 129 44 1184 1913 1198 567 631 45 715 124 404 93 512 474 428
is_linear=0
shrinkage=0.05


Tree=3
num_leaves=20
num_cat=0
split_feature=5 5 1 2 5 2 6 13 15 2 8 6 2 0 18 17 5 20 0
split_gain=13.5177 3.4945 3.1818 2.40679 2.34183 2.61524 2.0954 2.05847 2.46349 5.4333 2.56958 2.58073 3.00045 2.43665 2.33139 1.87428 1.82867 1.79458 1.7511
threshold=4.6650000000000009 2.5750000000000006 2.9180694901725197e-05 2.962741176234285e-05 5.1150000000000011 3.9471772375300702e-05 9.0000000000000089 1.0000000180025095e-35 2.8750000000000004 0.00020467053333761656 -0.50000000000005584 3.0000000000000697 6.4946454819145695e-05 0.0007214066849551274 0.086420477196948467 -0.99999999999998412 3.7850000000000006 0.0020822700835461121 4.7903207635253451e-05
decision_type=2 2 2 2 2 2 2 2 2 2 2 2 2 2 2 2 2 2 2
left_child=1 -1 4 16 5 -2 -5 8 10 17 11 12 -4 -9 -12 -11 -3 -10 -8
right_child=2 3 7 6 -6 -7 18 13 9 15 14 -13 -14 -15 -16 -17 -18 -19 -20
leaf_value=0.0098369849324226391 0.016872406073591927 -0.0082415257820061278 0.025030846414821492 -0.002928203730769522 -0.0095278845815097591 -0.0075073710896752096 0.017930626598271458 -0.00032323765605037389 0.0076430718880146744 0.010432845673390798 0.0022943197038417427 0.0017732597764025734 0.0076704268077654502 0.013364227030958449 -0.0081843090725356137 0.027055611374766326 0.0016439509612542612 -0.0018622942475808994 2.5536533859041003e-05
leaf_weight=50 22 350 28 1126 85 22 22 458 160 28 626 181 224 35 58 43 54 72 36
leaf_count=50 22 350 28 1126 85 22 22 458 160 28 626 181 224 35 58 43 54 72 36
internal_value=0 -0.00317807 0.00291956 -0.00358786 -0.00468093 0.00468252 -0.00245081 0.00343208 0.0043985 0.00839709 0.00331383 0.00632794 0.00959936 0.000648489 0.00140578 0.0205002 -0.0069202 0.00469313 0.00681712
internal_weight=0 1638 2042 1588 129 44 1184 1913 1420 303 1117 433 252 493 684 71 404 232 58
internal_count=3680 1638 2042 1588 129 44 1184 1913 1420 303 1117 433 252 493 684 71 404 232 58
is_linear=0
shrinkage=0.05


Tree=4
num_leaves=20
num_cat=0
split_feature=3 1 14 1 3 2 15 1 13 21 10 2 0 10 13 3 1 21 3
split_gain=10.7547 4.86369 3.66157 2.5583 2.4555 3.64753 3.15098 2.91022 2.49417 2.39957 4.22555 2.27684 2.52814 2.46025 2.11115 2.067 2.21457 1.91588 1.90063
threshold=1.4950000000000003 3.5848820148827845e-05 2.6950000000000007 1.5890422471908431e-05 1.8050000000000004 0.00020467053333761656 2.8750000000000004 0.00044428057153355255 0.99999999999998956 -0.0013572927857946058 -5.000000000000048 7.9109284232523684e-05 9.1828311390752677e-05 -1.0000000000000451 -1.0000000000000118 3.1250000000000004 0.00018005930357221881 -0.005259208405762216 1.9950000000000003
decision_type=2 2 2 2 2 2 2 2 2 2 2 2 2 2 2 2 2 2 2
left_child=2 -2 3 -1 9 15 7 18 14 11 -11 17 -13 -14 -8 16 -6 -3 -7
right_child=1 4 -4 -5 5 6 8 -9 -10 10 -12 12 13 -15 -16 -17 -18 -19 -20
leaf_value=-0.0086793277865728821 -0.005391435556370637 0.007318641245365143 0.018640351366429105 -0.0018597852839401441 -5.126369560693766e-06 -0.0018406106779972715 0.0090259202595414784 -0.0030474092206384386 0.0030468084702366277 0.01613458744326576 0.0017109118795434241 -0.00095303777990670031 0.0029378078200600365 0.018346118430296581 0.027043731953646691 0.013597063331500346 -0.0098006996050686909 0.024724843231744547 0.0095456248906350908
leaf_weight=148 145 25 21 1943 308 48 29 117 38 61 303 58 44 63 37 23 71 43 155
leaf_count=148 145 25 21 1943 308 48 29 117 38 61 303 58 44 63 37 23 71 43 155
internal_value=0 0.00333221 -0.00213383 -0.00234247 0.00422113 0.00245536 0.00569062 0.00323336 0.0132514 0.00666423 0.00412807 0.0106263 0.00745329 0.01201 0.0191268 -0.000956956 -0.00184018 0.0183255 0.00685331
internal_weight=0 1568 2112 2091 1423 826 424 320 104 597 364 233 165 107 66 402 379 68 203
internal_count=3680 1568 2112 2091 1423 826 424 320 104 597 364 233 165 107 66 402 379 68 203
is_linear=0
shrinkage=0.05


Tree=5
num_leaves=20
num_cat=0
split_feature=5 2 3 6 8 9 21 19 0 2 1 16 14 1 5 3 5 5 3
split_gain=13.4968 3.15721 2.91111 3.04564 2.0146 2.586 2.27132 2.41939 1.99778 2.18624 2.77886 2.25506 1.85887 2.1015 2.66181 2.3706 2.08405 1.81849 1.72476
threshold=4.4850000000000012 3.9901665013997445e-05 0.56500000000000006 2.0000000000000244 -1.0000000180025095e-35 -0.99999999999999523 0.0060709744011209219 0.0098239518690090861 4.9933243268714761e-05 6.1265107268246698e-05 3.6186788857706319e-05 -3.1666666666666798 2.0450000000000004 0.00012088434735780755 6.285000000000001 1.135 8.0250000000000004 3.7850000000000006 0.87500000000000011
decision_type=2 2 2 2 2 2 2 2 2 2 2 2 2 2 2 2 2 2 2
left_child=2 -2 -1 18 12 6 -6 -8 9 10 11 -5 13 14 15 -3 -16 -12 -4
right_child=1 4 3 8 5 -7 7 -9 -10 -11 17 -13 -14 -15 16 -17 -18 -19 -20
leaf_value=0.012274073680927014 -0.0035801411692887712 0.021406332179903984 -0.0030484157184568739 0.010801491795516597 -0.0021196922902369272 0.0038782305115089319 0.01526676621742365 -0.0049940736721391273 -0.003461404864820058 -0.0068813747528827553 0.028005258468064394 -0.0054967491125518624 0.0012591471624316521 0.0044994660822505299 0.022272281561579024 0.0024130791506689533 0.0052104899883270266 0.0071736174821853647 -0.006852993112907076
leaf_weight=29 183 20 624 41 424 753 41 23 149 33 22 44 206 352 63 92 25 20 570
leaf_count=29 183 20 624 41 424 753 41 23 149 33 22 44 206 352 63 92 25 20 570
internal_value=0 0.00270587 -0.00341691 -0.00371967 0.00328133 0.0020408 -0.000794418 0.00798553 0.000704717 0.00458442 0.00756372 0.00236476 0.00531232 0.00682492 0.0109177 0.00580473 0.0174252 0.0180854 -0.00486467
internal_weight=0 2182 1532 1503 1999 1241 488 64 309 160 127 85 758 552 200 112 88 42 1194
internal_count=3714 2182 1532 1503 1999 1241 488 64 309 160 127 85 758 552 200 112 88 42 1194
is_linear=0
shrinkage=0.05


Tree=6
num_leaves=20
num_cat=0
split_feature=5 1 5 3 6 0 8 2 9 21 3 22 0 9 15 14 14 1 5
split_gain=12.1808 2.89739 2.70013 2.62728 2.74869 2.37195 1.978 1.99247 1.94994 1.94517 2.24125 1.91087 1.97817 1.86697 1.7373 2.06273 1.6934 1.80926 2.32587
threshold=4.4850000000000012 2.9180694901725197e-05 4.8750000000000009 0.56500000000000006 2.0000000000000244 1.2490403289689989e-05 -1.0000000180025095e-35 3.0285766727076966e-05 -0.99999999999999523 0.0060709744011209219 1.5350000000000004 -1.0000000180025095e-35 5.0636513768831082e-05 -3.1666666666666727 0.095000000000000015 0.085000000000000006 2.6050000000000004 0.00011967150231725334 6.3850000000000007
decision_type=2 2 2 2 2 2 2 2 2 2 2 2 2 2 2 2 2 2 2
left_child=3 2 5 -1 14 -2 16 -8 9 -9 -11 -6 13 -13 -5 -16 17 18 -3
right_child=1 6 -4 4 11 -7 7 8 -10 10 -12 12 -14 -15 15 -17 -18 -19 -20
leaf_value=0.011660370847274518 -0.0085895701944828044 0.0052678472023795948 -0.010080407391346637 -0.0094011461180521227 -0.0037944131813667441 0.011043113805353642 -0.011102711974546828 -0.0015410040244813216 0.0037465170312386293 -0.0059504041075706489 0.014309456338023031 0.01734314484567177 -0.00084255196714913972 0.0021600979566574097 0.0030399003503273946 -0.0045859643374070082 -0.0045677364045797397 0.0036478740777693645 0.014670818370013012
leaf_weight=29 25 176 84 164 135 40 29 422 754 20 43 41 93 40 98 932 43 441 105
leaf_count=29 25 176 84 164 135 40 29 422 754 20 43 41 93 40 98 932 43 441 105
internal_value=0 0.00257058 -0.00415952 -0.00324607 -0.00353368 0.00349208 0.00306383 0.00185244 0.00215566 -0.000317536 0.00787775 0.000669481 0.00413285 0.00984534 -0.00462144 -0.0038604 0.00507173 0.00564583 0.00878141
internal_weight=0 2182 149 1532 1503 65 2033 1268 1239 485 63 309 174 81 1194 1030 765 722 281
internal_count=3714 2182 149 1532 1503 65 2033 1268 1239 485 63 309 174 81 1194 1030 765 722 281
is_linear=0
shrinkage=0.05


Tree=7
num_leaves=20
num_cat=0
split_feature=5 1 5 3 6 14 3 3 3 5 19 14 2 14 8 8 11 21 0
split_gain=10.9932 2.61489 2.43687 2.37112 2.48069 2.17295 1.95447 4.27282 3.43457 2.90801 4.60382 3.4477 3.26711 2.58745 2.18924 1.80852 1.87096 2.07667 1.69042
threshold=4.4850000000000012 2.9180694901725197e-05 4.8750000000000009 0.56500000000000006 2.0000000000000244 2.3150000000000004 3.3150000000000004 2.5250000000000004 5.9650000000000007 6.5250000000000012 -0.0064185968560092612 2.5850000000000004 7.9109284232523684e-05 1.4825000000000002 1.5000000000000071 8.9999999999999929 5.2500000000000222 -0.0023714992637270389 0.00011548751961095039
decision_type=2 2 2 2 2 2 2 2 2 2 2 2 2 2 2 2 2 2 2
left_child=3 2 5 -1 -5 -2 7 9 -8 15 -11 12 -12 -9 -14 16 -3 -18 -19
right_child=1 6 -4 4 -6 -7 8 13 -10 10 11 -13 14 -15 -16 -17 17 18 -20
leaf_value=0.01107735222783582 -0.0034476669948725475 0.0003809306158822363 -0.0095763868785330233 -0.0043903655904521492 0.00063600731850827787 0.015671219288007073 0.013357753901168555 0.0054228987917304041 -0.005954049800833066 -0.0054229220352977163 0.021546925858753483 -0.0094460881998141618 0.0082679921745502649 -0.0093743945381282705 -0.00031642813912846829 0.0156907743351026 0.01683704188546619 -0.0027250492979179731 0.011211500151289834
leaf_weight=29 42 883 84 1194 309 23 99 40 30 83 41 30 476 113 88 22 37 55 36
leaf_count=29 42 883 84 1194 309 23 99 40 30 83 41 30 476 113 88 22 37 55 36
internal_value=0 0.00244205 -0.00395155 -0.00308376 -0.003357 0.00331748 0.00291064 0.00250711 0.00886664 0.00320727 0.00565133 0.00709883 0.00791924 -0.00550582 0.00692858 0.00150849 0.00119987 0.00684927 0.00278831
internal_weight=0 2182 149 1532 1503 65 2033 1904 129 1751 718 635 605 153 564 1033 1011 128 91
internal_count=3714 2182 149 1532 1503 65 2033 1904 129 1751 718 635 605 153 564 1033 1011 128 91
is_linear=0
shrinkage=0.05


Tree=8
num_leaves=20
num_cat=0
split_feature=5 5 14 3 2 6 3 3 3 15 6 2 8 15 19 21 19 0 13
split_gain=9.93117 2.36131 4.20277 2.19857 2.81168 2.20033 2.02105 4.19251 3.70861 3.68013 3.02947 2.30549 2.7503 2.287 1.94058 1.96401 1.79611 1.78531 1.97593
threshold=4.3550000000000013 6.5950000000000006 2.6150000000000007 0.57500000000000007 8.4172270788191816e-05 2.0000000000000244 2.2850000000000006 3.3150000000000004 5.9200000000000008 2.1750000000000003 9.0000000000000551 0.00010193794254586073 1.5000000000000071 1.6950000000000001 0.0064203340652995164 -0.0086613280291968891 0.0048441821315334819 4.9933243268714761e-05 -2.9999999999999911
decision_type=2 2 2 2 2 2 2 2 2 2 2 2 2 2 2 2 2 2 2
left_child=3 14 6 4 -1 -5 10 9 -9 -8 11 13 -13 -3 15 -2 -12 18 -7
right_child=1 2 -4 5 -6 17 7 8 -10 -11 16 12 -14 -15 -16 -17 -18 -19 -20
leaf_value=0.017886480502784251 -0.0079097287012980539 0.029021794162690642 -0.012667354651623303 -0.0044481292022904963 -0.0025684820931582229 0.017424376122653486 0.0040252057307246904 0.01499305320057002 -0.0042490692223821373 -0.0079522125604676031 -0.006570478907374085 0.0087657514604238367 -0.0015319223297230993 0.010118257083619636 -0.0042848810231612055 0.002044931987032904 0.010383400462922597 -0.0037422970395821794 0.0017403891658395289
leaf_weight=28 52 24 36 1126 42 24 134 88 35 123 61 325 81 48 162 1051 21 130 123
leaf_count=28 52 24 36 1126 42 24 134 88 35 123 61 325 81 48 162 1051 21 130 123
internal_value=0 0.00225074 0.0040985 -0.00303455 0.0056135 -0.00346603 0.0047406 0.00192612 0.00951765 -0.00170718 0.00665042 0.0081736 0.00671129 0.0164194 0.000825112 0.00157563 -0.00222863 0.000526189 0.00430104
internal_weight=0 2241 976 1473 70 1403 940 380 123 257 560 478 406 72 1265 1103 82 277 147
internal_count=3714 2241 976 1473 70 1403 940 380 123 257 560 478 406 72 1265 1103 82 277 147
is_linear=0
shrinkage=0.05


Tree=9
num_leaves=20
num_cat=0
split_feature=5 2 15 3 6 0 5 6 22 0 18 20 21 13 5 0 3 14 0
split_gain=8.96495 2.33683 2.00867 1.95923 2.01918 1.80052 2.17811 1.74077 1.73823 1.65145 1.71487 1.61224 2.10049 1.61178 1.81705 1.68926 1.68135 2.04207 3.00587
threshold=4.4850000000000012 3.9901665013997445e-05 3.6250000000000004 0.56500000000000006 2.0000000000000244 3.8103922080132942e-05 4.9650000000000007 1.7499999999999851 -1.0000000180025095e-35 5.0636513768831082e-05 0.020015909285806103 -0.0085591024052208958 0.0089058637300081251 1.0000000180025095e-35 4.6950000000000012 4.0518469028759462e-05 1.4850000000000001 0.45500000000000007 0.00015873642285143812
decision_type=2 2 2 2 2 2 2 2 2 2 2 2 2 2 2 2 2 2 2
left_child=3 5 11 -1 -5 6 7 -2 -6 10 -10 12 -3 16 -15 -16 17 18 -13
right_child=1 2 -4 4 8 -7 -8 -9 9 -11 -12 13 -14 14 15 -17 -18 -19 -20
leaf_value=0.010087633800917659 0.016470090725592204 -0.0042787056710374988 0.017391167483899905 -0.0039655551538994565 -0.0036882545440285299 -0.010303820731739204 -0.0055284568773848672 -0.0016821496784687044 0.0042309785527842383 -0.00067355755356050308 0.01998037949204445 0.0081599150598049165 0.010855275447721836 0.010228268395770681 -0.008080006907543829 0.00081454497218752899 0.0050004990370590479 -0.0044752684004347896 -0.0031761253214612297
leaf_weight=29 28 152 23 1194 135 60 70 25 56 93 25 145 27 44 62 384 948 116 98
leaf_count=29 28 152 23 1194 135 60 70 25 56 93 25 145 27 44 62 384 948 116 98
internal_value=0 0.0022052 0.00270028 -0.00278488 -0.00303326 -0.0032028 0.000261112 0.00790771 0.00056922 0.00387243 0.0090919 0.00252929 -0.00199593 0.00298004 0.000534426 -0.000421917 0.00389692 0.000982719 0.00358818
internal_weight=0 2182 1999 1532 1503 183 123 53 309 174 81 1976 179 1797 490 446 1307 359 243
internal_count=3714 2182 1999 1532 1503 183 123 53 309 174 81 1976 179 1797 490 446 1307 359 243
is_linear=0
shrinkage=0.05


end of trees

feature_importances:
f_5=29
f_3=24
f_2=22
f_1=17
f_0=14
f_14=13
f_6=12
f_21=10
f_8=9
f_15=8
f_13=6
f_10=5
f_20=5
f_19=4
f_9=3
f_16=2
f_17=2
f_18=2
f_22=2
f_11=1

parameters:
[boosting: gbdt]
[objective: regression]
[metric: binary_logloss]
[tree_learner: serial]
[device_type: cpu]
[data: ]
[valid: ]
[num_iterations: 10]
[learning_rate: 0.05]
[num_leaves: 20]
[num_threads: 0]
[deterministic: 0]
[force_col_wise: 0]
[force_row_wise: 0]
[histogram_pool_size: -1]
[max_depth: -1]
[min_data_in_leaf: 20]
[min_sum_hessian_in_leaf: 0.001]
[bagging_fraction: 0.7]
[pos_bagging_fraction: 1]
[neg_bagging_fraction: 1]
[bagging_freq: 5]
[bagging_seed: 3]
[feature_fraction: 0.9]
[feature_fraction_bynode: 1]
[feature_fraction_seed: 2]
[extra_trees: 0]
[extra_seed: 6]
[early_stopping_round: 0]
[first_metric_only: 0]
[max_delta_step: 0]
[lambda_l1: 0]
[lambda_l2: 0]
[linear_lambda: 0]
[min_gain_to_split: 0]
[drop_rate: 0.1]
[max_drop: 50]
[skip_drop: 0.5]
[xgboost_dart_mode: 0]
[uniform_drop: 0]
[drop_seed: 4]
[top_rate: 0.2]
[other_rate: 0.1]
[min_data_per_group: 100]
[max_cat_threshold: 32]
[cat_l2: 10]
[cat_smooth: 10]
[max_cat_to_onehot: 4]
[top_k: 20]
[monotone_constraints: ]
[monotone_constraints_method: basic]
[monotone_penalty: 0]
[feature_contri: ]
[forcedsplits_filename: ]
[refit_decay_rate: 0.9]
[cegb_tradeoff: 1]
[cegb_penalty_split: 0]
[cegb_penalty_feature_lazy: ]
[cegb_penalty_feature_coupled: ]
[path_smooth: 0]
[interaction_constraints: ]
[verbosity: 0]
[saved_feature_importance_type: 0]
[linear_tree: 0]
[max_bin: 255]
[max_bin_by_feature: ]
[min_data_in_bin: 3]
[bin_construct_sample_cnt: 200000]
[data_random_seed: 1]
[is_enable_sparse: 1]
[enable_bundle: 1]
[use_missing: 1]
[zero_as_missing: 0]
[feature_pre_filter: 1]
[pre_partition: 0]
[two_round: 0]
[header: 0]
[label_column: ]
[weight_column: ]
[group_column: ]
[ignore_column: ]
[categorical_feature: ]
[forcedbins_filename: ]
[precise_float_parser: 0]
[objective_seed: 5]
[num_class: 1]
[is_unbalance: 0]
[scale_pos_weight: 1]
[sigmoid: 1]
[boost_from_average: 1]
[reg_sqrt: 0]
[alpha: 0.9]
[fair_c: 1]
[poisson_max_delta_step: 0.7]
[tweedie_variance_power: 1.5]
[lambdarank_truncation_level: 30]
[lambdarank_norm: 1]
[label_gain: ]
[eval_at: ]
[multi_error_top_k: 1]
[auc_mu_weights: ]
[num_machines: 1]
[local_listen_port: 12400]
[time_out: 120]
[machine_list_filename: ]
[machines: ]
[gpu_platform_id: -1]
[gpu_device_id: -1]
[gpu_use_dp: 0]
[num_gpu: 1]

end of parameters

pandas_categorical:[]
