tree
version=v3
num_class=1
num_tree_per_iteration=1
label_index=0
max_feature_idx=22
objective=regression
feature_names=f_0 f_1 f_2 f_3 f_4 f_5 f_6 f_7 f_8 f_9 f_10 f_11 f_12 f_13 f_14 f_15 f_16 f_17 f_18 f_19 f_20 f_21 f_22
feature_infos=[2.811842593898112e-07:0.0089292451603560918] [2.1333248529010825e-06:0.0055990001705921817] [4.7857545124566229e-06:0.003721014941950642] [0.53000000000000003:6.5599999999999996] [-33.000000000000007:48] [2.4100000000000001:21.82] [-101.00000000000016:144.99999999999994] [-3.0196613872200984:0.53086419753086433] [-81:74] [-46:33.999999999999986] [-51.000000000000021:33.999999999999986] [-33.000000000000007:29.000000000000004] [-41:96.000000000000014] [-36.000000000000007:32.999999999999986] [-0.83999999999999997:2.9100000000000001] [-1.3200000000000001:3.8500000000000001] [-52:73.999999999999972] [-28.000000000000004:24.000000000000004] [-0.29572649572649579:1.1559792027729636] [-0.02958455728073861:0.047292143401983289] [-0.054746473503621829:0.033993115318416534] [-0.078445945945946005:0.045346674363414774] [-0.019984292877423981:0.018327052533256172]
tree_sizes=1835 1876 1881 1888 1894 1890 1904 1875 1907 1885 1895 1883 1901 1882 1891 1927 1891 1937 1952 1902 1908 1892 1899 1898 1896 1879 1923 1887 1929 1921

Tree=0
num_leaves=20
num_cat=0
split_feature=1 15 21 1 1 18 20 6 19 15 11 2 3 6 6 18 21 3 14
split_gain=10.0329 4.95195 3.27788 2.48368 1.48086 1.44685 1.32726 1.26391 1.58838 1.5392 1.23324 0.921951 0.659586 0.884367 1.19472 0.606012 1.2594 0.589485 1.00804
threshold=0.0003034757790248153 2.9150000000000005 -0.0028756999353928277 8.5272096956839468e-05 0.00039019123253236908 -0.0096031449941804663 0.0074456855381841444 5.9999999999999174 0.0011106548144188546 0.65500000000000014 -9.5000000000000178 0.00029961794808363559 1.635 6.9999999999999627 7.9999999999999414 0.081805189363060485 -0.0013130806649096491 1.7850000000000004 -0.15499999999999997
decision_type=2 2 2 2 2 2 2 2 2 2 2 2 2 2 2 2 2 2 2
left_child=3 4 -3 -1 7 -4 10 8 9 -2 -6 -10 13 -5 -15 -16 -17 18 -14
right_child=1 2 5 12 6 -7 -8 -9 11 -11 -12 -13 17 14 15 16 -18 -19 -20
leaf_value=0.048520931046205182 0.078512838256586212 0.085655695186569625 0.053560458047844164 0.049577906367187764 0.062143791125374229 0.069974250662123288 0.06184617208662492 0.051507826530069981 0.047560458226658095 0.06119682145662643 0.050179505767652018 0.062560457779623269 0.048521996659540483 0.065060457705117453 0.049346172459153952 0.049284596106309267 0.06495176205618293 0.051221545983657961 0.056651367046636987
leaf_weight=2707 21 21 25 917 24 29 35 38 21 33 210 20 52 20 84 29 23 478 143
leaf_count=2707 21 21 25 917 24 29 35 38 21 33 210 20 52 20 84 29 23 478 143
internal_value=0.0500636 0.0570992 0.0688938 0.0494693 0.0548988 0.0623753 0.0527649 0.0592146 0.0622973 0.0679308 0.0514066 0.0548775 0.0509396 0.05017 0.0536502 0.0519722 0.0562143 0.0521667 0.0544835
internal_weight=0 477 75 4453 402 54 269 133 95 54 234 41 1746 1073 156 136 52 673 195
internal_count=4930 477 75 4453 402 54 269 133 95 54 234 41 1746 1073 156 136 52 673 195
is_linear=0
shrinkage=1


Tree=1
num_leaves=20
num_cat=0
split_feature=1 14 2 5 3 8 14 8 1 5 16 21 0 5 11 8 3 5 21
split_gain=9.05473 3.23127 2.24411 1.54165 3.80322 1.68033 2.41711 1.5311 1.25753 1.22774 1.10444 0.812264 0.719909 0.639801 0.707619 1.11626 1.49488 1.89804 0.690393
threshold=0.0003034757790248153 2.4950000000000006 7.1332188761906388e-05 8.8850000000000033 2.2650000000000001 -2.0000000000000004 0.49250000000000005 3.999999999999996 0.00039019123253236908 7.4150000000000009 9.0000000000000195 0.0037891466647022036 0.00051712285860586768 6.8650000000000011 -2.500000000000024 1.0000000000000007 1.2950000000000002 6.0150000000000006 -0.0021499078364335951
decision_type=2 2 2 2 2 2 2 2 2 2 2 2 2 2 2 2 2 2 2
left_child=2 3 -1 5 -5 6 12 10 9 -7 11 -6 -2 14 15 -4 -17 -18 -15
right_child=1 -3 13 4 7 8 -8 -9 -10 -11 -12 -13 -14 18 -16 16 17 -19 -20
leaf_value=-0.0016496471783953787 0.011396556791095507 0.026355458423495293 0.00046442327039194245 0.025069919676752761 -0.0013366204633244447 0.00092956765841406119 -0.0026816670528867028 0.01852931940839404 -0.0018166072430118683 0.012753220691688752 0.013579771403844157 0.0083852402805801359 0.024651441406458616 0.0044617212765539682 -0.00060478134435954217 -0.0011733464695311883 0.018908391259610653 -0.00010557808868941806 0.00081122347092883068
leaf_weight=2302 21 20 351 32 70 52 22 21 126 38 24 31 20 192 1117 37 35 21 398
leaf_count=2302 21 20 351 32 70 52 22 21 126 38 24 31 20 192 1117 37 35 21 398
internal_value=0 0.00668382 -0.000564639 0.00582292 0.00945869 0.00350332 0.0106883 0.00603705 0.00140772 0.00592178 0.00393835 0.00164732 0.0178624 0.000596537 6.63898e-05 0.0017549 0.00662541 0.0117782 0.00199918
internal_weight=0 477 4453 457 178 279 63 146 216 90 125 101 41 2151 1561 444 93 56 590
internal_count=4930 477 4453 457 178 279 63 146 216 90 125 101 41 2151 1561 444 93 56 590
is_linear=0
shrinkage=0.05


Tree=2
num_leaves=20
num_cat=0
split_feature=1 15 1 1 21 1 17 6 3 7 11 5 6 5 21 22 15 18 22
split_gain=8.1719 4.17252 2.99298 2.06881 1.52103 1.24558 1.40996 1.12002 1.37856 1.79623 0.992229 0.825029 0.717815 1.28059 1.03495 0.766661 0.683709 1.14465 0.70577
threshold=0.0003034757790248153 2.9150000000000005 0.00039019123253236908 8.5272096956839468e-05 -0.0028756999353928277 0.00039019123253236908 5.9999999999999725 5.9999999999999174 1.7750000000000001 0.0013974297135425087 -10.00000000000003 6.6250000000000009 6.9999999999999627 4.7550000000000008 0.00089222086574092263 -1.0000000180025095e-35 0.23500000000000001 -0.0096031449941804663 0.0003737099851514048
decision_type=2 2 2 2 2 2 2 2 2 2 2 2 2 2 2 2 2 2 2
left_child=3 5 -3 -1 -4 7 10 8 -2 -10 -7 12 -5 14 15 -14 17 -13 -18
right_child=1 2 4 11 -6 6 -8 -9 9 -11 -12 16 13 -15 -16 -17 18 -19 -20
leaf_value=-0.0014019354542777202 0.004705284573984417 0.0026159366437544427 0.034778434764593844 -0.00047648522924396438 0.017092481183428918 0.011548329945653676 0.011297813577479438 0.0010330652082829099 0.028466727118939161 0.0092473071849634575 -0.00010434947554816568 0.017228198386728764 -0.0025725621059536938 -0.0007571377818073546 0.016578222211936246 0.0089616579496685205 0.0010298881390220606 0.0019800120615400376 0.0061707333060382289
leaf_weight=2707 44 24 20 997 31 20 38 38 20 31 211 20 25 105 23 34 431 32 79
leaf_count=2707 44 24 20 997 31 20 38 38 20 31 211 20 25 105 23 34 431 32 79
internal_value=0 0.00634963 0.0171762 -0.000536407 0.0240281 0.00432974 0.00237274 0.0082879 0.0111898 0.0167843 0.000904541 0.00080551 5.66944e-05 0.00289937 0.00758148 0.00407428 0.00238309 0.0078447 0.00182622
internal_weight=0 477 75 4453 51 402 269 133 95 51 231 1746 1184 187 82 59 562 52 510
internal_count=4930 477 75 4453 51 402 269 133 95 51 231 1746 1184 187 82 59 562 52 510
is_linear=0
shrinkage=0.05


Tree=3
num_leaves=20
num_cat=0
split_feature=1 15 1 2 21 1 17 15 17 3 7 3 18 11 8 13 16 18 5
split_gain=7.37514 3.7657 2.70116 1.87258 1.37273 1.12413 1.27249 1.0245 0.922442 0.889041 1.37553 0.555798 0.504756 0.455854 0.973245 1.12007 0.971006 1.03484 0.556043
threshold=0.0003034757790248153 2.9150000000000005 0.00039019123253236908 7.1332188761906388e-05 -0.0028756999353928277 0.00039019123253236908 5.9999999999999725 0.29500000000000004 -7.7499999999999893 1.7950000000000002 -0.0027332233988929806 3.1350000000000002 0.18726015890108852 -2.4166666666666443 1.0000000000000007 -1.4166666666666436 -6.0000000000000027 -0.012805463810318938 6.5250000000000012
decision_type=2 2 2 2 2 2 2 2 2 2 2 2 2 2 2 2 2 2 2
left_child=3 5 -3 12 -4 7 8 -2 -7 -9 -11 13 -1 14 -5 -16 -17 -18 -15
right_child=1 2 4 11 -6 6 -8 9 -10 10 -12 -13 -14 18 15 16 17 -19 -20
leaf_value=-0.0015782965926333223 0.015512599869433678 0.0024851398852964242 0.033039512000977996 0.00059323967280153179 0.016237857240823009 0.01085088070304621 0.010732922791258287 0.00073151354331011872 -0.00013984320330477897 0.020249963346868755 0.0032052865251898767 0.00662631325524401 0.0055652175545692446 -0.00065916586798947551 0.014973056800663471 -0.0010689816790921936 0.017164086224511266 0.001612950148789779 0.00147990357287437
leaf_weight=2277 33 24 20 513 31 21 38 51 210 20 29 37 25 1047 25 58 20 23 428
leaf_count=2277 33 24 20 513 31 21 38 51 210 20 29 37 25 1047 25 58 20 23 428
internal_value=0 0.00603215 0.0163174 -0.000509586 0.0228267 0.00411325 0.0022541 0.0078735 0.000859314 0.0053526 0.0101623 0.000551122 -0.00150072 0.000444791 0.00156031 0.00549766 0.00315226 0.00884604 -3.84732e-05
internal_weight=0 477 75 4453 51 402 269 133 231 100 49 2151 2302 2114 639 126 101 43 1475
internal_count=4930 477 75 4453 51 402 269 133 231 100 49 2151 2302 2114 639 126 101 43 1475
is_linear=0
shrinkage=0.05


Tree=4
num_leaves=20
num_cat=0
split_feature=2 15 1 1 21 10 13 3 20 17 1 1 17 1 20 7 4 11 9
split_gain=6.67747 3.92338 2.60179 1.32573 1.23889 1.15484 1.05152 0.858556 0.752997 1.01914 0.663375 1.19799 0.836122 1.38038 0.649403 0.619804 0.585691 0.728919 0.93688
threshold=0.00021627578868432511 2.9150000000000005 0.00039019123253236908 8.5272096956839468e-05 -0.0028756999353928277 -13.500000000000021 0.99999999999998956 3.1350000000000002 0.0074456855381841444 3.0000000000000022 0.0004192411074517845 0.00027255223134458733 0.50000000000000033 0.00032148717581161789 0.011881236282483944 -0.006814888226502557 0.99999999999999545 -3.0000000000000133 -2.9999999999999853
decision_type=2 2 2 2 2 2 2 2 2 2 2 2 2 2 2 2 2 2 2
left_child=3 5 6 -1 -4 -2 -3 16 10 14 11 -7 13 -13 -10 -15 -5 18 -18
right_child=1 2 4 7 -6 8 -8 -9 9 -11 -12 12 -14 15 -16 -17 17 -19 -20
leaf_value=-0.0013207479414000388 0.014373593430288815 0.01242367947812785 0.031387536451220513 -0.00028839580551153274 0.015425964492943981 0.00089924539568606758 -0.0034171331394463782 0.0092080442767058096 0.0079032771715096071 0.016433323741975158 -0.00031420290177561227 0.019369467713737064 0.0033137116697616875 0.011118559278547765 -0.0032185872573228108 -0.0013293703366070988 0.0029751782421104231 0.00036294841975496525 0.013684425665996969
leaf_weight=2690 22 22 20 1025 31 209 20 28 35 22 191 28 80 20 21 20 137 285 24
leaf_count=2690 22 22 20 1025 31 209 20 28 35 22 191 28 80 20 21 20 137 285 24
internal_value=0 0.0044924 0.0140961 -0.00065675 0.0216854 0.00311409 0.00488044 0.000534814 0.00271839 0.00731484 0.00206415 0.00333661 0.00677855 0.0108548 0.00373258 0.00489459 0.000369721 0.00188221 0.00457159
internal_weight=0 741 93 4189 51 648 42 1499 626 78 548 357 148 68 56 40 1471 446 161
internal_count=4930 741 93 4189 51 648 42 1499 626 78 548 357 148 68 56 40 1471 446 161
is_linear=0
shrinkage=0.05


Tree=5
num_leaves=20
num_cat=0
split_feature=2 1 13 12 1 4 5 14 2 21 1 5 0 6 14 5 17 13 21
split_gain=4.76479 2.14469 1.25328 1.19686 1.10111 0.760391 0.557831 0.757765 2.13796 2.05574 0.789 1.65572 1.42242 0.477898 0.471424 0.943964 0.725118 0.592568 0.587997
threshold=0.00045753307835964309 8.5272096956839468e-05 -0.50000000000000033 -4.2499999999999973 0.00048762204348006986 -2.9999999999999969 6.6550000000000011 1.2350000000000001 0.00014458062126320259 0.00075947663793829456 0.00033002821698263244 9.1250000000000018 0.0004085334606998964 -1.7500000000000069 0.34500000000000003 5.1550000000000011 6.9999999999999973 -5.0000000000000151 -0.0055511194055394833
decision_type=2 2 2 2 2 2 2 2 2 2 2 2 2 2 2 2 2 2 2
left_child=1 -1 3 -2 -4 -6 14 8 9 -8 -9 -12 -13 -7 15 16 18 -16 -3
right_child=2 6 4 -5 5 13 7 10 -10 -11 11 12 -14 -15 17 -17 -18 -19 -20
leaf_value=-0.0013221643269391472 0.008224044219755075 -0.0027347021262909546 0.012435384814602298 0.023405865233923712 0.011034764349460602 0.0055178188201453959 0.020436309332795003 0.00014260983151509772 0.00055883521942988684 0.0030491147902520265 -0.00047964504496617749 0.02231854402460158 0.0034610745217651135 -0.0026813066851061125 0.0068119545504450804 -0.002295615961154302 0.01156437736004591 -0.0010366624683919776 0.0025310225324866216
leaf_weight=2714 34 61 37 21 20 27 34 458 115 34 55 20 20 52 25 150 20 632 405
leaf_count=2714 34 61 37 21 20 27 34 458 115 34 55 20 20 52 25 150 20 632 405
internal_value=0 -0.000402854 0.00765182 0.0140207 0.00507616 0.00232574 0.00082682 0.00192568 0.00471459 0.0117427 0.00100276 0.0051496 0.0128898 0.000120926 0.000201331 0.00117169 0.00224184 -0.000738009 0.00184173
internal_weight=0 4743 191 55 136 99 2029 736 183 68 553 95 40 79 1293 636 486 657 466
internal_count=4934 4743 191 55 136 99 2029 736 183 68 553 95 40 79 1293 636 486 657 466
is_linear=0
shrinkage=0.05


Tree=6
num_leaves=20
num_cat=0
split_feature=2 1 15 20 22 3 1 5 0 17 1 4 20 1 6 0 14 8 5
split_gain=4.30022 1.93559 1.31896 1.78651 1.972 0.613393 0.509465 1.25772 1.45198 0.722044 0.497573 0.784983 1.1527 1.20733 0.659385 1.42558 0.399776 0.387047 0.430741
threshold=0.00045753307835964309 8.5272096956839468e-05 2.9150000000000005 0.010302608131656401 -0.00040196985020102266 2.2250000000000005 0.00031305571796313986 8.8850000000000033 0.00030658500063856126 6.9999999999999902 0.00013373326033252762 1.0000000000000122 -0.0024507348184990003 0.00011722198587915451 6.9999999999998961 8.3760255321609528e-05 -0.30499999999999994 -7.0000000000000027 2.5950000000000002
decision_type=2 2 2 2 2 2 2 2 2 2 2 2 2 2 2 2 2 2 2
left_child=1 16 3 4 -2 -6 10 9 -9 -8 11 14 -13 -14 -3 -16 -1 -18 -19
right_child=2 6 -4 -5 5 -7 7 8 -10 -11 -12 12 13 -15 15 -17 17 18 -20
leaf_value=0.0044838399005432926 0.014337550220079721 0.00023128944890279523 0.016894695485631626 0.019074892110767822 0.0058863216672431339 -0.0022938717082142831 0.00019950370805047864 0.01990721028830324 0.0030889407534039383 0.010165766477584839 -0.00025026085574438077 -0.00068649525887199813 0.0035657427724330656 0.018175823893398047 0.01527088872001817 0.00058273088257267797 0.0041458226682152604 0.0034639850838316813 -0.0014698876263763104
leaf_weight=30 32 570 30 21 33 75 199 21 33 20 1010 42 31 26 24 53 32 45 2607
leaf_count=30 32 570 30 21 33 75 199 21 33 20 1010 42 31 26 24 53 32 45 2607
internal_value=0 -0.000382711 0.00726923 0.00547567 0.00343578 0.000205632 0.000785479 0.00279488 0.00962938 0.00110966 0.000473083 0.00145241 0.00559875 0.01023 0.000817961 0.00516086 -0.00125606 -0.00132021 -0.00138617
internal_weight=0 4743 191 161 140 108 2029 273 54 219 1756 746 99 57 647 77 2714 2684 2652
internal_count=4934 4743 191 161 140 108 2029 273 54 219 1756 746 99 57 647 77 2714 2684 2652
is_linear=0
shrinkage=0.05


Tree=7
num_leaves=20
num_cat=0
split_feature=3 1 3 10 12 0 6 3 5 17 17 15 15 21 0 5 18 2 14
split_gain=3.91939 2.03853 1.65662 1.17786 0.906288 0.813927 0.489664 0.475929 0.65334 0.652012 1.93848 1.52954 1.06597 0.993294 0.630839 0.688018 0.919509 0.573533 0.534749
threshold=4.4250000000000007 8.5272096956839468e-05 5.9650000000000007 3.9999999999999871 -2 0.0010988899644920446 1.0000000000000455 2.6050000000000004 6.6550000000000011 -1.0000000180025095e-35 0.50000000000002276 2.8650000000000007 2.1425000000000005 -0.0021499078364335951 6.0517369342363778e-05 8.8850000000000033 0.012403651093327974 0.00017436804036111852 0.34500000000000003
decision_type=2 2 2 2 2 2 2 2 2 2 2 2 2 2 2 2 2 2 2
left_child=1 -1 3 4 -2 7 -7 8 18 14 11 17 13 -12 -10 -16 -17 -11 -3
right_child=2 5 -4 -5 -6 6 -8 -9 9 10 12 -13 -14 -15 15 16 -18 -19 -20
leaf_value=-0.0011932532819140327 0.012377132035791875 0.0013002538391979547 -0.00018511517594257991 0.0053561810762263263 0.026657006675377487 0.013451747884973884 0.0025200759814608667 -0.0022523817047476768 0.008862326564267279 0.011339223252919813 0.012353661590639282 0.019808924670464228 -0.0010630377119889966 0.0024352239045713629 -0.0017471069916306686 -0.00060632049196189454 0.013144772872328759 0.0011142414470668883 -0.00071861448657994237
leaf_weight=2714 25 656 30 26 20 20 21 125 20 24 34 28 162 98 192 31 20 32 656
leaf_count=2714 25 656 30 26 20 20 21 125 20 24 34 28 162 98 192 31 20 32 656
internal_value=0 -0.000285891 0.0096661 0.0138286 0.0187237 0.000876252 0.0078526 0.000738605 0.00093004 0.0022384 0.00356855 0.0102672 0.00165464 0.00498997 0.000326622 -0.000375905 0.00478627 0.00549638 0.00029082
internal_weight=0 4833 101 71 45 2119 41 2078 1953 641 378 84 294 132 263 243 51 56 1312
internal_count=4934 4833 101 71 45 2119 41 2078 1953 641 378 84 294 132 263 243 51 56 1312
is_linear=0
shrinkage=0.05


Tree=8
num_leaves=20
num_cat=0
split_feature=2 2 15 20 22 3 1 5 3 17 14 14 15 0 21 17 7 1 15
split_gain=3.58087 1.57747 1.15118 1.57524 1.75571 0.572661 0.507539 1.08256 1.30948 0.648881 0.477806 1.57111 0.735452 0.792187 0.688678 0.492697 0.425149 0.816662 0.964797
threshold=0.00045753307835964309 7.1332188761906388e-05 2.9150000000000005 0.010302608131656401 -0.00040196985020102266 2.2250000000000005 0.00031305571796313986 8.8850000000000033 2.3650000000000007 6.9999999999999902 1.2350000000000001 1.155 1.6450000000000002 0.00012863585921638965 0.0019453360896689589 -1.0000000180025095e-35 -0.0048188900800761872 0.00013640581537672131 0.93500000000000016
decision_type=2 2 2 2 2 2 2 2 2 2 2 2 2 2 2 2 2 2 2
left_child=1 -1 3 4 -2 -6 10 9 -9 -8 11 12 16 -14 15 -13 17 18 -3
right_child=2 6 -4 -5 5 -7 7 8 -10 -11 -12 14 13 -15 -16 -17 -18 -19 -20
leaf_value=-0.0012901242221817213 0.013329754339065403 0.0064049573101865962 0.015626720463236175 0.017728486142697789 0.0054841843461900051 -0.0024197428474823637 0.00014035306758617037 0.016136619410124318 0.00052143154293298724 0.0095882063917815692 -0.00058772462888870367 0.0066471300367265942 0.0009525444092495102 0.013799297153240159 0.0027863864942143362 0.017612597860750697 -0.00052683000010985716 -0.00078940221015363931 -0.00057857783488285397
leaf_weight=2295 32 127 30 21 33 75 199 29 25 20 918 20 28 21 36 21 723 200 81
leaf_count=2295 32 127 30 21 33 75 199 29 25 20 918 20 28 21 36 21 723 200 81
internal_value=0 -0.000348369 0.00663429 0.00495868 0.00304321 -4.65398e-06 0.000534526 0.00256664 0.00890737 0.00100317 0.000279461 0.000912776 0.000461223 0.0064583 0.00783269 0.0122636 0.000201403 0.00149187 0.00368541
internal_weight=0 4743 191 161 140 108 2448 273 54 219 2175 1257 1180 49 77 41 1131 408 208
internal_count=4934 4743 191 161 140 108 2448 273 54 219 2175 1257 1180 49 77 41 1131 408 208
is_linear=0
shrinkage=0.05


Tree=9
num_leaves=20
num_cat=0
split_feature=3 1 3 10 16 0 6 6 7 20 3 20 1 14 4 1 14 5 14
split_gain=3.27444 1.68454 1.50158 1.07572 0.868275 0.671343 0.450917 0.416169 0.539482 0.712839 0.713672 1.4269 0.698642 1.02482 0.878914 1.80079 0.582469 0.914971 0.735735
threshold=4.4250000000000007 8.5272096956839468e-05 5.9650000000000007 3.9999999999999871 -4.2499999999999973 0.0010988899644920446 1.0000000000000455 19.999999999999975 -0.0033960588845197699 -0.0041287764148941189 1.655 -0.0024507348184990003 0.00013464392881708809 1.4950000000000003 -1.0000000000000118 0.00027255223134458733 0.32500000000000007 4.4650000000000007 0.025000000000000005
decision_type=2 2 2 2 2 2 2 2 2 2 2 2 2 2 2 2 2 2 2
left_child=1 -1 3 4 -2 7 -7 8 9 -3 16 -12 13 -13 15 -14 17 18 -11
right_child=2 5 -4 -5 -6 6 -8 -9 -10 10 11 12 14 -15 -16 -17 -18 -19 -20
leaf_value=-0.0010851914590868383 0.010052197674910229 -0.00090237468581747372 -0.00054289362082878749 0.0047022187294295205 0.023973815174152455 0.012505002589896322 0.0020147640346771197 -0.0029360606831002546 0.00014120351061757566 -0.00071005011753489571 0.016049144037067888 0.016714518813585693 -0.00085858929042632772 0.0022937531050826825 -0.00027437877180355209 0.019097640262916687 -0.00073163579948045114 -0.000269351063458168 0.0094924900958787157
leaf_weight=2714 21 185 30 26 24 20 21 77 1203 24 25 22 26 28 124 20 185 92 67
leaf_count=2714 21 185 30 26 24 20 21 77 1203 24 25 22 26 28 124 20 185 92 67
internal_value=0 -0.000260365 0.00883603 0.0127989 0.0174771 0.000796066 0.00713195 0.000671056 0.00080986 0.00181787 0.00263883 0.00472971 0.00344341 0.00863889 0.00191533 0.00781803 0.0012468 0.00324686 0.00680171
internal_weight=0 4833 101 71 45 2119 41 2078 2001 798 613 245 220 50 170 46 368 183 91
internal_count=4934 4833 101 71 45 2119 41 2078 2001 798 613 245 220 50 170 46 368 183 91
is_linear=0
shrinkage=0.05


Tree=10
num_leaves=20
num_cat=0
split_feature=2 15 3 2 10 3 9 8 15 1 1 10 0 2 14 15 2 3 2
split_gain=4.18046 2.92238 2.4196 2.79667 0.980183 0.956548 0.661346 0.74798 1.18041 1.5979 0.936657 1.04155 0.853301 0.629726 0.551265 0.872191 1.09318 0.564801 1.23918
threshold=0.00021627578868432511 2.9150000000000005 2.0350000000000006 0.00069406867351463257 -13.500000000000021 3.1350000000000002 -8.9999999999999893 -2.0000000000000004 0.40500000000000008 0.0003034757790248153 0.00046152713966101001 -5.9999999999999938 0.00048546996558780745 5.4481488476495705e-05 1.2350000000000001 1.6150000000000004 0.00011693184507543756 1.7550000000000001 0.00013507268260905443
decision_type=2 2 2 2 2 2 2 2 2 2 2 2 2 2 2 2 2 2 2
left_child=5 4 -3 -4 -2 13 -6 8 9 -8 11 -9 -13 -1 15 17 -17 -15 -19
right_child=1 2 3 -5 6 -7 7 10 -10 -11 -12 12 -14 14 -16 16 -18 18 -20
leaf_value=-0.0012191320593823122 0.012772313310680065 0.025551905731360122 -0.0011979160103492621 0.019301627390086652 -0.0036049202899448574 0.008725097283188786 0.0034209723786815353 0.012652792179813752 0.0023068360276991807 0.02249739577195474 -0.0018705823013316029 0.0013597612652295043 0.010851768518869695 5.1653200401318988e-05 -0.00087707953926708022 0.012189792727844583 0.0009824238683689725 0.012205936867863901 -0.00072778188825949389
leaf_weight=1898 22 24 41 28 48 28 23 26 79 21 138 265 26 1115 980 36 55 31 46
leaf_count=1898 22 24 41 28 48 28 23 26 79 21 138 265 26 1115 980 36 55 31 46
internal_value=0 0.00358868 0.0118772 0.00712074 0.00239913 -0.000485506 0.00203458 0.00250291 0.00596234 0.0125256 0.00156773 0.00306453 0.00220784 -0.000547485 1.58318e-05 0.000697868 0.00541611 0.000337667 0.0044793
internal_weight=0 741 93 69 648 4189 626 578 123 44 455 317 291 4161 2263 1283 91 1192 77
internal_count=4930 741 93 69 648 4189 626 578 123 44 455 317 291 4161 2263 1283 91 1192 77
is_linear=0
shrinkage=0.05


Tree=11
num_leaves=20
num_cat=0
split_feature=2 15 3 2 10 3 9 8 15 1 1 15 18 20 17 5 2 15 6
split_gain=3.77286 2.63745 2.18369 2.52399 0.884616 0.863285 0.596865 0.675052 1.06532 1.4421 0.850879 0.945525 1.10549 0.776629 0.740131 0.579492 0.568327 0.561075 0.527605
threshold=0.00021627578868432511 2.9150000000000005 2.0350000000000006 0.00069406867351463257 -13.500000000000021 3.1350000000000002 -8.9999999999999893 -2.0000000000000004 0.40500000000000008 0.0003034757790248153 0.00048762204348006986 1.7150000000000001 0.0023745045684129278 0.00065432805469156652 -3.0000000000000133 7.6250000000000009 5.4481488476495705e-05 2.2350000000000008 -3.2500000000000413
decision_type=2 2 2 2 2 2 2 2 2 2 2 2 2 2 2 2 2 2 2
left_child=5 4 -3 -4 -2 16 -6 8 9 -8 11 15 13 -13 -14 -9 -1 -15 -10
right_child=1 2 3 -5 6 -7 7 10 18 -11 -12 12 14 17 -16 -17 -18 -19 -20
leaf_value=-0.0011465935661222931 0.012012361200526359 0.024031567641533913 -0.0011266401172502012 0.018153180456321156 -0.0033904275605455047 0.0082059539889118502 0.0032174245818801551 -0.0010322470821054845 0.0086809477843344217 0.021158800877630713 -0.0020423720876527269 -0.0016001282138391757 0.018585453765200717 0.013450396096520127 0.006766156890977394 0.0058349339951712055 1.4889769031412298e-05 0.0019948956621810795 -0.0003435805594842685
leaf_weight=1898 22 24 41 28 48 28 23 145 22 21 123 52 21 20 34 38 2263 22 57
leaf_count=1898 22 24 41 28 48 28 23 145 22 21 123 52 21 20 34 38 2263 22 57
internal_value=0 0.00337516 0.0111705 0.00669706 0.00225638 -0.000456618 0.00191352 0.00235399 0.00560758 0.0117804 0.00147445 0.00277736 0.00570492 0.0024435 0.011279 0.000393725 -0.00051491 0.0074499 0.00216958
internal_weight=0 741 93 69 648 4189 626 578 123 44 455 332 149 94 55 183 4161 42 79
internal_count=4930 741 93 69 648 4189 626 578 123 44 455 332 149 94 55 183 4161 42 79
is_linear=0
shrinkage=0.0495


Tree=12
num_leaves=20
num_cat=0
split_feature=2 15 3 2 10 3 18 1 2 3 3 1 20 4 10 6 2 14 15
split_gain=3.40859 2.3828 1.97285 2.2803 0.799206 0.779935 0.568735 0.584896 0.950721 0.86201 1.27748 0.884036 0.749573 0.530666 0.589156 0.619958 0.513456 0.497517 0.793242
threshold=0.00021627578868432511 2.9150000000000005 2.0350000000000006 0.00069406867351463257 -13.500000000000021 3.1350000000000002 -0.11198602361778791 0.00048762204348006986 0.0005349959132697346 2.0150000000000001 2.5750000000000006 0.0003034757790248153 0.00024703679426307806 1.9999999999999964 3.0000000000000142 -5.0000000000000036 5.4481488476495705e-05 1.2350000000000001 1.6450000000000002
decision_type=2 2 2 2 2 2 2 2 2 2 2 2 2 2 2 2 2 2 2
left_child=5 4 -3 -4 -2 16 -6 8 9 13 11 12 -11 14 -8 -16 -1 18 -18
right_child=1 2 3 -5 6 -7 7 -9 -10 10 -12 -13 -14 -15 15 -17 17 -19 -20
leaf_value=-0.0010789388679752659 0.011303571765180678 0.022613584974878465 -0.0010601626917451801 0.017082052145610961 0.0083843234729021783 0.0077217616087663921 -0.0024103653090636989 -0.0010868051760768683 0.010389608175996691 0.011853505135662853 -0.0012180587161203125 0.015661568048622718 -5.5546366184949875e-05 0.0054806157994084061 -0.0010456852054875345 0.007764868521638324 0.00033065782628702208 -0.00081737403054774874 0.005312364354810745
leaf_weight=1898 22 24 41 28 30 28 158 158 33 22 49 29 30 39 44 34 1201 980 82
leaf_count=1898 22 24 41 28 30 28 158 158 33 22 49 29 30 39 44 34 1201 980 82
internal_value=0 0.00317601 0.0105114 0.0063019 0.00212325 -0.000429675 0.00180061 0.00146922 0.00239126 0.00173954 0.00502778 0.00880613 0.0049829 0.000185097 -0.00069001 0.00279481 -0.000484527 1.40112e-05 0.000649052
internal_weight=0 741 93 69 648 4189 626 596 438 405 130 81 52 275 236 78 4161 2263 1283
internal_count=4930 741 93 69 648 4189 626 596 438 405 130 81 52 275 236 78 4161 2263 1283
is_linear=0
shrinkage=0.049005


Tree=13
num_leaves=20
num_cat=0
split_feature=2 15 13 22 1 12 4 3 3 0 6 18 3 20 0 22 16 5 9
split_gain=3.0827 2.15877 1.83279 1.25035 1.05189 0.865764 1.16557 0.724305 1.77606 1.476 0.822317 0.845351 0.705366 0.609218 0.604123 0.579752 0.546097 0.54272 1.48518
threshold=0.00021627578868432511 2.8450000000000002 0.58333333333335802 2.4162614395639718e-05 0.00037856828575807277 -7.4999999999999947 2.4999999999999916 1.4150000000000003 1.2650000000000003 0.00027622288770201775 5.4999999999999725 0.034269647546533062 3.1350000000000002 0.010302608131656401 0.00036480529136813123 1.2081891058057794e-05 -7.9999999999999973 2.5950000000000002 0.50000000000005607
decision_type=2 2 2 2 2 2 2 2 2 2 2 2 2 2 2 2 2 2 2
left_child=12 5 3 4 -3 6 -2 8 -7 -10 11 13 17 16 -4 -13 -9 18 -1
right_child=1 2 14 -5 -6 7 -8 10 9 -11 -12 15 -14 -15 -16 -17 -18 -19 -20
leaf_value=0.013196189769295113 0.00058830250687628451 0.011471824486938492 -0.0041980177797328678 0.0047860911714465914 0.026844867952719703 -0.00079424135267045361 0.01675231649090371 0.0069588123707052391 0.0029387391522802415 0.020168789256647005 -0.0027768231780013071 0.0028343354060463058 0.0072699231579516346 0.0089984691332988913 0.0075836202822102605 0.01235660356444996 -0.00040668282492782587 -0.00052487414387111721 -0.002029373791591735
leaf_weight=25 21 20 21 20 22 54 21 26 22 25 121 34 28 20 20 27 267 4098 38
leaf_count=25 21 20 21 20 22 54 21 26 22 25 121 34 28 20 20 27 267 4098 38
internal_value=0 0.00299016 0.00950737 0.0147701 0.0195244 0.00193801 0.00867031 0.00146359 0.00520775 0.0121037 0.000699625 0.00182436 -0.000404533 0.000806116 0.00154912 0.00704911 0.000246911 -0.000456175 0.00401252
internal_weight=0 741 103 62 42 638 42 596 101 47 495 374 4189 313 41 61 293 4161 63
internal_count=4930 741 103 62 42 638 42 596 101 47 495 374 4189 313 41 61 293 4161 63
is_linear=0
shrinkage=0.048515


Tree=14
num_leaves=20
num_cat=0
split_feature=2 15 13 22 1 12 4 5 14 3 3 0 6 2 3 1 1 5 21
split_gain=2.79085 1.95439 1.65927 1.13197 0.952305 0.783797 1.05521 0.686495 0.731275 0.655731 1.60791 1.33626 0.744463 0.798163 0.723803 0.676581 0.921921 0.686846 0.597836
threshold=0.00021627578868432511 2.8450000000000002 0.58333333333335802 2.4162614395639718e-05 0.00037856828575807277 -7.4999999999999947 2.4999999999999916 7.3650000000000011 0.50500000000000012 1.4150000000000003 1.2650000000000003 0.00027622288770201775 5.4999999999999725 0.00023822684534959994 3.8450000000000002 0.00040598016524474103 0.00029424454832396879 7.9050000000000011 0.0022340385502667153
decision_type=2 2 2 2 2 2 2 2 2 2 2 2 2 2 2 2 2 2 2
left_child=7 5 3 4 -3 6 -2 -1 -9 10 -7 -12 13 -11 15 16 -15 -18 -16
right_child=1 2 -4 -5 -6 9 -8 8 -10 12 11 -13 -14 14 18 -17 17 -19 -20
leaf_value=-0.00056930218259044682 0.00055416345776341321 0.010806116986189877 0.0014592273117596882 0.0045083555089620647 0.025287065687203261 -0.00074815162957047297 0.015780183145949291 0.0095505508934995605 0.0010341689298875815 0.0079567749378655749 0.0027682046751099369 0.018998398379115263 -0.0026156846701201704 -0.00074294729218591369 0.0013585495083611291 -0.0030976646519626323 0.0022078392118310758 0.012015961751008471 0.012832160218436113
leaf_weight=3830 21 20 41 20 22 54 21 25 334 42 22 25 121 121 22 101 40 28 20
leaf_count=3830 21 20 41 20 22 54 21 25 334 42 22 25 121 121 22 101 40 28 20
internal_value=0 0.00281664 0.00895566 0.013913 0.0183914 0.00182555 0.00816717 -0.000381058 0.00162723 0.00137865 0.00490555 0.0114013 0.000659026 0.00171849 0.00092931 7.58612e-05 0.00177177 0.00624648 0.00682217
internal_weight=0 741 103 62 42 638 42 4189 359 596 101 47 495 374 332 290 189 68 42
internal_count=4930 741 103 62 42 638 42 4189 359 596 101 47 495 374 332 290 189 68 42
is_linear=0
shrinkage=0.0480298


Tree=15
num_leaves=20
num_cat=0
split_feature=2 22 20 15 2 3 18 18 7 18 20 20 21 5 8 14 0 14 4
split_gain=2.1093 0.845015 1.35844 0.911716 0.816233 0.519981 0.500067 0.416979 0.518734 0.644662 0.502987 0.857987 1.03013 0.99457 0.924105 0.811376 0.543801 0.84735 0.484687
threshold=0.00045753307835964309 -0.00060336621861495343 0.0080311790803538913 2.9150000000000005 5.7198016849672018e-05 0.56500000000000006 0.18726015890108852 0.11428312379110241 -0.0057578797658330285 0.081805189363060485 0.0017525988905590097 -0.0036587900694233229 0.0062508724774752453 7.4150000000000009 -0.99999999999998412 1.8225000000000005 0.00020028531110303276 -0.105 0.50000000000000611
decision_type=2 2 2 2 2 2 2 2 2 2 2 2 2 2 2 2 2 2 2
left_child=4 -2 3 -3 6 -6 -1 8 10 -10 11 -7 13 -13 -15 -16 17 -12 -11
right_child=1 2 -4 -5 5 7 -8 -9 9 18 16 12 -14 14 15 -17 -18 -19 -20
leaf_value=-0.0011107732532619381 0.011996534676261437 -0.00055600286813732428 0.012014285972390369 0.010504395232783244 0.0069335828356758339 -0.00019954704924673286 0.0056572540703520849 -0.0021704196931364096 -0.0003342054595722235 0.00076344970099511572 0.0088260618336104702 0.0015072128183090219 0.013559726862610925 0.0013587077657012307 0.018696109903653484 0.0054631958614440087 -0.0036334679617433274 -9.0722358810967825e-05 0.009797954507859365
leaf_weight=1946 31 107 33 20 26 220 25 161 1638 29 27 249 22 29 22 20 80 224 25
leaf_count=1946 31 107 33 20 26 220 25 161 1638 29 27 249 22 29 22 20 80 224 25
internal_value=0 0.00481131 0.00341917 0.00118579 -0.000285187 0.000240798 -0.00102493 0.000177428 0.000323658 -0.000165685 0.00125083 0.00211689 0.00360699 0.00292274 0.00788705 0.0123947 -0.000219624 0.000868454 0.00494609
internal_weight=0 191 160 127 4743 2772 1971 2746 2585 1692 893 562 342 320 71 42 331 251 54
internal_count=4934 191 160 127 4743 2772 1971 2746 2585 1692 893 562 342 320 71 42 331 251 54
is_linear=0
shrinkage=0.0475495


Tree=16
num_leaves=20
num_cat=0
split_feature=3 3 10 1 12 0 3 17 5 1 21 22 22 4 4 10 17 21 17
split_gain=1.94015 1.34237 0.98013 0.88783 0.825468 0.496312 0.531887 0.46055 0.504044 0.631298 0.872849 0.628461 0.723522 0.487804 0.804988 0.688354 0.53837 0.942977 0.460669
threshold=4.4250000000000007 5.9650000000000007 3.9999999999999871 8.5272096956839468e-05 -2 0.001463739289640599 2.6050000000000004 -4.2499999999999973 6.6550000000000011 0.00010088999990637725 -1.0000000180025095e-35 -0.0010495423729495743 -4.8326104560569842e-05 2.4999999999999916 3.4999999999999925 -2.249999999999996 6.4999999999999956 0.001994283064054581 -3.9999999999999987
decision_type=2 2 2 2 2 2 2 2 2 2 2 2 2 2 2 2 2 2 2
left_child=3 2 4 -1 -2 6 7 -5 13 10 -10 -11 -13 16 15 -15 18 -18 -9
right_child=1 -3 -4 5 -6 -7 -8 8 9 11 -12 12 -14 14 -16 -17 17 -19 -20
leaf_value=-0.0007815886819899858 0.008403583322357527 -0.0019744510613378579 0.0026256851767143285 -0.0017167869436611608 0.021234347835878964 0.006516001138458947 -0.0025221458544994178 0.0052740959110648966 0.014649050232063207 0.0079378537283013497 0.0010612562147379958 -0.003501353759534042 0.0018178093487699637 0.0028279656279947499 -0.0015388124156158519 0.0141024419045546 0.010104429653890789 -0.0029016507334331454 -0.00037546570410755325
leaf_weight=2714 25 30 26 172 20 30 128 33 20 32 22 65 442 28 37 21 30 21 1038
leaf_count=2714 25 30 26 172 20 30 128 33 20 32 22 65 442 28 37 21 30 21 1038
internal_value=0 0.00637436 0.00990203 -0.000217824 0.0141061 0.000504243 0.000417908 0.000609814 0.0008335 0.00197285 0.00753163 0.00153969 0.00113587 0.00028552 0.00370231 0.00765988 2.36274e-05 0.00474898 -0.00020139
internal_weight=0 101 71 4833 45 2119 2089 1961 1789 581 42 539 507 1208 86 49 1122 51 1071
internal_count=4934 101 71 4833 45 2119 2089 1961 1789 581 42 539 507 1208 86 49 1122 51 1071
is_linear=0
shrinkage=0.047074


Tree=17
num_leaves=20
num_cat=0
split_feature=2 22 20 15 2 3 18 18 7 18 3 6 6 14 3 9 2 13 8
split_gain=1.77464 0.764089 1.2019 0.819448 0.686521 0.477486 0.450714 0.381167 0.465956 0.574938 0.472912 0.628269 0.962135 0.72716 0.927447 0.916695 0.745638 0.724598 0.712125
threshold=0.00045753307835964309 -0.00060336621861495343 0.0080311790803538913 2.9150000000000005 5.7198016849672018e-05 0.56500000000000006 0.18726015890108852 0.11428312379110241 -0.0057578797658330285 0.081805189363060485 1.0350000000000004 8.7499999999999929 6.9999999999999627 2.0125000000000002 2.0350000000000006 0.50000000000005607 0.00026444997171336189 -1.0000000180025095e-35 2.0000000000000244
decision_type=2 2 2 2 2 2 2 2 2 2 2 2 2 2 2 2 2 2 2
left_child=4 -2 3 -3 6 -6 -1 8 10 -10 -7 12 13 14 16 -16 17 -12 -19
right_child=1 2 -4 -5 5 7 -8 -9 9 -11 11 -13 -14 -15 15 -17 -18 18 -20
leaf_value=-0.0010003495894065251 0.011022702285934377 -0.0006486946562552214 0.010952537279056049 0.0096284379931207333 0.0065030777928788263 -0.0010556940661149133 0.0052971596756052003 -0.0020423748306117938 -0.00031578763821922496 0.0045715580473965544 -0.00092332757407674897 -0.0012718968710279375 0.010049562255555089 -0.0011936919736891915 0.013532920089538981 0.002462769798106024 -0.0031843736433336788 0.0055263031087579772 -0.00072781318286061587
leaf_weight=1946 31 107 33 20 26 170 25 161 1638 54 85 129 33 130 32 33 54 176 51
leaf_count=1946 31 107 33 20 26 170 25 161 1638 54 85 129 33 130 32 33 54 176 51
internal_value=0 0.00432616 0.0030287 0.000969751 -0.000255551 0.000217234 -0.000920473 0.000157717 0.000294744 -0.000159809 0.001156 0.00167604 0.00231625 0.00186135 0.00278282 0.00791269 0.00187178 0.00274688 0.00412119
internal_weight=0 191 160 127 4743 2772 1971 2746 2585 1692 893 723 594 561 431 65 366 312 227
internal_count=4934 191 160 127 4743 2772 1971 2746 2585 1692 893 723 594 561 431 65 366 312 227
is_linear=0
shrinkage=0.0466033


Tree=18
num_leaves=20
num_cat=0
split_feature=2 20 20 8 1 1 7 20 6 10 0 22 21 0 22 18 22 2 19
split_gain=1.61308 0.744445 0.680167 0.690944 0.64308 0.631869 0.460003 0.375476 0.332544 0.367146 0.390493 0.641257 1.14024 0.62838 0.576944 0.595552 0.622446 0.50313 0.488998
threshold=0.00045753307835964309 -0.010588527810771296 0.010302608131656401 -4.7499999999999867 0.0010535365846643973 8.5272096956839468e-05 -0.0091166996660657067 -0.011541446003826448 -9.0000000000000053 -4.9999999999999867 0.00048546996558780745 -2.4161446788240056e-05 -0.00090432267547357881 0.00022350120394665335 0.0017822666568830805 -0.11198602361778791 1.2082183009187732e-05 0.00014119120540118517 0.006218798046389363
decision_type=2 2 2 2 2 2 2 2 2 2 2 2 2 2 2 2 2 2 2
left_child=5 -2 3 -3 6 -1 -5 -7 -9 -10 13 -12 -13 14 15 -11 18 -16 -17
right_child=1 2 -4 4 -6 7 -8 8 9 10 11 12 -14 -15 17 16 -18 -19 -20
leaf_value=-0.00070164720232352904 0.012278619216515282 0.0095654261510483372 0.0099389202932496559 0.0029887126408597131 0.0056964397997665136 -0.0025906009678251353 -0.004069475818731373 -0.0010814219378267463 -0.00060161605052076468 0.0080746364126355764 -0.0017245584341677341 0.014285901982422378 -0.00011588972550874587 -0.00095531621517553017 0.011467705517789792 0.0022980204718705197 -0.0007458197627217396 0.0024040704711087131 -0.0019094059488200829
leaf_weight=2714 21 21 26 30 36 87 57 245 347 26 24 25 22 299 22 539 295 32 66
leaf_count=2714 21 21 26 30 36 87 57 245 347 26 24 25 22 299 22 539 295 32 66
internal_value=0 0.0040833 0.00307094 0.00183088 0.00051035 -0.000241205 -0.00163562 0.000374684 0.000507526 0.000736926 0.00108098 0.00441139 0.00754464 0.000896103 0.00146098 0.00119064 0.000991773 0.00609666 0.00183903
internal_weight=0 191 170 144 123 4743 87 2029 1942 1697 1350 71 47 1279 980 926 900 54 605
internal_count=4934 191 170 144 123 4743 87 2029 1942 1697 1350 71 47 1279 980 926 900 54 605
is_linear=0
shrinkage=0.0461372


Tree=19
num_leaves=20
num_cat=0
split_feature=3 3 10 12 1 3 0 17 6 18 1 5 17 1 19 3 20 17 15
split_gain=1.52017 1.2368 0.888651 0.745195 0.67506 0.467357 0.74253 0.381648 0.511829 0.772285 0.683017 0.605624 0.792274 0.918139 0.870006 1.0642 0.484933 0.419847 0.383973
threshold=4.4250000000000007 5.9650000000000007 3.9999999999999871 -2 8.5272096956839468e-05 2.6050000000000004 0.0010988899644920446 -4.2499999999999973 -1.9999999999999793 -0.12017367570484337 9.0575871165587455e-05 7.4150000000000009 2.1666666666666727 0.0003034757790248153 -0.00067688656398329206 1.9950000000000003 0.00038363171982835903 -3.4999999999999996 -0.41499999999999992
decision_type=2 2 2 2 2 2 2 2 2 2 2 2 2 2 2 2 2 2 2
left_child=4 2 3 -2 -1 6 7 -6 11 -10 16 17 13 14 -13 -16 -11 -9 -12
right_child=1 -3 -4 -5 5 -7 -8 8 9 10 18 12 -14 -15 15 -17 -18 -19 -20
leaf_value=-0.00066258238228765617 0.0073888169663389666 -0.0022994476608179499 0.0020391867471101447 0.019217683050521767 -0.0015615274037935763 -0.0021153419372964819 0.0084283336247985008 0.0053571236151050564 0.0099995364485557046 0.0023781579149686964 -0.0026162991536316407 -0.003075805561578388 -0.0026900403279049084 0.012293248866780441 0.012735178568971947 -0.0010390093066268511 0.011440120257892641 -0.0012293845564260557 0.0011219851025137252
leaf_weight=2714 25 30 26 20 170 141 25 21 21 28 61 37 47 24 25 22 22 524 951
leaf_count=2714 25 30 26 20 170 141 25 21 21 28 61 37 47 24 25 22 22 524 951
internal_value=0 0.00547633 0.00876187 0.0126461 -0.000185591 0.000425335 0.000606445 0.000506318 0.000703477 0.00132565 0.00115413 -0.000259108 0.00226015 0.00441439 0.00216329 0.00628769 0.00636542 -0.000975592 0.000896654
internal_weight=0 101 71 45 4833 2119 1978 1953 1783 1083 1062 700 155 108 84 47 50 545 1012
internal_count=4934 101 71 45 4833 2119 1978 1953 1783 1083 1062 700 155 108 84 47 50 545 1012
is_linear=0
shrinkage=0.0456759


Tree=20
num_leaves=20
num_cat=0
split_feature=2 15 13 2 18 14 4 21 3 2 18 12 12 0 3 3 1 14 2
split_gain=1.90267 1.58177 1.49127 1.1111 0.679676 0.734422 1.50443 0.850757 0.633995 0.580944 0.631731 0.538472 0.46344 0.453335 0.392626 0.796242 0.667845 0.802278 0.602835
threshold=0.00021627578868432511 2.8450000000000002 0.58333333333335802 0.00031628170679248859 0.034269647546533062 0.39500000000000007 0.99999999999999545 0.0018080033535555764 3.1350000000000002 0.00023457935563335288 -0.11198602361778791 -5.0000000000000151 6.4999999999999956 0.00036480529136813123 1.5550000000000004 1.7850000000000004 9.7721174708813492e-05 2.3250000000000006 0.00014931661774489403
decision_type=2 2 2 2 2 2 2 2 2 2 2 2 2 2 2 2 2 2 2
left_child=8 4 3 -3 9 6 -6 -7 14 -2 -11 -12 -13 -4 -1 16 -16 18 -18
right_child=1 2 13 -5 5 7 -8 -9 -10 10 11 12 -14 -15 15 -17 17 -19 -20
leaf_value=-0.00061616506715924779 0.0074360006649432514 0.020231625848803031 -0.0043302123301795555 0.0068167620536052831 0.0020255271688495811 -0.0012108956581689942 0.017461682231751856 0.0096784009132534279 0.0071995528680937632 0.0071432696220775447 0.0059736955670579789 -0.0014353210239159077 0.004448078421724809 0.0061881222575902936 0.00057238435248533888 -0.00087537552076420331 0.0051339663113060506 0.012569393919637571 -0.0018577375110577455
leaf_weight=3197 29 29 21 33 38 71 27 24 28 30 31 351 37 20 300 491 103 26 44
leaf_count=3197 29 29 21 33 38 71 27 24 28 30 31 351 37 20 300 491 103 26 44
internal_value=0 0.00244959 0.00819901 0.0130915 0.0015214 0.00434215 0.00843747 0.00154008 -0.000299003 0.000577213 0.000134218 -0.000367623 -0.000874275 0.000800683 -0.000349462 0.000535029 0.00199911 0.00447319 0.00304121
internal_weight=0 741 103 62 638 160 65 95 4189 478 449 419 388 41 4161 964 473 173 147
internal_count=4930 741 103 62 638 160 65 95 4189 478 449 419 388 41 4161 964 473 173 147
is_linear=0
shrinkage=0.05


Tree=21
num_leaves=20
num_cat=0
split_feature=0 5 3 2 1 0 2 18 4 19 3 12 17 3 14 14 18 5 10
split_gain=1.77628 1.18824 1.36616 0.912195 0.812682 0.780197 1.02874 0.761237 0.689721 0.794894 0.572181 0.565243 0.543463 1.14024 0.529041 0.965353 0.522847 0.476755 1.55147
threshold=0.0010988899644920446 16.380000000000003 3.8450000000000002 0.00021627578868432511 0.00053737710335938812 0.00051712285860586768 0.00032410538890872992 0.034269647546533062 1.9999999999999964 -0.0014769463778393497 3.1350000000000002 -4.9999999999999956 0.50000000000000033 1.8350000000000002 1.8750000000000002 2.1350000000000002 -0.090647158817577997 2.5950000000000002 -1.0000000180025095e-35
decision_type=2 2 2 2 2 2 2 2 2 2 2 2 2 2 2 2 2 2 2
left_child=3 2 -2 10 5 7 -7 11 12 -10 17 -5 13 -9 16 -16 -13 18 -1
right_child=1 -3 -4 4 -6 6 -8 8 9 -11 -12 14 -14 -15 15 -17 -18 -19 -20
leaf_value=0.014332088965760626 0.0055971096653272129 -0.001874140609541665 0.022065951228141784 0.0086934098352988553 -0.0023254012085852172 0.016173203358345708 0.0025606901784028329 -0.001316835774252048 0.0035948267020285128 0.017691758070141079 0.0068395750331027173 0.0066983266245751157 -0.0023295156770583355 0.013796502615635595 0.010370588359056097 -0.00034121838558850618 -0.0015223072841763496 -0.00039834839525042134 -0.0019653053535148503
leaf_weight=23 34 23 20 21 105 23 35 26 20 20 28 21 33 24 33 58 245 4098 40
leaf_count=23 34 23 20 21 105 23 35 26 20 20 28 21 33 24 33 58 245 4098 40
internal_value=0 0.00764306 0.0116967 -1.11315e-05 0.00171066 0.00246877 0.00795876 0.00183321 0.00524989 0.0106433 -0.000284053 0.000721428 0.00265065 0.00593757 0.000252488 0.00354328 -0.00087331 -0.000331989 0.00398454
internal_weight=0 77 54 4853 664 559 58 501 123 40 4189 378 83 50 357 91 266 4161 63
internal_count=4930 77 54 4853 664 559 58 501 123 40 4189 378 83 50 357 91 266 4161 63
is_linear=0
shrinkage=0.05


Tree=22
num_leaves=20
num_cat=0
split_feature=0 8 8 2 1 0 17 18 15 14 14 3 17 22 9 5 10 3 3
split_gain=1.6031 1.12935 1.34357 0.823256 0.733445 0.704128 0.938271 0.687016 0.828811 0.837838 0.647687 0.516393 0.513431 0.906787 0.569499 0.430271 1.4002 0.414445 0.718608
threshold=0.0010988899644920446 -5.0000000000000009 1.0000000000000007 0.00021627578868432511 0.00053737710335938812 0.00051712285860586768 1.0000000000000122 0.034269647546533062 0.13500000000000004 1.5950000000000004 1.9950000000000003 3.1350000000000002 -3.0000000000000133 -6.205229875777539e-05 -0.99999999999998412 2.5950000000000002 -1.0000000180025095e-35 1.5550000000000004 1.7850000000000004
decision_type=2 2 2 2 2 2 2 2 2 2 2 2 2 2 2 2 2 2 2
left_child=3 -2 -3 11 5 7 -7 12 -9 -10 -11 15 13 -5 -15 16 -1 -17 -19
right_child=1 2 -4 4 -6 6 -8 8 9 10 -12 -13 -14 14 -16 17 -18 18 -20
leaf_value=0.013615484576186408 0.017149255850485393 -0.003154365293448791 0.012495627440512181 -0.0043249933607876307 -0.0022091311384879408 0.0029471817867536294 0.016326726637780668 0.013781555615026843 -0.00092925758084707103 0.014900397378951311 0.0027172803102682038 0.0064975962974131111 -0.00017769818164167867 0.013356704272043246 0.0024262242273173553 -0.00065730387106033826 -0.0018670400441624223 0.0019190690964539132 -0.00081168935328813051
leaf_weight=23 21 32 24 20 105 38 20 22 57 20 24 28 310 26 22 3134 40 473 491
leaf_count=23 21 32 24 20 105 38 20 22 57 20 24 28 310 26 22 3134 40 473 491
internal_value=0 0.00726091 0.00355277 -1.05749e-05 0.00162512 0.00234533 0.00756082 0.00174155 0.00498739 0.00307183 0.00825506 -0.00026985 0.000685357 0.00461987 0.0083469 -0.000315389 0.00378531 -0.000378431 0.000528195
internal_weight=0 77 56 4853 664 559 58 501 123 101 44 4189 378 68 48 4161 63 4098 964
internal_count=4930 77 56 4853 664 559 58 501 123 101 44 4189 378 68 48 4161 63 4098 964
is_linear=0
shrinkage=0.05


Tree=23
num_leaves=20
num_cat=0
split_feature=0 5 12 12 2 15 13 2 1 0 17 1 21 3 3 3 5 5 1
split_gain=1.44679 1.02124 1.22593 0.813988 0.579803 0.751132 2.00846 1.06487 0.854589 0.729762 0.642006 0.785841 0.494881 0.462347 0.413364 0.525786 0.816053 1.60434 1.59031
threshold=0.0010988899644920446 16.380000000000003 -1.0000000180025095e-35 11.500000000000002 0.00021627578868432511 2.8450000000000002 0.58333333333335802 0.00030863891306362771 0.0004192411074517845 0.00046613260520410522 -2.5000000000000004 0.00027255223134458733 0.00089222086574092263 2.3250000000000006 1.5550000000000004 1.7850000000000004 7.5150000000000006 8.2250000000000032 8.8545344073865536e-05
decision_type=2 2 2 2 2 2 2 2 2 2 2 2 2 2 2 2 2 2 2
left_child=3 2 -2 4 14 8 7 -7 9 10 11 12 -6 -12 -1 16 -16 18 -18
right_child=1 -3 -4 -5 5 6 -8 -9 -10 -11 13 -13 -14 -15 15 -17 17 -19 -20
leaf_value=-0.00055141776107146378 0.020099791245801107 -0.0019252389021541761 0.0046460644878221283 0.0088131466701340221 -0.0020394479712614647 0.019419803500175477 -0.0042151624585191408 0.0045122697463502058 -0.0022446377338235114 0.0086585323099751723 0.00095195054226288847 0.010636968812387852 0.0074809255965408829 -0.0046542811630801723 0.00078882409141725791 -0.0004826541580115967 -0.0001116661270233718 -0.0030990456405561419 0.016624887450598182
leaf_weight=3185 21 23 33 26 39 25 30 23 172 37 224 36 21 44 379 518 22 32 40
leaf_count=3185 21 23 33 26 39 25 30 23 172 37 224 36 21 44 379 518 22 32 40
internal_value=0 0.00689786 0.0106558 -1.00462e-05 -5.75711e-05 0.00133034 0.00593362 0.0122766 0.000703714 0.00196834 0.0012883 0.00479679 0.00129268 3.15244e-05 -0.000273934 0.00061788 0.00182312 0.00599329 0.0106861
internal_weight=0 77 54 4853 4827 651 78 48 573 401 364 96 60 268 4176 991 473 94 62
internal_count=4930 77 54 4853 4827 651 78 48 573 401 364 96 60 268 4176 991 473 94 62
is_linear=0
shrinkage=0.05


Tree=24
num_leaves=20
num_cat=0
split_feature=0 8 8 2 1 0 2 18 19 14 15 3 7 3 3 20 18 6 15
split_gain=1.30573 0.966724 1.18305 0.673596 0.607548 0.61021 1.21535 0.722246 0.745427 1.12817 1.07364 0.465356 0.391037 1.02267 1.36447 0.476819 0.440535 0.437554 0.360654
threshold=0.0010988899644920446 -5.0000000000000009 1.0000000000000007 0.00021627578868432511 0.00053737710335938812 0.00054901410283091925 0.00033799561729511385 0.034269647546533062 -0.0039359609059333436 1.6950000000000001 0.25500000000000006 3.1350000000000002 0.0013974297135425087 1.9750000000000003 2.3250000000000006 -0.00061715054425137683 0.0032362544282485976 -1.0000000180025095e-35 0.27500000000000008
decision_type=2 2 2 2 2 2 2 2 2 2 2 2 2 2 2 2 2 2 2
left_child=3 -2 -3 11 5 7 -7 12 -9 10 -10 -1 13 18 -15 -14 17 -17 -5
right_child=1 2 -4 4 -6 6 -8 8 9 -11 -12 -13 15 14 -16 16 -18 -19 -20
leaf_value=-0.0002873013680588165 0.015701686945699511 -0.0031715210527181628 0.011513822378280263 0.0032054111074942813 -0.002019668317266873 0.014306173087762936 -0.0013980187306349928 -0.0014611192650216469 0.011437542192637921 0.015170848791797956 -0.001904077117184275 0.0061802495670105727 -0.0038384026782039334 0.014800160912977112 0.00048958226883163058 0.00024004786211098063 -0.0043877324887684416 0.0075984938791201972 -0.0027362303330084763
leaf_weight=4161 21 32 24 39 105 28 22 34 25 30 38 28 85 31 36 58 28 31 74
leaf_count=4161 21 32 24 39 105 28 22 34 25 30 38 28 85 31 36 58 28 31 74
internal_value=0 0.00655297 0.0031222 -9.54387e-06 0.00147003 0.00212551 0.00739633 0.00160775 0.00487426 0.00719042 0.00339022 -0.000244071 0.000521768 0.00221644 0.00711089 -0.00098834 0.00108222 0.0028031 -0.000685575
internal_weight=0 77 56 4853 664 559 50 509 127 93 63 4189 382 180 67 202 117 89 113
internal_count=4930 77 56 4853 664 559 50 509 127 93 63 4189 382 180 67 202 117 89 113
is_linear=0
shrinkage=0.05


Tree=25
num_leaves=20
num_cat=0
split_feature=3 3 10 12 2 3 1 3 18 5 14 14 3 1 2 0 5 5 19
split_gain=1.13539 0.999179 0.740579 0.649641 0.433114 0.494547 0.534381 0.411986 0.407202 0.319149 0.425634 1.07015 0.638416 0.78964 0.424257 1.01624 0.701524 1.46532 0.471204
threshold=4.4250000000000007 5.9650000000000007 3.9999999999999871 -2 5.7198016849672018e-05 2.6050000000000004 0.00088222965584378379 0.56500000000000006 0.18726015890108852 3.0150000000000001 1.2350000000000001 1.155 1.5450000000000002 0.00015688383907975229 0.00023094253407232539 0.00010996034244006423 8.8850000000000033 9.6950000000000021 -0.001234035280885448
decision_type=2 2 2 2 2 2 2 2 2 2 2 2 2 2 2 2 2 2 2
left_child=4 2 3 -2 8 6 7 -6 -1 -9 11 -11 -13 -14 -12 -16 -17 -18 -19
right_child=1 -3 -4 -5 5 -7 -8 9 -10 10 14 12 13 -15 15 16 17 18 -20
leaf_value=-0.00085450825530304381 0.0068946138620376591 -0.0024969481614728773 0.0016683102083893922 0.018984660413116219 0.0065298435994638852 -0.0026345362113852078 0.0067661693465197459 -0.0018097078717756469 0.0055675918012857437 0.00059678740813832651 -0.00081392791203182689 0.0018024902237025468 0.017346886325288902 0.0036196546070277691 0.01190398091619665 -0.002440214996318241 0.015649846382439138 0.0054939547367393975 -0.0044820980329451894
leaf_weight=1946 25 30 26 20 26 147 32 183 25 1293 920 37 22 20 22 91 20 20 29
leaf_count=1946 25 30 26 20 26 147 32 183 25 1293 920 37 22 20 22 91 20 20 29
internal_value=0 0.00515372 0.0083864 0.012268 -0.000202684 0.000190116 0.000343053 0.000266445 -0.000773051 0.000205155 0.000354193 0.000941955 0.00659135 0.0108101 -0.000377578 0.00182815 0.000442723 0.00424486 -0.00041024
internal_weight=0 101 71 45 4833 2862 2715 2683 1971 2657 2474 1372 79 42 1102 182 160 69 49
internal_count=4934 101 71 45 4833 2862 2715 2683 1971 2657 2474 1372 79 42 1102 182 160 69 49
is_linear=0
shrinkage=0.05


Tree=26
num_leaves=20
num_cat=0
split_feature=3 3 19 19 2 3 1 3 18 22 20 3 7 5 7 20 3 15 0
split_gain=1.02469 0.901759 0.533212 0.416801 0.390886 0.446328 0.482279 0.371817 0.3675 0.311936 0.759861 1.0486 0.705495 0.478564 0.323616 0.446294 0.744628 0.571665 0.497489
threshold=4.4250000000000007 5.9650000000000007 0.0057319265997601851 -0.0032448730329202586 5.7198016849672018e-05 2.6050000000000004 0.00088222965584378379 0.56500000000000006 0.18726015890108852 -0.0010879090643044485 1.0000000180025095e-35 2.0250000000000004 0.014631543202270116 4.7650000000000006 -0.0033960588845197699 -0.0041287764148941189 2.2050000000000005 2.0250000000000004 5.1042222348080591e-05
decision_type=2 2 2 2 2 2 2 2 2 2 2 2 2 2 2 2 2 2 2
left_child=4 2 3 -2 8 6 7 -6 -1 10 11 12 -9 -14 15 18 -17 -18 -11
right_child=1 -3 -4 -5 5 -7 -8 9 -10 14 -12 -13 13 -15 -16 16 17 -19 -20
leaf_value=-0.0008117828166872295 0.0064189216466965507 -0.0023721007723361259 0.0010478002019226552 0.015474832903904221 0.0062033515566816697 -0.0025028094326202972 0.0064278612087946387 -0.00029975064503757852 0.0052892124280333524 0.0036315770711489886 -0.0012186221087411527 0.013392308998852968 0.012381305011070293 0.0024801121272433266 -0.00048232061957225288 0.00084592467119470676 0.0011289803683757784 0.011219960602466017 -0.0023328736080803019
leaf_weight=1946 27 30 20 24 26 147 32 92 25 43 124 25 23 26 1396 684 25 32 187
leaf_count=1946 27 30 20 24 26 147 32 92 25 43 124 25 23 26 1396 684 25 32 187
internal_value=0 0.00489604 0.00796708 0.0106805 -0.00019255 0.00018061 0.0003259 0.000253123 -0.000734398 0.000194897 0.00174267 0.00395472 0.00228139 0.00712761 5.26683e-06 0.000706268 0.00130348 0.00679409 -0.00121778
internal_weight=0 101 71 51 4833 2862 2715 2683 1971 2657 290 166 141 49 2367 971 741 57 230
internal_count=4934 101 71 51 4833 2862 2715 2683 1971 2657 290 166 141 49 2367 971 741 57 230
is_linear=0
shrinkage=0.05


Tree=27
num_leaves=20
num_cat=0
split_feature=3 3 10 12 2 14 15 14 21 21 11 11 0 18 1 8 4 3 7
split_gain=0.924785 0.813838 0.664842 0.580611 0.352774 0.436561 1.76072 0.533764 0.567079 0.413539 0.814765 1.90779 0.387237 0.331669 0.297588 0.480193 0.498277 0.440373 0.767694
threshold=4.4250000000000007 5.9650000000000007 3.9999999999999871 -2 5.7198016849672018e-05 1.2350000000000001 2.0350000000000006 1.155 0.0019453360896689589 0.008233083898849693 -3.4999999999999472 2.0000000000000244 0.00083847046510839821 0.18726015890108852 0.00015688383907975229 -6.9999999999999885 0.49999999999999495 1.5550000000000004 0.0013974297135425087
decision_type=2 2 2 2 2 2 2 2 2 2 2 2 2 2 2 2 2 2 2
left_child=4 2 3 -2 13 6 7 9 -9 14 -11 -12 -7 -1 15 -6 17 -17 -19
right_child=1 -3 -4 -5 5 12 -8 8 -10 10 11 -13 -14 -15 -16 16 -18 18 -20
leaf_value=-0.00077119371312970014 0.0061666077971458434 -0.0022534957838555177 0.0012034162807349977 0.017596286199986936 0.0076862403890118006 -0.00064807562092994669 0.014763220687481491 0.0088019993203954823 -0.000257991194244354 -0.0046759271728140971 0.01510711704613641 -0.0027642077766358852 0.0060446942563761371 0.0050247515887022025 -0.0007567151218418267 -0.00070008160342482754 0.0025412447111589228 0.0087766520998307628 -0.0014869484609287037
leaf_weight=1946 25 30 26 20 24 1227 22 39 31 21 32 28 22 25 572 548 223 35 38
leaf_count=1946 25 30 26 20 24 1227 22 39 31 21 32 28 22 25 572 548 223 35 38
internal_value=0 0.00465124 0.00756873 0.0112465 -0.000182922 0.00017158 0.000714983 0.000520727 0.00478972 0.000324258 0.00380044 0.00676717 -0.000530189 -0.000697678 0.000128722 0.000712214 0.0005139 -0.000214116 0.00343396
internal_weight=0 101 71 45 4833 2862 1613 1591 70 1521 81 60 1249 1971 1440 868 844 621 73
internal_count=4934 101 71 45 4833 2862 1613 1591 70 1521 81 60 1249 1971 1440 868 844 621 73
is_linear=0
shrinkage=0.05


Tree=28
num_leaves=20
num_cat=0
split_feature=3 3 19 19 5 9 2 3 0 18 7 21 18 0 1 9 4 22 20
split_gain=0.834619 0.734489 0.463689 0.385173 0.335066 1.22731 0.337846 0.384742 0.444178 0.409984 0.346191 0.576738 0.56473 0.612768 0.591377 0.821214 0.679408 0.420286 1.10762
threshold=4.4250000000000007 5.9650000000000007 0.0057319265997601851 -0.0032448730329202586 2.5950000000000002 0.50000000000005607 5.8387701859070782e-05 2.6050000000000004 0.0010988899644920446 0.11428312379110241 -0.0033960588845197699 0.0036459952716770831 0.051502692632686371 0.00022014586789512687 0.00011722198587915451 1.9999999999999993 -0.99999999999998412 -0.0010879090643044485 -0.0026578792051937801
decision_type=2 2 2 2 2 2 2 2 2 2 2 2 2 2 2 2 2 2 2
left_child=4 2 3 -2 5 -1 -6 8 9 10 11 -8 13 14 16 -16 -13 18 -12
right_child=1 -3 -4 -5 6 -7 7 -9 -10 -11 17 12 -14 -15 15 -17 -18 -19 -20
leaf_value=0.012406465581928691 0.0056239401024800765 -0.0021408208180218936 0.00073784492909908291 0.014329478206733862 -0.00072826123851187086 -0.0016498046059330756 0.00053491694110435241 -0.0023625063272763275 0.0068984344303607949 -0.0023011507496673179 0.008657741298278173 0.0083963900042528464 0.010852880535336833 -0.0042224419820639817 0.0019856499396264551 0.014934186295916639 -0.002249936202659886 -0.00041934766998507554 -0.0002391247844049173
leaf_weight=24 27 30 20 24 1955 44 803 147 25 154 48 22 24 27 25 24 47 1335 129
leaf_count=24 27 30 20 24 1955 44 803 147 25 154 48 22 24 27 25 24 47 1335 129
internal_value=0 0.00441867 0.00719029 0.00972066 -0.000173776 0.00331123 -0.00022351 0.000127661 0.00026512 0.000202257 0.000357461 0.00109366 0.00374851 0.00257262 0.00412742 0.00832779 0.00114454 -0.00011581 0.00217358
internal_weight=0 101 71 51 4833 68 4765 2810 2663 2638 2484 972 169 145 118 49 69 1512 177
internal_count=4934 101 71 51 4833 68 4765 2810 2663 2638 2484 972 169 145 118 49 69 1512 177
is_linear=0
shrinkage=0.05


Tree=29
num_leaves=20
num_cat=0
split_feature=3 3 10 16 2 3 3 5 10 2 18 7 21 20 6 18 16 6 3
split_gain=0.753243 0.662876 0.597193 0.589022 0.307594 0.778071 0.456656 0.302551 1.28639 0.307519 0.376167 0.405672 0.586586 0.485672 0.522846 0.448523 0.404217 0.374696 0.553087
threshold=4.4250000000000007 5.9650000000000007 3.9999999999999871 -4.2499999999999973 0.00065272114878945785 2.2450000000000006 3.2150000000000003 2.5950000000000002 -1.0000000180025095e-35 5.8387701859070782e-05 0.11428312379110241 -0.0057578797658330285 0.0054847773356236926 -0.0033736454638501052 -1.0000000180025095e-35 0.081805189363060485 -3.9999999999999951 8.7499999999999929 2.2050000000000005
decision_type=2 2 2 2 2 2 2 2 2 2 2 2 2 2 2 2 2 2 2
left_child=4 2 3 -2 6 -6 7 8 -1 -9 11 12 17 -14 -15 -13 -17 18 -11
right_child=1 -3 -4 -5 5 -7 -8 9 -10 10 -12 15 13 14 -16 16 -18 -19 -20
leaf_value=0.013089843907139518 0.0042009790206239336 -0.0020337798167020084 0.00079799401932037798 0.015667367121204735 0.011431817319244147 -0.00080874063880056958 -0.0057418473920709387 -0.00069184819950967496 -0.0016102387650829297 0.00071710333115316063 -0.0022371152368716048 -0.00033310413551355467 0.00098592671923912489 0.002754463441669941 0.013456245310604574 0.009508115798234941 0.00075847220917542779 -0.001792722537368536 0.0055351204090667051
leaf_weight=22 21 30 26 24 20 37 37 1955 46 611 158 1616 39 21 25 22 33 125 66
leaf_count=22 21 30 26 24 20 37 37 1955 46 611 158 1616 39 21 25 22 33 125 66
internal_value=0 0.00419774 0.00683078 0.0103164 -0.000165087 0.00348619 -0.000208664 -0.000165463 0.00314567 -0.000213667 0.000130533 0.000276775 0.00114101 0.0050906 0.00857065 -0.00018198 0.00425833 0.000722416 0.00118681
internal_weight=0 101 71 45 4833 57 4776 4739 68 4671 2716 2558 887 85 46 1671 55 802 677
internal_count=4934 101 71 45 4833 57 4776 4739 68 4671 2716 2558 887 85 46 1671 55 802 677
is_linear=0
shrinkage=0.05


end of trees

feature_importances:
f_3=80
f_1=59
f_2=50
f_5=35
f_15=34
f_0=31
f_18=31
f_14=29
f_20=24
f_21=23
f_17=22
f_6=21
f_10=18
f_22=17
f_8=15
f_4=14
f_7=14
f_12=13
f_19=10
f_13=9
f_9=8
f_11=7
f_16=6

parameters:
[boosting: gbdt]
[objective: regression]
[metric: binary_logloss]
[tree_learner: serial]
[device_type: cpu]
[data: ]
[valid: ]
[num_iterations: 10]
[learning_rate: 0.05]
[num_leaves: 20]
[num_threads: 0]
[deterministic: 0]
[force_col_wise: 0]
[force_row_wise: 0]
[histogram_pool_size: -1]
[max_depth: -1]
[min_data_in_leaf: 20]
[min_sum_hessian_in_leaf: 0.001]
[bagging_fraction: 0.7]
[pos_bagging_fraction: 1]
[neg_bagging_fraction: 1]
[bagging_freq: 5]
[bagging_seed: 3]
[feature_fraction: 0.9]
[feature_fraction_bynode: 1]
[feature_fraction_seed: 2]
[extra_trees: 0]
[extra_seed: 6]
[early_stopping_round: 0]
[first_metric_only: 0]
[max_delta_step: 0]
[lambda_l1: 0]
[lambda_l2: 0]
[linear_lambda: 0]
[min_gain_to_split: 0]
[drop_rate: 0.1]
[max_drop: 50]
[skip_drop: 0.5]
[xgboost_dart_mode: 0]
[uniform_drop: 0]
[drop_seed: 4]
[top_rate: 0.2]
[other_rate: 0.1]
[min_data_per_group: 100]
[max_cat_threshold: 32]
[cat_l2: 10]
[cat_smooth: 10]
[max_cat_to_onehot: 4]
[top_k: 20]
[monotone_constraints: ]
[monotone_constraints_method: basic]
[monotone_penalty: 0]
[feature_contri: ]
[forcedsplits_filename: ]
[refit_decay_rate: 0.9]
[cegb_tradeoff: 1]
[cegb_penalty_split: 0]
[cegb_penalty_feature_lazy: ]
[cegb_penalty_feature_coupled: ]
[path_smooth: 0]
[interaction_constraints: ]
[verbosity: 0]
[saved_feature_importance_type: 0]
[linear_tree: 0]
[max_bin: 255]
[max_bin_by_feature: ]
[min_data_in_bin: 3]
[bin_construct_sample_cnt: 200000]
[data_random_seed: 1]
[is_enable_sparse: 1]
[enable_bundle: 1]
[use_missing: 1]
[zero_as_missing: 0]
[feature_pre_filter: 1]
[pre_partition: 0]
[two_round: 0]
[header: 0]
[label_column: ]
[weight_column: ]
[group_column: ]
[ignore_column: ]
[categorical_feature: ]
[forcedbins_filename: ]
[precise_float_parser: 0]
[objective_seed: 5]
[num_class: 1]
[is_unbalance: 0]
[scale_pos_weight: 1]
[sigmoid: 1]
[boost_from_average: 1]
[reg_sqrt: 0]
[alpha: 0.9]
[fair_c: 1]
[poisson_max_delta_step: 0.7]
[tweedie_variance_power: 1.5]
[lambdarank_truncation_level: 30]
[lambdarank_norm: 1]
[label_gain: ]
[eval_at: ]
[multi_error_top_k: 1]
[auc_mu_weights: ]
[num_machines: 1]
[local_listen_port: 12400]
[time_out: 120]
[machine_list_filename: ]
[machines: ]
[gpu_platform_id: -1]
[gpu_device_id: -1]
[gpu_use_dp: 0]
[num_gpu: 1]

end of parameters

pandas_categorical:[]
