tree
version=v3
num_class=1
num_tree_per_iteration=1
label_index=0
max_feature_idx=22
objective=regression
feature_names=f_0 f_1 f_2 f_3 f_4 f_5 f_6 f_7 f_8 f_9 f_10 f_11 f_12 f_13 f_14 f_15 f_16 f_17 f_18 f_19 f_20 f_21 f_22
feature_infos=[2.811842593898112e-07:0.0089292451603560918] [2.1333248529010825e-06:0.0055990001705921817] [4.7857545124566229e-06:0.003721014941950642] [0.53000000000000003:6.5599999999999996] [-33.000000000000007:48] [2.4100000000000001:21.82] [-101.00000000000016:144.99999999999994] [-3.0196613872200984:0.53086419753086433] [-81:74] [-46:33.999999999999986] [-51.000000000000021:33.999999999999986] [-33.000000000000007:29.000000000000004] [-41:96.000000000000014] [-36.000000000000007:32.999999999999986] [-0.83999999999999997:2.9100000000000001] [-1.3200000000000001:3.8500000000000001] [-52:73.999999999999972] [-28.000000000000004:24.000000000000004] [-0.29572649572649579:1.1559792027729636] [-0.02958455728073861:0.047292143401983289] [-0.054746473503621829:0.033993115318416534] [-0.078445945945946005:0.045346674363414774] [-0.019984292877423981:0.018327052533256172]
tree_sizes=1825 1844 1877 1868 1849 1858 1872 1870 1864 1882 1892 1859 1914 1876 1901 1885 1891 1907 1896 1869 1895 1884 1915 1876 1863 1889 1875 1893 1885 1887

Tree=0
num_leaves=20
num_cat=0
split_feature=1 3 18 20 2 22 2 1 12 22 14 15 2 15 14 1 3 0 3
split_gain=11.0551 4.59768 2.32141 2.22455 2.22078 1.67585 2.02572 1.39006 1.34687 1.32675 1.60671 1.73128 1.70003 1.33714 2.92945 2.37393 2.78201 1.82844 2.04174
threshold=7.3119629869728073e-05 1.1450000000000002 0.2188821236353358 0.0076067382635651723 0.00049118316245852273 0.003136960419897528 0.00019120922719875522 0.00012712800746581592 -2.249999999999996 -0.00021347050209158389 1.2625000000000004 1.6250000000000002 0.00035122480228746712 2.8650000000000007 2.3550000000000004 0.00015506521994236672 1.8650000000000004 0.00014817706423536872 1.8950000000000002
decision_type=2 2 2 2 2 2 2 2 2 2 2 2 2 2 2 2 2 2 2
left_child=-1 8 3 5 7 9 -7 -5 -2 10 11 -3 -12 -11 15 -15 -17 -16 -19
right_child=1 2 -4 4 -6 6 -8 -9 -10 13 12 -13 -14 14 17 16 -18 18 -20
leaf_value=0.097744170902555938 0.10891419121927409 0.1063510342950624 0.11699608777099824 0.11320619415397695 0.12012108777099822 0.12369251634242681 0.10281339546330592 0.10291925290861291 0.097839534372939976 0.10084142675404908 0.099817220367683313 0.12012108777099822 0.11067664332655379 0.10153134418125465 0.095702483119835438 0.12904965919956968 0.10827898250784034 0.12012108777099822 0.10038424566573508
leaf_weight=2478 29 187 32 47 34 21 26 109 515 944 181 26 45 39 86 28 38 20 38
leaf_count=2478 29 187 32 47 34 21 26 109 515 944 181 26 45 39 86 28 38 20 38
internal_value=0.100127 0.102483 0.103643 0.103414 0.108542 0.102834 0.112142 0.106019 0.0984299 0.102566 0.104916 0.108032 0.101979 0.101701 0.10496 0.111312 0.117091 0.100329 0.10719
internal_weight=0 2445 1901 1869 190 1679 47 156 544 1632 439 213 226 1193 249 105 66 144 58
internal_count=4923 2445 1901 1869 190 1679 47 156 544 1632 439 213 226 1193 249 105 66 144 58
is_linear=0
shrinkage=1


Tree=1
num_leaves=20
num_cat=0
split_feature=1 3 5 18 3 8 3 3 5 3 14 3 5 3 1 14 5 1 1
split_gain=9.97721 4.15579 5.65523 2.48759 1.89104 3.27305 2.08676 1.96801 1.39699 5.90539 1.98384 1.83177 1.43169 3.37714 4.52638 3.9864 3.01556 2.02529 1.79609
threshold=7.3119629869728073e-05 1.0550000000000004 3.6450000000000005 0.2188821236353358 4.1000000000000005 1.5000000000000009 2.5250000000000004 1.2450000000000003 4.5050000000000008 1.3550000000000002 0.17500000000000002 1.425 6.9350000000000014 1.885 0.00026262354050325551 0.99500000000000011 7.1950000000000012 0.00020079511805789333 0.00032148717581161789
decision_type=2 2 2 2 2 2 2 2 2 2 2 2 2 2 2 2 2 2 2
left_child=-1 -2 -3 4 6 -6 7 -4 9 -9 -11 -12 -10 14 15 -14 -17 -18 -15
right_child=1 2 3 -5 5 -7 -8 8 12 10 11 -13 13 18 -16 16 17 -19 -20
leaf_value=-0.0022641255639800151 -0.0021203316489788776 0.022317241034225416 -0.0014493119804668024 0.016249075247084393 0.0040936514866702694 0.024076803884020559 -0.003023277188456336 -0.001423527981028145 0.0014344746663786535 0.029210846885465658 0.023286598495074681 0.003751555896763291 0.029373149689415408 -0.0020070039170483746 -0.0034009245907266937 0.025235599737900957 0.0047497741266020709 0.021759387087076906 0.0067091356878253546
leaf_weight=2478 447 38 237 34 85 27 172 81 706 26 21 28 29 180 60 26 140 20 88
leaf_count=2478 447 38 237 34 85 27 172 81 706 26 21 28 29 180 60 26 140 20 88
internal_value=0 0.00223781 0.00321283 0.00284244 0.00260577 0.00891102 0.00221647 0.00276534 0.00347628 0.00793743 0.0180473 0.0121237 0.00291908 0.00484934 0.00874199 0.0121307 0.00944237 0.00687598 0.000855012
internal_weight=0 2445 1998 1960 1926 112 1814 1642 1405 156 75 49 1249 543 275 215 186 160 268
internal_count=4923 2445 1998 1960 1926 112 1814 1642 1405 156 75 49 1249 543 275 215 186 160 268
is_linear=0
shrinkage=0.05


Tree=2
num_leaves=20
num_cat=0
split_feature=1 3 5 11 20 5 2 17 5 11 11 12 15 1 3 14 15 2 3
split_gain=9.00443 3.80595 5.76372 1.80167 1.64365 1.61993 2.19678 1.50359 1.26993 1.77079 1.20218 1.14991 1.09466 2.71309 5.48655 2.27247 6.41299 2.95784 3.14609
threshold=7.3119629869728073e-05 1.1450000000000002 3.6850000000000005 -10.00000000000003 0.0083232278054157244 4.7250000000000005 0.00049118316245852273 -3.4999999999999996 5.495000000000001 -6.7499999999999662 -7.4999999999999725 -2.249999999999996 2.8650000000000007 0.00015506521994236672 1.7750000000000001 1.2350000000000001 1.925 0.00015634692440774664 1.7350000000000001
decision_type=2 2 2 2 2 2 2 2 2 2 2 2 2 2 2 2 2 2 2
left_child=8 11 -3 7 10 -6 -7 -4 -1 -10 -5 -2 15 -14 -15 16 17 18 -12
right_child=1 2 3 4 5 6 -8 -9 9 -11 12 -13 13 14 -16 -17 -18 -19 -20
leaf_value=-0.0026311451675636432 0.0081256459370769307 0.029230728071360363 0.0056741368667832734 -0.0039263276878414273 0.020380584594039693 0.0021163802804811944 0.017646613190400191 0.020342790603637695 0.011402468591490213 -0.00055888598503241703 0.004923329053615982 -0.0021072689313622358 0.00011253814332019119 0.03363967544975735 0.0059703762414025485 -0.00058064320859250052 0.029062360618263484 0.00030077214853293236 0.02147903104848934
leaf_weight=2100 29 21 58 79 21 106 29 25 34 344 220 515 133 21 122 568 24 441 33
leaf_count=2100 29 21 58 79 21 106 29 25 34 344 220 515 133 21 122 568 24 441 33
internal_value=0 0.00212592 0.00318121 0.00289023 0.00255757 0.00746205 0.0054525 0.0100924 -0.00215092 0.000517003 0.00209133 -0.00156176 0.00239568 0.00525285 0.0100337 0.00178248 0.00365192 0.00277317 0.00708277
internal_weight=0 2445 1901 1880 1797 156 135 83 2478 378 1641 544 1562 276 143 1286 718 694 253
internal_count=4923 2445 1901 1880 1797 156 135 83 2478 378 1641 544 1562 276 143 1286 718 694 253
is_linear=0
shrinkage=0.05


Tree=3
num_leaves=20
num_cat=0
split_feature=1 3 5 3 8 3 16 15 15 3 2 11 2 11 5 3 21 17 15
split_gain=8.1265 3.44354 4.65399 1.50701 3.23039 2.41777 1.44992 1.21546 1.16161 1.98639 1.05144 1.05951 1.26573 1.04912 1.00736 5.04266 1.61413 1.25182 1.65167
threshold=7.3119629869728073e-05 1.2450000000000003 3.9250000000000003 3.6400000000000001 1.5000000000000009 2.5250000000000004 9.0000000000000195 0.065000000000000016 3.6250000000000004 1.635 6.5815682046914626e-05 -10.00000000000003 0.00029961794808363559 -6.9999999999999609 4.5050000000000008 1.3550000000000002 -0.0012493413576649124 2.1666666666666727 0.25500000000000006
decision_type=2 2 2 2 2 2 2 2 2 2 2 2 2 2 2 2 2 2 2
left_child=8 7 -3 5 6 10 -5 -2 -1 -10 -4 12 -12 -13 15 -15 -17 18 -16
right_child=1 2 3 4 -6 -7 -8 -9 9 -11 11 13 -14 14 17 16 -18 -19 -20
leaf_value=-0.0021955212932309987 0.0076965056168727388 0.025571867191921113 -0.0030235895801049018 0.00010495730068372643 0.023190739138850145 -0.0031737360144089796 0.014159332051873209 -0.0013799999429679969 -0.0029372975762401309 0.017694135122001169 0.017924203406329508 -0.0019567789980670909 0.0013286500237882138 -0.003358096385543997 0.009163694373435444 0.026496554262660166 0.010752360495488819 0.00021598233530918757 0.0031068205140101857
leaf_weight=2430 39 23 65 69 28 167 25 680 28 20 27 91 20 55 135 27 41 276 677
leaf_count=2430 39 23 65 69 28 167 25 680 28 20 27 91 20 55 135 27 41 276 677
internal_value=0 0.00201962 0.00323072 0.00292899 0.00828333 0.00251581 0.00384282 -0.000887672 -0.00204337 0.00565913 0.00318777 0.00348706 0.0108623 0.00322083 0.0036099 0.00789885 0.0170037 0.00312503 0.00411381
internal_weight=0 2445 1726 1703 122 1581 94 719 2478 48 1414 1349 47 1302 1211 123 68 1088 812
internal_count=4923 2445 1726 1703 122 1581 94 719 2478 48 1414 1349 47 1302 1211 123 68 1088 812
is_linear=0
shrinkage=0.05


Tree=4
num_leaves=20
num_cat=0
split_feature=1 3 18 15 1 3 8 15 3 16 15 3 15 14 3 3 1 15 2
split_gain=7.34541 3.12044 2.01215 1.75181 3.9851 1.72584 2.60066 1.57344 1.37391 1.15177 1.11821 1.75412 1.10055 5.40735 3.02463 2.05815 2.56658 3.52559 1.52952
threshold=6.7444728556577115e-05 1.0150000000000003 0.2188821236353358 0.25500000000000006 9.1926422675654026e-05 4.1000000000000005 1.5000000000000009 -0.014999999999999998 2.5250000000000004 9.0000000000000195 3.6250000000000004 1.635 1.6450000000000002 0.43500000000000005 1.635 1.7950000000000002 0.00017190774420111076 2.8650000000000007 0.00019431273379102616
decision_type=2 2 2 2 2 2 2 2 2 2 2 2 2 2 2 2 2 2 2
left_child=10 -2 3 4 7 8 9 -3 12 -7 -1 -12 18 -14 -15 16 -16 -18 -5
right_child=1 2 -4 5 -6 6 -8 -9 -10 -11 11 -13 13 14 15 -17 17 -19 -20
leaf_value=-0.0022045116364411452 -0.0020910868141362925 0.0070796673931181435 0.013996327099831483 0.0021990713495803585 0.0032505833052509413 -3.4982867298587676e-05 0.021322688708702724 0.024753772051018828 -0.0028130841023963076 0.0130659860437331 -0.0027272792050132048 0.016809428725391626 0.02104431934654713 -0.0017694968667706389 0.005361397298811763 0.0024468848426338462 0.005817666260356253 0.034459384566261651 -0.0026697640442380718
leaf_weight=2299 426 20 38 439 254 62 27 34 174 23 27 20 40 298 108 336 22 21 255
leaf_count=2299 426 20 38 439 254 62 27 34 174 23 27 20 40 298 108 336 22 21 255
internal_value=0 0.00181855 0.00259284 0.00238776 0.00587295 0.00179306 0.00780412 0.0182078 0.0013954 0.00350999 -0.00204843 0.00558621 0.00187748 0.00311186 0.0021981 0.00462591 0.00947461 0.0198055 0.00041009
internal_weight=0 2577 2151 2113 308 1805 112 54 1693 85 2346 47 1519 825 785 487 151 43 694
internal_count=4923 2577 2151 2113 308 1805 112 54 1693 85 2346 47 1519 825 785 487 151 43 694
is_linear=0
shrinkage=0.05


Tree=5
num_leaves=20
num_cat=0
split_feature=5 14 14 3 5 2 13 1 3 5 0 12 2 3 5 1 5 16 5
split_gain=7.00877 2.677 2.59213 2.55044 2.9871 5.15584 1.96306 1.99178 1.78955 1.74874 1.946 1.72966 1.60517 1.34758 3.88371 1.43516 1.33841 1.6501 1.35986
threshold=6.9750000000000005 0.35500000000000004 2.0950000000000002 1.0150000000000003 3.6650000000000005 6.0337582335195387e-05 -8.0000000000000018 0.00046152713966101001 1.6150000000000004 2.6250000000000004 6.1646629545093192e-05 -1 2.0032917427379925e-05 1.3450000000000004 4.5050000000000008 0.00016927584767386896 9.6150000000000002 6.2500000000000009 7.8750000000000009
decision_type=2 2 2 2 2 2 2 2 2 2 2 2 2 2 2 2 2 2 2
left_child=1 3 6 9 5 12 -2 11 -3 10 -1 -8 -5 -6 15 -15 17 18 -13
right_child=2 8 -4 4 13 -7 7 -9 -10 -11 -12 16 -14 14 -16 -17 -18 -19 -20
leaf_value=0.014918567168135798 0.020798097513616085 -0.0026760927250242643 -0.00065023810679062466 0.013077556379139425 -0.00031642535943990249 0.025701028025812575 -0.00019820861687714405 -0.00095242331696658578 0.00073316104536097016 -0.0026615884946067626 -0.0045254788276824082 0.011020731839484403 -0.0044224433600902561 0.0073808205210500301 0.0011258911940136126 0.02327048438290755 0.015453767467369426 -0.0015930233040341625 0.0047140405031627624
leaf_weight=31 20 2106 244 20 453 36 88 119 471 551 22 168 38 27 224 30 47 54 174
leaf_count=31 20 2106 244 20 453 36 88 119 471 551 22 168 38 27 224 30 47 54 174
internal_value=0 -0.00108984 0.00376209 0.000643415 0.00244564 0.0108376 0.00536897 0.00489423 -0.00205298 -0.00182719 0.00684745 0.0062045 0.00161204 0.00137092 0.00409109 0.0157438 0.00747637 0.00652955 0.00781206
internal_weight=0 4009 914 1432 828 94 670 650 2577 604 53 531 58 734 281 57 443 396 342
internal_count=4923 4009 914 1432 828 94 670 650 2577 604 53 531 58 734 281 57 443 396 342
is_linear=0
shrinkage=0.05


Tree=6
num_leaves=20
num_cat=0
split_feature=5 14 15 14 13 1 3 5 15 15 14 1 5 3 3 3 3 3 3
split_gain=6.32541 2.416 3.84852 2.3394 1.77166 1.79758 1.74226 2.45468 1.71224 4.72592 2.85134 3.13911 2.65386 2.52915 1.85341 1.7685 1.7054 4.26553 1.61507
threshold=6.9750000000000005 0.35500000000000004 1.8950000000000002 2.0950000000000002 -8.0000000000000018 0.00046152713966101001 1.0150000000000003 3.3750000000000004 0.28500000000000009 -0.034999999999999996 1.7650000000000003 0.00033002821698263244 7.7550000000000008 1.5350000000000004 3.0950000000000002 2.3250000000000006 0.87500000000000011 0.79500000000000015 1.6150000000000004
decision_type=2 2 2 2 2 2 2 2 2 2 2 2 2 2 2 2 2 2 2
left_child=1 2 6 4 -2 8 16 -8 9 -6 13 12 -12 -10 -15 -13 17 -1 -3
right_child=3 18 -4 -5 5 -7 7 -9 10 -11 11 15 -14 14 -16 -17 -18 -19 -20
leaf_value=-0.0014685817476775911 0.019758192636072636 -0.0025422880786903565 0.022390736527740956 -0.00061772617312972667 0.0036915264837443828 -0.00090480214219634282 0.019117927141487599 0.0013805814394290607 0.014626747893635184 0.032982806648526874 0.016236313237723978 0.028913435284738189 0.0017440458992496134 -0.001730605020699367 0.014188890568912031 0.0098158868537707774 -0.0039540640852400956 0.016183885922882616 0.00069650301270803841
leaf_weight=207 20 2106 20 244 40 119 20 789 32 21 44 27 112 213 20 22 355 41 471
leaf_count=207 20 2106 20 244 40 119 20 789 32 21 44 27 112 213 20 22 355 41 471
internal_value=0 -0.00103535 0.000611245 0.00357399 0.00510052 0.00464952 0.000302753 0.00181908 0.00589427 0.0137754 0.0048714 0.00929924 0.00583161 0.00144609 -0.000364125 0.020339 -0.00173159 0.00144977 -0.00195033
internal_weight=0 4009 1432 914 670 650 1412 809 531 61 470 205 156 265 233 49 603 248 2577
internal_count=4923 4009 1432 914 670 650 1412 809 531 61 470 205 156 265 233 49 603 248 2577
is_linear=0
shrinkage=0.05


Tree=7
num_leaves=20
num_cat=0
split_feature=5 2 14 13 2 15 5 2 21 15 15 14 3 3 1 3 5 15 2
split_gain=5.70869 2.18289 2.11131 1.59893 1.70334 1.49539 2.36064 1.3677 1.36657 1.31333 4.94926 2.15 1.26413 1.20305 2.43467 1.54575 1.25512 1.81043 3.68143
threshold=6.9750000000000005 0.00012576730715917398 2.0950000000000002 -8.0000000000000018 0.00069406867351463257 1.6250000000000002 6.6250000000000009 0.0005349959132697346 -0.0054560294838851822 0.28500000000000009 -0.034999999999999996 1.0950000000000004 0.56500000000000006 2.4450000000000007 0.00031305571796313986 3.1350000000000002 7.1950000000000012 1.6950000000000001 0.00011636384181651776
decision_type=2 2 2 2 2 2 2 2 2 2 2 2 2 2 2 2 2 2 2
left_child=1 12 3 -2 7 -3 8 9 -7 10 -5 -11 -1 14 16 -15 -13 18 -18
right_child=2 5 -4 4 -6 6 -8 -9 -10 11 -12 13 -14 15 -16 -17 17 -19 -20
leaf_value=0.0095923031866550455 0.01877028338611126 0.00023082813312267438 -0.00058683989355798631 0.0021368071119836035 -0.0035364272103446427 0.021390507835894825 -0.0035147559940814973 0.014975284226238728 0.0069836802059604275 -0.0052123653181528644 0.031333666348031593 0.012735481135720431 -0.0016963439986340759 -0.0022483588049286292 0.01815070291981101 0.011119183605270727 0.026492396547742516 0.00093653426445715619 -0.00050489443487354688
leaf_weight=25 20 725 244 47 61 20 50 34 93 59 21 43 3096 95 40 28 23 171 28
leaf_count=25 20 725 244 47 61 20 50 34 93 59 21 43 3096 95 40 28 23 171 28
internal_value=0 -0.000983579 0.00339529 0.0048455 0.00441704 0.00120372 0.00553101 0.00524075 0.00953356 0.0046444 0.0111535 0.00373553 -0.00160592 0.004969 0.00665242 0.000794659 0.00491683 0.00340241 0.0116704
internal_weight=0 4009 914 670 650 888 163 589 113 555 68 487 3121 428 305 123 265 222 51
internal_count=4923 4009 914 670 650 888 163 589 113 555 68 487 3121 428 305 123 265 222 51
is_linear=0
shrinkage=0.05


Tree=8
num_leaves=20
num_cat=0
split_feature=5 14 15 14 3 5 3 3 13 1 18 2 12 0 5 15 14 3 14
split_gain=5.15209 2.12547 3.33566 1.90546 1.53339 2.22188 1.50452 3.91334 1.44303 1.58114 1.55595 1.49949 1.79404 1.75463 2.145 3.21528 3.19738 1.41568 1.3518
threshold=6.9750000000000005 0.35500000000000004 1.8950000000000002 2.0950000000000002 1.0150000000000003 3.3750000000000004 0.87500000000000011 0.77500000000000013 -8.0000000000000018 0.00046152713966101001 0.091673248698042067 0.00045753307835964309 1.0000000000000122 0.00044964228256181459 8.0250000000000004 0.28500000000000009 1.8050000000000004 1.6150000000000004 1.405
decision_type=2 2 2 2 2 2 2 2 2 2 2 2 2 2 2 2 2 2 2
left_child=1 2 4 8 6 -6 7 -1 -2 10 11 12 13 14 15 -10 18 -3 -17
right_child=3 17 -4 -5 5 -7 -8 -9 9 -11 -12 -13 -14 -15 -16 16 -18 -19 -20
leaf_value=-0.00175381459935446 0.0178317691385746 -0.0023468233931523107 0.02088644772768021 -0.00055749786590210729 0.018203448373824357 0.0013281654047157679 -0.0036731722604640771 0.013901139989495279 0.024320419709528647 -0.0010130312606817535 -0.0049844763953896132 0.019483959339559081 -0.0016467335155686818 0.019134943697739534 0.0019772159549610573 0.0084834943149696331 0.018894940214913069 0.0006854655288333853 -0.0019562418243902571
leaf_weight=198 20 2106 20 244 20 789 355 50 31 119 34 20 74 27 179 57 41 471 68
leaf_count=198 20 2106 20 244 20 789 355 50 31 119 34 20 74 27 179 57 41 471 68
internal_value=0 -0.0009344 0.000610018 0.00322552 0.000322817 0.00174535 -0.0015857 0.00140243 0.00460322 0.00419619 0.0053636 0.00607152 0.00550916 0.00682314 0.00593905 0.00953888 0.00677848 -0.00179261 0.00280428
internal_weight=0 4009 1432 914 1412 809 603 248 670 650 531 497 477 403 376 197 166 2577 125
internal_count=4923 4009 1432 914 1412 809 603 248 670 650 531 497 477 403 376 197 166 2577 125
is_linear=0
shrinkage=0.05


Tree=9
num_leaves=20
num_cat=0
split_feature=5 14 15 14 3 5 5 0 13 2 3 2 16 22 5 14 15 4 5
split_gain=4.64976 1.91823 3.01043 1.71967 1.38389 2.00525 1.43389 1.65955 1.30234 1.47298 1.27765 1.22939 1.41187 1.6443 1.31346 2.41885 2.49217 1.55418 1.09605
threshold=6.9750000000000005 0.35500000000000004 1.8950000000000002 2.0950000000000002 1.0150000000000003 3.3750000000000004 2.6250000000000004 6.1646629545093192e-05 -8.0000000000000018 0.00069406867351463257 1.6150000000000004 0.0005349959132697346 6.9999999999999902 -0.000619065078896197 7.7550000000000008 1.7950000000000002 0.28500000000000009 -1.0000000000000118 6.6250000000000009
decision_type=2 2 2 2 2 2 2 2 2 2 2 2 2 2 2 2 2 2 2
left_child=1 2 4 8 6 -6 7 -1 -2 11 -3 12 13 -10 15 16 -15 -16 -12
right_child=3 10 -4 -5 5 -7 -8 -9 9 -11 18 -13 -14 14 17 -17 -18 -19 -20
leaf_value=0.013801429564914397 0.016940180435776712 -0.0022294823165208187 0.019842125475406647 -0.00052962301176835279 0.017293275333940983 0.0012617571480071741 -0.0022632875029336324 -0.0041546313261443917 -0.0034687830880284309 -0.0034097591812004809 0.0019430896684608824 0.013981585577130319 -0.0026190620416135929 0.019972788270276327 0.012486187587289707 0.020956216420273524 0.0024412800517419112 0.0024432492187003042 -0.0038519928497927529
leaf_weight=31 20 2106 20 244 20 789 550 22 50 61 366 34 67 26 46 37 92 237 105
leaf_count=31 20 2106 20 244 20 789 550 22 50 61 366 34 67 26 46 37 92 237 105
internal_value=0 -0.00088768 0.000579517 0.00306425 0.000306676 0.00165809 -0.00150641 0.00634797 0.00437306 0.00398638 -0.00170298 0.00475236 0.00418697 0.00512141 0.00610202 0.00980174 0.00630415 0.00407567 0.000651192
internal_weight=0 4009 1432 914 1412 809 603 53 670 650 2577 589 555 488 438 155 118 283 471
internal_count=4923 4009 1432 914 1412 809 603 53 670 650 2577 589 555 488 438 155 118 283 471
is_linear=0
shrinkage=0.05


Tree=10
num_leaves=20
num_cat=0
split_feature=1 3 18 22 12 8 11 22 2 15 19 15 16 18 15 0 14 3 1
split_gain=4.70858 1.87081 1.67395 1.38227 1.93497 1.61469 3.58505 1.21972 1.71225 1.19052 1.20546 1.18149 1.62008 1.1362 1.20257 1.37875 1.27002 1.09988 2.77764
threshold=6.7444728556577115e-05 1.0150000000000003 0.2188821236353358 -0.00016476278431531985 -9.9999999999999734 2.0000000000000013 -1.7500000000000069 0.0037621032367426426 0.00019120922719875522 0.67500000000000016 -0.0047056727321831407 2.6750000000000003 -1.0000000180025095e-35 -0.068580859056979346 3.2250000000000005 0.00015049934725291182 1.2625000000000004 1.5150000000000003 0.00019437992161627421
decision_type=2 2 2 2 2 2 2 2 2 2 2 2 2 2 2 2 2 2 2
left_child=-1 -2 3 4 -3 9 -7 13 -9 17 -11 -12 -13 14 15 16 -5 18 -6
right_child=1 2 -4 7 5 6 -8 8 -10 10 11 12 -14 -15 -16 -17 -18 -19 -20
leaf_value=-0.001594747108139752 -0.0015259012772303791 0.0182389084411704 0.012501942209507289 0.014625048436797584 0.004362611028437431 0.027157747491516851 0.0035617833336194361 0.018455921268711487 -6.4286460670141073e-05 0.0079835821688175202 -0.0020695548665858967 0.01622902482100155 -0.00042481860145926476 0.00033637202371485184 0.015979471765458584 -0.00027894909846885451 0.0011851360555738212 0.00027180255523749761 0.026288520060479645
leaf_weight=2346 426 23 38 39 52 22 60 24 26 50 231 23 40 1293 20 116 32 42 20
leaf_count=2346 426 23 38 39 52 22 60 24 26 50 231 23 40 1293 20 116 32 42 20
internal_value=0 0.00150131 0.00210084 0.00191379 0.0040357 0.00343075 0.00989241 0.00114305 0.00882541 0.00227386 0.000806357 -0.00041426 0.00565516 0.000886974 0.00432624 0.00307991 0.00856762 0.00670212 0.0104531
internal_weight=0 2577 2151 2113 563 540 82 1550 50 458 344 294 63 1500 207 187 71 114 72
internal_count=4923 2577 2151 2113 563 540 82 1550 50 458 344 294 63 1500 207 187 71 114 72
is_linear=0
shrinkage=0.05


Tree=11
num_leaves=20
num_cat=0
split_feature=1 3 5 14 3 5 14 20 2 3 15 1 14 15 2 5 10 3 5
split_gain=4.2495 1.6884 4.33194 3.6159 1.30673 1.15746 1.17426 1.1321 1.53913 1.17787 1.85653 4.97285 1.6602 3.65813 1.94663 2.8127 2.39589 1.86265 1.41644
threshold=6.7444728556577115e-05 1.0150000000000003 3.6650000000000005 0.41500000000000004 1.2450000000000003 4.8750000000000009 0.29500000000000004 0.0078571080734843885 0.00049118316245852273 1.885 2.8650000000000007 0.00017482005827793791 1.2750000000000001 1.925 0.00011636384181651776 7.5450000000000008 3.0000000000000142 1.5150000000000003 5.0650000000000004
decision_type=2 2 2 2 2 2 2 2 2 2 2 2 2 2 2 2 2 2 2
left_child=-1 -2 3 -3 5 6 -4 9 -9 10 12 -12 13 14 15 16 -6 18 -16
right_child=1 2 4 -5 7 -7 -8 8 -10 -11 11 -13 -14 -15 17 -17 -18 -19 -20
leaf_value=-0.0014998597258849599 -0.0014351101677707383 0.028858955174397963 0.0055059373256038215 0.0050274770016280508 -0.00012945075912608041 -0.0045090101078152662 -0.0031180941271005385 0.0035709272213280199 0.015381472096066265 -7.2618187927618266e-06 0.002316972306572667 0.022774093636684121 -0.0013137375937135769 0.022284266787115488 0.0069017394620459523 0.020811736560036098 0.018291116254404188 -0.0026536387950181961 -0.0012804829412036472
leaf_weight=2346 426 26 85 39 81 150 71 132 34 615 107 40 274 24 144 31 22 195 81
leaf_count=2346 426 26 85 39 81 150 71 132 34 615 107 40 274 24 144 31 22 195 81
internal_value=0 0.00141198 0.00197584 0.0145601 0.00158371 -0.00140435 0.0015809 0.00209739 0.00598995 0.00169704 0.00274624 0.00788354 0.00185987 0.00336432 0.00254468 0.00773942 0.00380504 0.000887314 0.00395614
internal_weight=0 2577 2151 65 2086 306 156 1780 166 1614 999 147 852 578 554 134 103 420 225
internal_count=4923 2577 2151 65 2086 306 156 1780 166 1614 999 147 852 578 554 134 103 420 225
is_linear=0
shrinkage=0.0495


Tree=12
num_leaves=20
num_cat=0
split_feature=0 22 15 15 1 22 20 3 1 22 15 14 2 1 15 21 17 3 10
split_gain=3.87525 1.49275 1.89391 1.65199 1.85005 1.59883 1.74626 1.45015 4.56321 1.21876 1.38826 1.17167 1.16603 1.70827 1.87295 1.60184 2.23569 1.11007 1.05442
threshold=7.2869928729974364e-05 0.0035778385161516772 1.6725000000000001 2.8650000000000007 0.00046152713966101001 -0.00021347050209158389 0.0083232278054157244 1.8650000000000004 0.00017482005827793791 -1.2081599120972173e-05 3.3850000000000002 -0.11499999999999998 8.6449931848688096e-05 9.9975804741638335e-05 0.67500000000000016 0.0042484955325518001 1.0000000000000007 3.2750000000000004 -4.9999999999999867
decision_type=2 2 2 2 2 2 2 2 2 2 2 2 2 2 2 2 2 2 2
left_child=11 3 -3 5 7 12 -7 8 9 10 -5 -1 -2 -14 15 16 -15 -16 -9
right_child=1 2 -4 4 -6 6 -8 18 -10 -11 -12 -13 13 14 17 -17 -18 -19 -20
leaf_value=0.0041306077269829327 -0.0012799500422388593 0.0031045249260616089 0.021426652486061678 0.0026752173246936618 0.014462845626398921 -0.00066998952071333699 0.0053172959442098818 0.0079203478215018712 0.024139309735503049 -0.0007483102642314043 0.01870020751840621 -0.0014397075363061307 0.014231747833415865 0.0061644945112316182 -0.00060468356048578719 -0.00041464133094646965 0.023928743230104445 0.010024970163814723 -0.0031459288302156151
leaf_weight=94 107 42 20 37 39 1256 129 26 28 96 20 2570 39 46 187 32 27 27 101
leaf_count=94 107 42 20 37 39 1256 129 26 28 96 20 2570 39 46 187 32 27 27 101
internal_value=0 0.00151602 0.00901489 0.0013044 0.00440718 0.000722422 -0.000112329 0.0031339 0.00595055 0.00262189 0.00829802 -0.00124316 0.00320872 0.00455031 0.00336669 0.00872737 0.0127348 0.000736441 -0.000880392
internal_weight=0 2259 62 2197 347 1850 1385 308 181 153 57 2664 465 358 319 105 73 214 127
internal_count=4923 2259 62 2197 347 1850 1385 308 181 153 57 2664 465 358 319 105 73 214 127
is_linear=0
shrinkage=0.049005


Tree=13
num_leaves=20
num_cat=0
split_feature=1 3 5 14 3 5 14 1 5 15 5 20 18 4 3 15 0 2 14
split_gain=3.55484 1.46365 3.8975 3.21266 1.12613 1.04955 1.06008 1.014 0.959436 0.948495 1.5162 0.94275 1.34302 1.07211 0.955226 1.32907 4.11684 1.93732 1.32044
threshold=6.7444728556577115e-05 1.0150000000000003 3.6650000000000005 0.41500000000000004 1.2450000000000003 4.8750000000000009 0.29500000000000004 0.00018763319992218792 3.8050000000000002 3.6250000000000004 5.8050000000000006 0.0083232278054157244 -0.087761007796082743 8.4999999999999982 1.885 2.8650000000000007 0.00021224775053836097 0.00014480843058850944 1.2750000000000001
decision_type=2 2 2 2 2 2 2 2 2 2 2 2 2 2 2 2 2 2 2
left_child=9 8 3 -3 5 6 7 -4 -2 -1 -11 13 -13 14 15 18 17 -17 -6
right_child=1 2 4 -5 11 -7 -8 -9 -10 10 -12 12 -14 -15 -16 16 -18 -19 -20
leaf_value=-0.0014842397313188369 -0.0020635003955240686 0.026688850692041449 0.0020067100514299637 0.0046724749923995768 0.0028811602315636244 -0.0042007895910750031 -0.0028929666719984945 0.014104941406630911 0.0059201317452337596 -0.0020217706438288093 0.015602304984006452 0.015815290625879826 0.0035135365005118263 0.010628149189525656 -0.00015460788490441303 -0.00082492665758863103 0.023672445892138037 0.013593902648593462 -0.0012062174277204128
leaf_weight=2299 387 26 63 39 575 150 71 22 39 27 20 25 127 30 602 90 27 29 275
leaf_count=2299 387 26 63 39 575 150 71 22 39 27 20 25 127 30 602 90 27 29 275
internal_value=0 0.00126547 0.00178002 0.013479 0.00141547 -0.00130323 0.00148289 0.00513802 -0.0013326 -0.00134476 0.00547784 0.00188285 0.00553685 0.00154169 0.0013711 0.00229327 0.00656942 0.00268891 0.00155877
internal_weight=0 2577 2151 65 2086 306 156 85 426 2346 47 1780 152 1628 1598 996 146 119 850
internal_count=4923 2577 2151 65 2086 306 156 85 426 2346 47 1780 152 1628 1598 996 146 119 850
is_linear=0
shrinkage=0.048515


Tree=14
num_leaves=20
num_cat=0
split_feature=1 3 5 14 18 3 20 18 5 21 4 21 5 15 5 3 5 20 21
split_gain=3.21828 1.32508 3.5285 2.9085 1.05291 1.07575 0.985313 1.68146 1.6663 1.15773 0.935495 0.89561 0.8686 0.858695 1.37265 0.690621 1.01471 1.03729 0.831796
threshold=6.7444728556577115e-05 1.0150000000000003 3.6650000000000005 0.41500000000000004 0.2188821236353358 1.1450000000000002 0.0074261582400545487 -0.097796293703029377 4.5550000000000006 0.0051840993969017876 8.4999999999999982 0.0051840993969017876 3.8050000000000002 3.6250000000000004 5.8050000000000006 2.5250000000000004 15.805000000000001 -0.0019732724312735979 0.0045761776465408363
decision_type=2 2 2 2 2 2 2 2 2 2 2 2 2 2 2 2 2 2 2
left_child=13 12 3 -3 5 -4 10 -8 -9 -10 11 15 -2 -1 -15 18 -17 -18 -7
right_child=1 2 4 -5 -6 6 7 8 9 -11 -12 -13 -14 14 -16 16 17 -19 -20
leaf_value=-0.0013981095177039062 -0.0019437558714480239 0.025140102388934805 -0.0031645618509384466 0.0044013322110908011 0.0094761575180139172 0.0016583551191735842 0.016852316048331952 0.015794594613432952 -0.0002947784682785508 0.011140911329550671 0.010934330577807051 -0.0015877242754518345 0.0055765874302615478 -0.001904447769387312 0.014696906186900848 -0.0034630958633633064 -0.0028083057610347115 0.012304961619290303 0.010507565212481662
leaf_weight=2299 387 26 123 39 36 1234 23 21 137 24 22 267 39 27 20 132 20 22 25
leaf_count=2299 387 26 123 39 36 1234 23 21 137 24 22 267 39 27 20 132 20 22 25
internal_value=0 0.00119204 0.00167672 0.0126968 0.00133333 0.00119034 0.00146831 0.00461603 0.00306969 0.00140992 0.00109358 0.00096623 -0.00125527 -0.00126672 0.00515996 0.00144209 -0.00139417 0.00510817 0.00183407
internal_weight=0 2577 2151 65 2086 2050 1927 205 182 161 1722 1700 426 2346 47 1433 174 42 1259
internal_count=4923 2577 2151 65 2086 2050 1927 205 182 161 1722 1700 426 2346 47 1433 174 42 1259
is_linear=0
shrinkage=0.0480298


Tree=15
num_leaves=20
num_cat=0
split_feature=5 14 14 15 3 3 1 5 1 15 15 3 5 14 21 15 3 5 2
split_gain=3.24677 1.48422 1.3671 1.99305 1.15517 4.03246 1.786 1.62524 2.6052 1.68599 3.67121 1.49629 1.32303 3.75193 1.54771 0.963243 0.916447 0.991929 1.42688
threshold=6.9750000000000005 2.0950000000000002 0.35500000000000004 1.8950000000000002 5.5500000000000007 3.6400000000000001 0.00048762204348006986 8.8850000000000033 0.00028823573477699882 0.28500000000000009 -0.034999999999999996 1.5350000000000004 7.6250000000000009 1.7650000000000003 0.0013679741384304835 3.5450000000000004 1.6150000000000004 6.6250000000000009 7.991586897522638e-05
decision_type=2 2 2 2 2 2 2 2 2 2 2 2 2 2 2 2 2 2 2
left_child=2 4 3 -1 5 6 7 9 -9 10 -2 -11 13 -13 -15 -3 -4 18 -18
right_child=1 15 16 -5 -6 -7 -8 8 -10 11 -12 12 -14 14 -16 -17 17 -19 -20
leaf_value=0.00024128796620018187 -0.00049132528440287205 -0.0017239751384387201 -0.0018041120326011105 0.015357537327616284 -0.0037005494710530898 0.019787955155136639 -0.0042586938641961912 0.0029065205551923566 0.019827830095319333 0.011777349665549809 0.026238927407831833 -0.0010925345559967947 -0.0014617966391446574 0.007579628336510838 0.023750512306327382 0.0085006806007528399 -0.0014510274896446813 -0.0035579633729656917 0.0044957020261294778
leaf_weight=1412 26 221 2106 20 46 35 65 48 36 32 21 101 205 32 23 23 173 105 193
leaf_count=1412 26 221 2106 20 46 35 65 48 36 32 21 101 205 32 23 23 173 105 193
internal_value=0 0.00241497 -0.000725506 0.000452409 0.00357129 0.00410736 0.00317557 0.00409776 0.0101585 0.00294071 0.011452 0.00192283 0.0010493 0.00434913 0.014342 -0.000760176 -0.00138006 0.000516044 0.00168482
internal_weight=0 914 4009 1432 670 624 589 524 84 440 47 393 361 156 55 244 2577 471 366
internal_count=4923 914 4009 1432 670 624 589 524 84 440 47 393 361 156 55 244 2577 471 366
is_linear=0
shrinkage=0.0475495


Tree=16
num_leaves=20
num_cat=0
split_feature=5 14 14 15 2 3 14 3 20 14 2 1 15 5 2 5 2 15 3
split_gain=2.94535 1.34642 1.24018 1.80802 1.05571 1.82895 2.28298 1.64162 1.19989 1.29962 2.25181 2.20416 1.81416 1.64423 1.16942 0.919006 1.11019 0.873817 0.831365
threshold=6.9750000000000005 2.0950000000000002 0.35500000000000004 1.8950000000000002 0.00069406867351463257 3.1350000000000002 1.8650000000000004 2.5850000000000004 0.0017546748212172727 1.7650000000000003 0.00013558955562260921 0.00029424454832396879 1.4950000000000003 7.7550000000000008 0.00011107766262383684 9.0650000000000031 0.00011002478300446009 3.5450000000000004 1.6150000000000004
decision_type=2 2 2 2 2 2 2 2 2 2 2 2 2 2 2 2 2 2 2
left_child=2 4 3 -1 5 7 -7 8 9 10 12 13 -2 -11 -14 16 -10 -3 -4
right_child=1 17 18 -5 -6 6 -8 -9 15 11 -12 -13 14 -15 -16 -17 -18 -19 -20
leaf_value=0.00022751670870999649 0.021812825632388826 -0.0016255809935718684 -0.0017011440908155013 0.014481020590067586 -0.0020177164825394434 0.019231555120055598 -0.0002987452172623895 -0.0032433190151803771 0.0064007060721682539 0.014771827419784916 -0.0011888082714038622 0.020378233399513203 -0.0011239299107645433 0.0013819358924760322 0.013268714873709378 0.0080497070656463266 -0.0031181895827162749 0.0080155126292666811 0.00048659104407051219
leaf_weight=1412 20 221 2106 20 72 36 21 76 37 31 99 32 29 59 22 34 102 23 471
leaf_count=1412 20 221 2106 20 72 36 21 76 37 31 99 32 29 59 22 34 102 23 471
internal_value=0 0.00227714 -0.000684099 0.000426588 0.00336747 0.00401585 0.0120362 0.00317082 0.00421916 0.00605975 0.00339931 0.00976692 0.00979682 0.00599401 0.00508466 0.00111249 -0.000584383 -0.000716789 -0.00130129
internal_weight=0 914 4009 1432 670 598 57 541 465 292 170 122 71 90 51 173 139 244 2577
internal_count=4923 914 4009 1432 670 598 57 541 465 292 170 122 71 90 51 173 139 244 2577
is_linear=0
shrinkage=0.047074


Tree=17
num_leaves=20
num_cat=0
split_feature=2 19 22 15 11 15 6 14 2 15 13 3 22 10 15 15 2 3 7
split_gain=2.26057 1.33243 1.17579 1.08192 0.902407 1.68157 0.899629 0.816995 1.21863 0.767454 0.705628 0.691028 0.820146 0.85123 0.743964 2.23187 2.54932 1.08869 1.02216
threshold=6.6816367766886814e-05 0.014190528901059986 0.003136960419897528 1.8750000000000002 2.9999999999999587 0.67500000000000016 23.499999999999947 -0.11499999999999998 2.403591001545876e-05 3.6350000000000002 -5.9999999999999938 1.2550000000000001 0.00071452014545148057 0.50000000000005607 0.25500000000000006 -1.0000000180025095e-35 0.00014663773559350351 1.5350000000000004 -0.0084881845981504816
decision_type=2 2 2 2 2 2 2 2 2 2 2 2 2 2 2 2 2 2 2
left_child=7 2 6 4 5 -4 11 8 -1 -9 -8 12 -2 -14 15 18 -17 -18 -13
right_child=1 -3 3 -5 -6 -7 10 9 -10 -11 -12 14 13 -15 -16 16 17 -19 -20
leaf_value=-0.0039258597013831619 -0.001174570439282233 0.010069093006854343 0.014709512702436891 0.015133369397175833 -0.0042529913443777627 -0.0032647289339747857 0.012458502873590079 -0.0015152524592873776 0.0093933312986701888 0.0057572604412997217 0.002259955368714853 0.0057245539546260165 -0.00081918042287924635 0.0098584810515215757 0.00049014202819189819 0.023244926110428974 0.0097646128962773516 -0.001979666503179519 -0.003079686528690753
leaf_weight=25 783 33 26 21 24 20 23 2079 37 32 41 41 34 31 1487 21 40 30 95
leaf_count=25 783 33 26 21 24 20 23 2079 37 32 41 41 34 31 1487 21 40 30 95
internal_value=0 0.000761001 0.000647947 0.00585584 0.00307259 0.00689463 0.000467476 -0.00125015 0.00402269 -0.00140501 0.00592506 0.000331143 -0.00075699 0.00427324 0.000869496 0.00335451 0.00900371 0.00473135 -0.000425467
internal_weight=0 2750 2717 91 70 46 2626 2173 62 2111 64 2562 848 65 1714 227 91 70 136
internal_count=4923 2750 2717 91 70 46 2626 2173 62 2111 64 2562 848 65 1714 227 91 70 136
is_linear=0
shrinkage=0.0466033


Tree=18
num_leaves=20
num_cat=0
split_feature=5 14 14 15 2 2 9 2 5 2 15 14 14 20 5 20 19 15 5
split_gain=2.52314 1.21345 1.08135 1.59296 0.968214 1.6788 0.953837 1.0908 1.07312 1.57279 1.09962 4.44215 1.22654 1.11848 1.17791 1.44324 1.2012 0.829037 0.818922
threshold=6.9750000000000005 2.0950000000000002 0.35500000000000004 1.8950000000000002 0.00069406867351463257 0.0005349959132697346 8.750000000000016 0.00032410538890872992 8.9850000000000012 0.00023457935563335288 0.28500000000000009 -0.13499999999999998 1.0950000000000004 0.0017546748212172727 7.1950000000000012 -0.00017707066704547578 0.00081313225325219129 2.2750000000000004 2.6250000000000004
decision_type=2 2 2 2 2 2 2 2 2 2 2 2 2 2 2 2 2 2 2
left_child=2 4 3 18 5 6 7 8 10 -10 11 -2 -12 14 -14 16 -16 -9 -1
right_child=1 -3 -4 -5 -6 -7 -8 17 9 -11 12 -13 13 -15 15 -17 -18 -19 -20
leaf_value=0.0058413826151272165 -0.005203460086029948 -0.00071776375600735899 -0.0011831759252875023 0.013327756429343356 -0.0019721660215235304 0.013075286870917061 -0.0038112181557305325 -0.0030454747028899739 0.0019839846241917454 0.018266801140316528 -0.0049696893737514259 0.023580295448760016 0.013399535353672203 -6.4223749491391711e-06 0.0080888234295868958 0.013512266490981738 -0.0018296951424977845 0.0060911163034560387 -4.3994133748148781e-06
leaf_weight=53 21 244 2577 20 72 38 40 78 23 28 38 25 37 101 41 28 71 29 1359
leaf_count=53 21 244 2577 20 72 38 40 78 23 28 38 25 37 101 41 28 71 29 1359
internal_value=0 0.00206792 -0.000618327 0.000398163 0.0030824 0.00369098 0.00305419 0.0035823 0.00465787 0.0109236 0.00377513 0.0104399 0.00280495 0.00386767 0.0060783 0.00414341 0.00180119 -0.000569202 0.000215024
internal_weight=0 914 4009 1432 670 598 560 520 413 51 362 46 316 278 177 140 112 107 1412
internal_count=4923 914 4009 1432 670 598 560 520 413 51 362 46 316 278 177 140 112 107 1412
is_linear=0
shrinkage=0.0461372


Tree=19
num_leaves=20
num_cat=0
split_feature=5 14 3 3 3 1 5 1 15 15 3 14 5 20 15 15 3 11 22
split_gain=2.29569 1.10406 1.04988 1.01048 3.34531 1.47977 1.34112 2.2509 1.31096 2.80327 1.2657 1.09501 1.08393 1.79012 1.05122 1.1036 0.966796 0.905005 0.871985
threshold=6.9750000000000005 2.0950000000000002 0.56500000000000006 5.5500000000000007 3.6400000000000001 0.00048762204348006986 8.8850000000000033 0.00028823573477699882 0.28500000000000009 -0.034999999999999996 1.5350000000000004 1.175 7.1950000000000012 0.00013031872255564461 2.1150000000000007 2.0250000000000004 1.6850000000000003 -13.999999999999998 0.0033651553888832679
decision_type=2 2 2 2 2 2 2 2 2 2 2 2 2 2 2 2 2 2 2
left_child=2 3 -1 4 5 6 8 -8 9 -2 -10 -12 13 -13 15 -14 -16 -4 -19
right_child=1 -3 17 -5 -6 -7 7 -9 10 -11 11 12 14 -15 16 -17 -18 18 -20
leaf_value=0.0087471077267143281 -0.00044191229991674035 -0.00067780165723255637 0.0088145779769590784 -0.0036224187518254548 0.017111842472837806 -0.0039231778514035422 0.0021968642597689973 0.017305763412212787 0.010217982973588799 0.021995469299651672 -0.0042567283975053537 0.014279002301944801 0.001538605812805969 -0.0024423191105439825 0.0062152455852517406 0.012923823489912492 -0.003928359096748252 -0.00081484088706501199 0.003061712817813071
leaf_weight=25 26 244 21 46 35 65 48 36 32 21 73 34 78 22 24 23 107 3838 125
leaf_count=25 26 244 21 46 35 65 48 36 32 21 73 34 78 22 24 23 107 3838 125
internal_value=0 0.00195278 -0.000583902 0.00291079 0.0033924 0.00257716 0.0033835 0.00867211 0.00237385 0.0095833 0.00151165 0.000739902 0.00200641 0.00770991 0.000629701 0.00413128 -0.00206999 -0.000642455 -0.000692568
internal_weight=0 914 4009 670 624 589 524 84 440 47 393 361 288 56 232 101 131 3984 3963
internal_count=4923 914 4009 670 624 589 524 84 440 47 393 361 288 56 232 101 131 3984 3963
is_linear=0
shrinkage=0.0456759


Tree=20
num_leaves=20
num_cat=0
split_feature=0 22 14 14 15 22 15 3 7 15 20 1 3 14 6 14 22 15 15
split_gain=2.34005 1.2392 1.33536 1.35202 1.47511 1.29191 1.37468 1.17973 1.16347 1.03288 1.43103 1.05129 4.05527 1.50604 1.00137 0.860017 0.803258 0.860253 0.726865
threshold=7.2869928729974364e-05 -0.00016476278431531985 2.2625000000000002 1.2625000000000004 1.6150000000000004 0.0035778385161516772 1.6725000000000001 3.2750000000000004 -0.0023353756507908936 2.8650000000000007 0.0083232278054157244 0.00017482005827793791 1.8250000000000004 2.1850000000000005 13.999999999999925 -0.11499999999999998 -1.2081599120972173e-05 3.3550000000000004 1.5550000000000004
decision_type=2 2 2 2 2 2 2 2 2 2 2 2 2 2 2 2 2 2 2
left_child=15 2 3 4 14 9 -7 -5 -4 10 -3 16 -13 -14 -2 -1 17 -11 -12
right_child=1 5 8 7 -6 6 -8 -9 -10 11 18 12 13 -15 -16 -17 -18 -19 -20
leaf_value=0.0037503147933711394 0.0022279501557350158 -0.00078032139595372125 0.019013936655676883 -0.002669969026464969 0.014366403474088976 0.0025248313056571142 0.018451571948826313 0.0071304094046354301 0.005190024831228786 -0.00088924809613011096 0.001998889405863831 0.026584303875764211 0.011660926006734372 -0.0018186432045342316 0.012972036919867001 -0.0011189126797339333 -0.0016539727446312708 0.012940493728155675 0.0098903324620591287
leaf_weight=94 225 1237 23 160 34 42 20 38 45 22 83 21 30 67 24 2570 120 23 45
leaf_count=94 225 1237 23 160 34 42 20 38 45 22 83 21 30 67 24 2570 120 23 45
internal_value=0 0.00124052 0.0033073 0.00238012 0.00459744 0.000576976 0.00766249 -0.000789088 0.00986576 0.00031041 -0.000259549 0.00305951 0.00666313 0.0023503 0.00326352 -0.000947101 0.000482371 0.00617929 0.00477322
internal_weight=0 2259 549 481 283 1710 62 198 68 1648 1365 283 118 97 249 2664 165 45 128
internal_count=4923 2259 549 481 283 1710 62 198 68 1648 1365 283 118 97 249 2664 165 45 128
is_linear=0
shrinkage=0.05


Tree=21
num_leaves=20
num_cat=0
split_feature=0 22 14 14 2 2 14 3 1 14 22 17 3 7 5 3 3 17 14
split_gain=2.11189 1.11838 1.20517 1.2202 1.18832 1.45016 1.74421 1.66453 1.66414 1.66497 1.16595 1.50734 1.06471 1.05003 0.870224 1.08612 1.88918 1.51929 0.814877
threshold=7.2869928729974364e-05 -0.00016476278431531985 2.2625000000000002 1.2625000000000004 8.6449931848688096e-05 0.00013558955562260921 0.28500000000000009 1.5150000000000003 0.00014281520459980083 0.42500000000000004 0.0035778385161516772 0.99999999999999267 3.2750000000000004 -0.0023353756507908936 5.495000000000001 1.7950000000000002 1.7250000000000003 -1.0000000180025095e-35 -0.24499999999999997
decision_type=2 2 2 2 2 2 2 2 2 2 2 2 2 2 2 2 2 2 2
left_child=14 2 3 4 -2 6 -6 8 -7 -10 -3 -12 -5 -4 -1 16 18 -18 -16
right_child=1 10 13 12 5 7 -8 -9 9 -11 11 -13 -14 -15 15 -17 17 -19 -20
leaf_value=-0.0013244771886033056 -0.001945521335228015 0.00029488936805808287 0.018063239947609281 -0.0025364705442916602 0.00062542494386434559 -0.0044001182354986663 0.018709666095674038 -0.0018233314450634152 0.017600580619441138 0.0010635508305352668 0.014126800021954945 -0.00159693937058802 0.0067738888491141172 0.0049305236505137557 0.0082343011349439634 -0.0018440803931075698 0.0217345949431712 0.0037186121940612792 -2.3530039242377468e-05
leaf_weight=2182 59 1648 23 160 20 20 40 76 45 23 35 27 38 45 35 196 22 25 204
leaf_count=2182 59 1648 23 160 20 20 40 76 45 23 35 27 38 45 35 196 22 25 204
internal_value=0 0.0011785 0.00314193 0.00226111 0.00436757 0.00603039 0.0126816 0.00359703 0.00827824 0.0120072 0.000548128 0.00727937 -0.000749634 0.00937247 -0.000899746 0.001023 0.00298786 0.0121516 0.00118578
internal_weight=0 2259 549 481 283 224 60 164 88 68 1710 62 198 68 2664 482 286 47 239
internal_count=4923 2259 549 481 283 224 60 164 88 68 1710 62 198 68 2664 482 286 47 239
is_linear=0
shrinkage=0.05


Tree=22
num_leaves=20
num_cat=0
split_feature=0 15 1 3 2 20 22 22 17 20 22 16 13 16 11 2 1 15 17
split_gain=1.90599 1.03694 1.22992 1.19605 3.5038 1.05882 1.30533 1.51612 1.42862 1.37378 1.01277 0.965507 0.879593 0.92985 0.854091 0.859294 1.54735 1.50809 1.24415
threshold=7.2869928729974364e-05 2.8650000000000007 0.00046152713966101001 1.8650000000000004 0.00014480843058850944 0.0083232278054157244 0.0027464137346386868 -0.00021347050209158389 0.99999999999999267 0.0012385446233809108 -2.4163490175310717e-05 -4.2499999999999973 -1.0000000180025095e-35 4.9999999999999973 5.9999999999999956 8.6449931848688096e-05 9.9975804741638335e-05 0.65500000000000014 1.0000000000000007
decision_type=2 2 2 2 2 2 2 2 2 2 2 2 2 2 2 2 2 2 2
left_child=-1 5 3 4 10 6 7 14 9 -8 -3 -5 -7 -14 15 -2 -17 18 -18
right_child=1 2 -4 11 -6 12 8 -9 -10 -11 -12 -13 13 -15 -16 16 17 -19 -20
leaf_value=-0.00085475826356280315 -0.00086688772700298797 0.0089371228786675559 0.011999555352406625 0.0062130928265325958 0.019917283884503627 0.012776717847144162 0.022208356633782386 -0.000872937799299841 -0.0017641638245048195 0.0044650599360466009 -0.00053110040554946115 -0.0037278753804399615 0.00055167859821927316 0.010320759832393379 -0.0026500697845398494 0.014991131989341794 0.0040399652319373916 0.00064368143836717785 0.016249851192183355
leaf_weight=2664 87 38 39 33 33 27 20 1239 29 24 110 94 102 32 67 33 54 164 34
leaf_count=2664 87 38 39 33 33 27 20 1239 29 24 110 94 102 32 67 33 54 164 34
internal_value=0 0.00111957 0.00363416 0.00257491 0.00518486 0.000663209 0.000306424 2.16808e-05 0.00685161 0.0125302 0.00189993 -0.00114479 0.00454352 0.00288459 0.00254658 0.00348254 0.00481026 0.00347705 0.00875742
internal_weight=0 2259 347 308 181 1912 1751 1678 73 44 148 127 161 134 439 372 285 252 88
internal_count=4923 2259 347 308 181 1912 1751 1678 73 44 148 127 161 134 439 372 285 252 88
is_linear=0
shrinkage=0.05


Tree=23
num_leaves=20
num_cat=0
split_feature=0 15 1 15 5 3 5 1 0 12 16 15 5 10 12 15 14 14 15
split_gain=1.72015 0.935837 1.11 1.14542 0.962711 2.12277 1.27541 1.25799 1.80154 1.15136 1.04567 1.33678 1.38366 1.49718 1.01191 0.908232 1.60389 1.07719 2.57254
threshold=7.2869928729974364e-05 2.8650000000000007 0.00046152713966101001 2.9650000000000003 4.8750000000000009 1.0750000000000004 3.6650000000000005 0.0001593387179682293 0.00014817706423536872 -7.4999999999999947 -6.2499999999999991 1.655 4.245000000000001 0.50000000000005607 3.9999999999999871 0.12500000000000003 0.16500000000000004 0.56500000000000006 0.72500000000000009
decision_type=2 2 2 2 2 2 2 2 2 2 2 2 2 2 2 2 2 2 2
left_child=-1 4 3 -3 5 -2 -7 14 -9 -6 -10 12 -12 -14 -8 16 -11 -17 -19
right_child=1 2 -4 -5 9 6 7 8 10 15 11 -13 13 -15 -16 17 -18 18 -20
leaf_value=-0.00081202036487190319 -0.00062166579760784336 0.010698176729115281 0.01139957769176899 0.0013195042577451887 0.0067643749646165152 0.013193862312115157 -0.00038326372607396203 0.018494273695562568 -0.0057121806911059787 0.00076215574517846107 -0.0062276121079921729 0.017468017441305248 0.016755959635170608 0.00060275552095845342 0.010795276401483495 -0.0038667079203456413 0.016517173480242491 0.013967805512009129 -0.00075669506467272382
leaf_weight=2664 387 37 39 271 55 39 169 28 21 84 25 22 26 32 23 262 20 31 688
leaf_count=2664 387 37 39 271 55 39 169 28 21 84 25 22 26 32 23 262 20 31 688
internal_value=0 0.00106359 0.00345245 0.00244616 0.000630048 0.00199343 0.00462211 0.00365593 0.00702229 -0.000293225 0.00447296 0.00650999 0.00360546 0.00784385 0.000955832 -0.000650984 0.00379197 -0.001122 -0.000121842
internal_weight=0 2259 347 308 1912 772 385 346 154 1140 126 105 83 58 192 1085 104 981 719
internal_count=4923 2259 347 308 1912 772 385 346 154 1140 126 105 83 58 192 1085 104 981 719
is_linear=0
shrinkage=0.05


Tree=24
num_leaves=20
num_cat=0
split_feature=1 3 15 3 14 16 7 20 9 20 3 14 3 15 14 18 3 2 3
split_gain=1.59325 0.914485 0.940123 3.03826 1.72977 0.990438 1.22548 1.09571 0.961506 0.97916 1.0023 1.94752 1.08744 1.00041 6.08522 1.20693 1.16165 1.02005 0.886338
threshold=5.7091798874095639e-05 1.0150000000000003 0.25500000000000006 1.155 0.35500000000000004 4.9999999999999973 0.0048516130412794576 -0.0092363868624373274 -14.000000000000034 -0.0039167816881340847 4.1000000000000005 1.885 2.5250000000000004 1.925 1.2350000000000001 -0.068580859056979346 1.5350000000000004 6.0337582335195387e-05 1.5650000000000002
decision_type=2 2 2 2 2 2 2 2 2 2 2 2 2 2 2 2 2 2 2
left_child=-1 -2 3 -3 5 7 -7 -5 -4 -10 12 -12 13 15 -15 18 -16 -18 -11
right_child=1 2 8 4 -6 6 -8 -9 9 10 11 -13 -14 14 16 -17 17 -19 -20
leaf_value=-0.0010058431069493408 -0.0010982116004015553 0.022094234433912098 0.0089200690595640075 0.010943646037152836 0.015657678035938222 0.015954783139750361 0.00079637548575798667 -0.0010148930354812824 -0.0013129150028283177 0.0080959557915727311 0.017075646758593365 0.00038599949330091481 -0.0034643454522254968 0.026165324559918157 -0.0019337592596137846 -0.00074114367014631278 0.01425807408988476 0.0026721115555800989 -0.00060508122357229397
leaf_weight=2079 512 21 36 21 23 24 30 218 471 75 29 44 124 27 148 594 20 379 48
leaf_count=2079 512 21 36 21 23 24 30 218 471 75 29 44 124 27 148 594 20 379 48
internal_value=0 0.000815263 0.00123537 0.00367799 0.00245412 0.00141767 0.00753345 3.58573e-05 0.000822762 0.00067396 0.00130287 0.00701613 0.00100812 0.0014377 0.00299331 0.000192348 0.00184953 0.00325286 0.00470043
internal_weight=0 2844 2332 337 316 293 54 239 1995 1959 1488 73 1415 1291 574 717 547 399 123
internal_count=4923 2844 2332 337 316 293 54 239 1995 1959 1488 73 1415 1291 574 717 547 399 123
is_linear=0
shrinkage=0.05


Tree=25
num_leaves=20
num_cat=0
split_feature=5 13 14 3 14 2 5 5 3 2 5 5 3 21 6 19 5 5 6
split_gain=1.63153 1.09484 1.03491 1.1612 2.86417 2.2348 1.7015 1.39225 1.12903 0.977978 1.93494 3.73787 1.02587 0.882694 1.14055 0.874622 0.666309 1.28414 0.704206
threshold=5.495000000000001 -8.4999999999999947 0.62500000000000011 1.0150000000000003 0.56500000000000006 8.8376059127102705e-05 5.0650000000000004 3.3350000000000004 0.56500000000000006 6.5815682046914626e-05 3.6650000000000005 3.5250000000000004 1.5250000000000001 -0.0048435609831590778 7.9999999999999414 0.0078745327967595386 17.240000000000006 15.805000000000001 9.2500000000000711
decision_type=2 2 2 2 2 2 2 2 2 2 2 2 2 2 2 2 2 2 2
left_child=2 -2 3 8 6 -6 7 -5 -1 -9 11 -11 13 -12 15 -15 17 18 -3
right_child=1 16 -4 4 5 -7 -8 9 -10 10 12 -13 -14 14 -16 -17 -18 -19 -20
leaf_value=0.0093358888775110244 0.010299519659020007 0.0012888307987667061 -0.0018203599401296431 0.014046993081203916 0.0014195216726511717 0.024050079806086921 -0.0045293310657143595 -0.0015950636160605163 -0.0014223635464382532 -0.0010796779999509454 0.0079318118923953889 0.027805372167910847 -0.0064643201191683071 -0.00085998437465812131 0.0084843005256160439 0.010012740753591062 -0.0066858737197305479 0.010300921034571288 -0.0018550971895456314
leaf_weight=25 32 1358 1387 22 20 24 132 206 995 24 58 21 37 246 46 20 28 37 205
leaf_count=25 32 1358 1387 22 20 24 132 206 995 24 58 21 37 246 46 20 28 37 205
internal_value=0 0.00114063 -0.000784763 -1.91049e-05 0.0013388 0.0137635 0.000665543 0.00167396 -0.00115868 0.00126027 0.0025616 0.0124 0.00147381 0.00226763 0.00121467 -4.24862e-05 0.000960606 0.00109442 0.000876479
internal_weight=0 1660 3263 1876 856 44 812 680 1020 658 452 45 407 370 312 266 1628 1600 1563
internal_count=4923 1660 3263 1876 856 44 812 680 1020 658 452 45 407 370 312 266 1628 1600 1563
is_linear=0
shrinkage=0.05


Tree=26
num_leaves=20
num_cat=0
split_feature=5 14 3 3 4 3 6 9 1 0 5 15 14 21 3 3 3 15 2
split_gain=1.51283 1.05092 1.08009 2.69123 1.79942 1.27706 1.02983 0.988728 0.927338 2.32188 1.30147 2.40247 1.4187 1.88896 1.35115 0.892242 0.858594 0.773701 0.720702
threshold=6.9750000000000005 2.0950000000000002 5.5500000000000007 3.1350000000000002 -1.0000000000000451 2.5850000000000004 9.0000000000000551 -8.9999999999999893 0.00048762204348006986 0.00043325905704161266 8.0250000000000004 0.28500000000000009 1.7650000000000003 -0.00017566534980123502 2.1950000000000007 0.56500000000000006 1.6050000000000002 3.5450000000000004 0.00049118316245852273
decision_type=2 2 2 2 2 2 2 2 2 2 2 2 2 2 2 2 2 2 2
left_child=15 2 3 5 -5 6 8 -8 9 10 11 -2 16 -14 -12 -1 -13 -3 -17
right_child=1 17 -4 4 -6 -7 7 -9 -10 -11 14 12 13 -15 -16 18 -18 -19 -20
leaf_value=0.0088690944612026222 0.020230744034051895 -0.0020108492362283475 -0.0046638838622881018 0.002985720094293356 0.022480572914255079 -0.0033803824335336685 0.0072965450939678021 -0.0053948268882538144 -0.0041791514058907827 0.019681458935141564 -0.001079155885047846 0.0099059065537793305 -0.00096283061024935346 0.017103942512319639 0.012795814909040928 -0.00065870833841876852 -0.0013974975173672041 0.0076250297543795217 0.008031980305289229
leaf_weight=25 28 221 46 20 29 84 21 57 30 25 143 21 23 39 20 3960 84 23 24
leaf_count=25 28 221 46 20 29 84 21 57 30 25 143 21 23 39 20 3960 84 23 24
internal_value=0 0.00170692 0.00273007 0.00327513 0.0145235 0.00231658 0.00329121 -0.00197792 0.00428635 0.00494944 0.00392067 0.00667694 0.00440445 0.0104018 0.000623295 -0.000547266 0.000863183 -0.00110255 -0.000606355
internal_weight=0 914 670 624 49 575 491 78 413 383 358 195 167 62 163 4009 105 244 3984
internal_count=4923 914 670 624 49 575 491 78 413 383 358 195 167 62 163 4009 105 244 3984
is_linear=0
shrinkage=0.05


Tree=27
num_leaves=20
num_cat=0
split_feature=5 15 2 5 14 14 5 2 13 5 14 14 15 14 3 15 19 21 19
split_gain=1.37274 1.11448 1.46691 1.28186 1.15286 1.70954 2.15927 3.42382 1.25306 1.20843 0.928892 0.924068 1.51237 0.996882 2.78161 0.844634 0.840865 1.25332 1.33292
threshold=5.495000000000001 0.16500000000000004 8.0558308584373288e-05 6.035000000000001 1.0750000000000004 1.2350000000000001 7.1550000000000011 0.00011215935371918587 -8.4999999999999947 5.5450000000000008 -0.15499999999999997 0.62500000000000011 1.925 0.57500000000000007 1.0650000000000002 1.5750000000000004 0.014190528901059986 0.011781788743229106 0.0046226425230849752
decision_type=2 2 2 2 2 2 2 2 2 2 2 2 2 2 2 2 2 2 2
left_child=11 2 -2 -4 -3 6 -6 -8 -7 -10 -5 12 13 -1 -15 -11 17 18 -17
right_child=1 4 3 10 5 8 7 -9 9 15 -12 -13 -14 14 -16 16 -18 -19 -20
leaf_value=-0.00046235471564126819 0.015308466348154793 -0.0023117182562472647 0.011020356777942542 -0.0059590980683158082 0.021669175204905598 0.011446606685166005 0.018505946951715844 -0.0060601598507649193 0.012730038333684208 -0.004620142043568194 0.0047505031991750008 -0.0016964065058730278 0.013681582324206829 0.00036547400057315829 0.018359520396700614 0.0011668300996957855 0.01016548641997835 0.012585435719007538 -0.0033833291270945333
leaf_weight=1724 29 270 33 41 22 27 23 37 20 80 40 1387 20 105 27 792 23 21 202
leaf_count=1724 29 270 33 41 22 27 23 37 20 80 40 1387 20 105 27 792 23 21 202
internal_value=0 0.00104827 0.00526793 0.00271376 0.000650504 0.00129188 0.00826991 0.00335685 0.000800725 0.000548143 -0.000670406 -0.000717837 5.65775e-06 -0.000141712 0.00404607 0.00033022 0.000711751 0.000497528 0.00024215
internal_weight=0 1660 143 114 1517 1247 82 60 1165 1138 81 3263 1876 1856 132 1118 1038 1015 994
internal_count=4923 1660 143 114 1517 1247 82 60 1165 1138 81 3263 1876 1856 132 1118 1038 1015 994
is_linear=0
shrinkage=0.05


Tree=28
num_leaves=20
num_cat=0
split_feature=5 14 3 3 1 5 1 5 15 14 3 3 2 18 7 15 3 14 15
split_gain=1.27087 0.950799 0.999736 2.37914 1.20315 1.16402 1.95366 1.13229 1.50666 2.2257 1.45544 0.805789 0.76861 0.751826 0.733975 0.881748 0.741694 0.661253 0.817031
threshold=6.9750000000000005 2.0950000000000002 5.5500000000000007 3.6400000000000001 0.00048762204348006986 8.8850000000000033 0.00032148717581161789 7.8750000000000009 0.28500000000000009 1.7950000000000002 1.6250000000000002 0.56500000000000006 0.00022032373731710792 -0.025236085848256703 0.010077050391021582 3.3250000000000006 2.0550000000000002 0.35500000000000004 1.8950000000000002
decision_type=2 2 2 2 2 2 2 2 2 2 2 2 2 2 2 2 2 2 2
left_child=11 2 3 4 5 7 13 8 -2 -10 -9 -1 -11 -7 -3 16 -16 18 -13
right_child=1 14 -4 -5 -6 6 -8 10 9 12 -12 17 -14 -15 15 -17 -18 -19 -20
leaf_value=0.0084487574100494383 0.014627628533109541 -0.0030930004012770951 -0.0045741157849197803 0.015729049933808189 -0.0041049835945551217 0.010951548938949902 0.019889595130315196 0.0070824278146028518 -0.00016247582971118391 0.016492257977370174 -0.0031861227433625109 0.00016815749120541372 0.0046553989096234242 -0.00089337032388996432 0.0054640581756830219 0.0099233856291643212 -0.006111061356721386 -0.0010340083121481969 0.010346223674714565
leaf_weight=25 31 160 46 35 65 21 26 45 160 32 148 1395 24 37 25 28 31 2569 20
leaf_count=25 31 160 46 35 65 21 26 45 160 32 148 1395 24 37 25 28 31 2569 20
internal_value=0 0.00156628 0.00253947 0.00306387 0.00231127 0.00310718 0.00850068 0.00207751 0.0043196 0.00284021 -0.000791901 -0.000499787 0.0114193 0.00339531 -0.00110601 0.00267873 -0.000943597 -0.00055594 0.000312017
internal_weight=0 914 670 624 589 524 84 440 247 216 193 4009 56 58 244 84 56 3984 1415
internal_count=4923 914 670 624 589 524 84 440 247 216 193 4009 56 58 244 84 56 3984 1415
is_linear=0
shrinkage=0.05


Tree=29
num_leaves=20
num_cat=0
split_feature=5 15 2 6 16 14 14 5 2 13 5 7 15 15 14 15 14 3 5
split_gain=1.17231 0.915226 1.34198 1.16662 1.56569 0.999327 1.51631 1.98452 3.02997 1.09969 0.999159 0.976908 0.896791 0.870475 0.797638 1.27531 0.920771 2.51041 0.747832
threshold=5.455000000000001 0.16500000000000004 8.0558308584373288e-05 3.9999999999999818 1.0000000000000007 1.0750000000000004 1.2350000000000001 7.1550000000000011 0.00011215935371918587 -8.4999999999999947 5.6350000000000007 0.0012821859444764885 3.6450000000000005 -0.15499999999999997 0.62500000000000011 1.925 0.57500000000000007 1.0650000000000002 5.0650000000000004
decision_type=2 2 2 2 2 2 2 2 2 2 2 2 2 2 2 2 2 2 2
left_child=14 2 -2 4 13 -3 7 -7 -9 -8 11 -11 -12 -4 15 16 18 -18 -1
right_child=1 5 3 -5 -6 6 9 8 -10 10 12 -13 -14 -15 -16 -17 17 -19 -20
leaf_value=-0.00014549385990549185 0.014385054376104784 -0.0020968412887305021 0.0044089212203803274 -0.0048194937800106257 -0.0032857411637388432 0.020625532384623183 0.010721323514978093 0.017321027183662293 -0.0057889588579938221 0.0011254308469317578 -2.6110603528864247e-05 0.01531932574104179 0.0092004585735223909 0.017887214735150338 -0.0015791320032169393 0.012565543539822102 0.00039890063128301083 0.017493244771052293 -0.0041620201185345656
leaf_weight=1590 29 280 23 38 29 22 27 23 37 27 1071 22 27 25 1376 20 105 27 125
leaf_count=1590 29 280 23 38 29 22 27 23 37 27 1071 22 27 25 1376 20 105 27 125
internal_value=0 0.000961606 0.00477309 0.0023492 0.005887 0.00060428 0.00120644 0.00777993 0.00306987 0.000747304 0.000512519 0.0074982 0.000200772 0.0114289 -0.000665729 7.45865e-06 -0.000128525 0.00389547 -0.000438244
internal_weight=0 1680 144 115 77 1536 1256 82 60 1174 1147 49 1098 48 3243 1867 1847 132 1715
internal_count=4923 1680 144 115 77 1536 1256 82 60 1174 1147 49 1098 48 3243 1867 1847 132 1715
is_linear=0
shrinkage=0.05


end of trees

feature_importances:
f_3=101
f_5=80
f_15=80
f_14=73
f_2=47
f_1=44
f_22=19
f_20=16
f_0=13
f_18=11
f_13=10
f_16=10
f_21=10
f_11=9
f_12=7
f_17=7
f_6=6
f_7=6
f_19=6
f_4=4
f_8=4
f_10=4
f_9=3

parameters:
[boosting: gbdt]
[objective: regression]
[metric: binary_logloss]
[tree_learner: serial]
[device_type: cpu]
[data: ]
[valid: ]
[num_iterations: 10]
[learning_rate: 0.05]
[num_leaves: 20]
[num_threads: 0]
[deterministic: 0]
[force_col_wise: 0]
[force_row_wise: 0]
[histogram_pool_size: -1]
[max_depth: -1]
[min_data_in_leaf: 20]
[min_sum_hessian_in_leaf: 0.001]
[bagging_fraction: 0.7]
[pos_bagging_fraction: 1]
[neg_bagging_fraction: 1]
[bagging_freq: 5]
[bagging_seed: 3]
[feature_fraction: 0.9]
[feature_fraction_bynode: 1]
[feature_fraction_seed: 2]
[extra_trees: 0]
[extra_seed: 6]
[early_stopping_round: 0]
[first_metric_only: 0]
[max_delta_step: 0]
[lambda_l1: 0]
[lambda_l2: 0]
[linear_lambda: 0]
[min_gain_to_split: 0]
[drop_rate: 0.1]
[max_drop: 50]
[skip_drop: 0.5]
[xgboost_dart_mode: 0]
[uniform_drop: 0]
[drop_seed: 4]
[top_rate: 0.2]
[other_rate: 0.1]
[min_data_per_group: 100]
[max_cat_threshold: 32]
[cat_l2: 10]
[cat_smooth: 10]
[max_cat_to_onehot: 4]
[top_k: 20]
[monotone_constraints: ]
[monotone_constraints_method: basic]
[monotone_penalty: 0]
[feature_contri: ]
[forcedsplits_filename: ]
[refit_decay_rate: 0.9]
[cegb_tradeoff: 1]
[cegb_penalty_split: 0]
[cegb_penalty_feature_lazy: ]
[cegb_penalty_feature_coupled: ]
[path_smooth: 0]
[interaction_constraints: ]
[verbosity: 0]
[saved_feature_importance_type: 0]
[linear_tree: 0]
[max_bin: 255]
[max_bin_by_feature: ]
[min_data_in_bin: 3]
[bin_construct_sample_cnt: 200000]
[data_random_seed: 1]
[is_enable_sparse: 1]
[enable_bundle: 1]
[use_missing: 1]
[zero_as_missing: 0]
[feature_pre_filter: 1]
[pre_partition: 0]
[two_round: 0]
[header: 0]
[label_column: ]
[weight_column: ]
[group_column: ]
[ignore_column: ]
[categorical_feature: ]
[forcedbins_filename: ]
[precise_float_parser: 0]
[objective_seed: 5]
[num_class: 1]
[is_unbalance: 0]
[scale_pos_weight: 1]
[sigmoid: 1]
[boost_from_average: 1]
[reg_sqrt: 0]
[alpha: 0.9]
[fair_c: 1]
[poisson_max_delta_step: 0.7]
[tweedie_variance_power: 1.5]
[lambdarank_truncation_level: 30]
[lambdarank_norm: 1]
[label_gain: ]
[eval_at: ]
[multi_error_top_k: 1]
[auc_mu_weights: ]
[num_machines: 1]
[local_listen_port: 12400]
[time_out: 120]
[machine_list_filename: ]
[machines: ]
[gpu_platform_id: -1]
[gpu_device_id: -1]
[gpu_use_dp: 0]
[num_gpu: 1]

end of parameters

pandas_categorical:[]
