tree
version=v3
num_class=1
num_tree_per_iteration=1
label_index=0
max_feature_idx=22
objective=regression
feature_names=f_0 f_1 f_2 f_3 f_4 f_5 f_6 f_7 f_8 f_9 f_10 f_11 f_12 f_13 f_14 f_15 f_16 f_17 f_18 f_19 f_20 f_21 f_22
feature_infos=[3.5138360446667107e-07:0.0066553821535006137] [2.5600331918768856e-06:0.0039732576088439284] [9.2225614268401974e-06:0.0029579505118275174] [0.53000000000000003:6.5599999999999996] [-33.000000000000007:46] [2.4100000000000001:21.82] [-101.00000000000016:144.99999999999994] [-0.15710919088766695:0.17837578087457961] [-81:74] [-46:33.999999999999986] [-51.000000000000021:33.999999999999986] [-33.000000000000007:27.999999999999979] [-41:96.000000000000014] [-36.000000000000007:32.999999999999986] [-0.52000000000000002:2.9100000000000001] [-0.94999999999999996:3.8500000000000001] [-52:73.999999999999972] [-28.000000000000004:24.000000000000004] [-0.29572649572649579:0.64215246636771273] [-0.02958455728073861:0.047292143401983289] [-0.054746473503621829:0.033993115318416534] [-0.039377561323276189:0.045346674363414774] [-0.019984292877423981:0.018327052533256172]
tree_sizes=1798 1868 1897 1883 1878 1869 1869 1883 1860 1890 1911 1902 1903 1870 1881 1906 1867 1879 1895 1892

Tree=0
num_leaves=20
num_cat=0
split_feature=3 2 14 2 3 19 7 15 3 14 2 0 2 3 15 7 3 3 8
split_gain=13.1364 3.88659 3.7651 4.44585 3.48095 3.30307 2.96214 2.87936 3.7337 3.37923 2.4847 2.44555 2.34102 2.23188 2.04953 2.08192 2.01524 2.09186 2.01042
threshold=1.385 0.00079495537080474571 1.2850000000000004 0.00015136415005260825 0.56500000000000006 -0.002664749819608236 -0.0044348995618031508 2.8050000000000002 3.0250000000000004 1.7850000000000004 2.4297977801654459e-05 0.00027416650506405113 1.5478480788404975e-05 5.4050000000000011 0.69500000000000006 0.0013434945401823441 5.2150000000000007 6.0750000000000002 1.9999999999999936
decision_type=2 2 2 2 2 2 2 2 2 2 2 2 2 2 2 2 2 2 2
left_child=4 2 3 -2 -1 14 -5 8 10 -9 -4 18 -7 -10 -6 -16 -3 -18 -11
right_child=1 16 7 6 5 12 -8 9 13 11 -12 -13 -14 -15 15 -17 17 -19 -20
leaf_value=0.27795925297436508 0.27616739517619998 0.29187294345055559 0.27996818154579367 0.27386052109030712 0.25935129842891058 0.25202175297436508 0.26079846237607451 0.28889675297436512 0.28473008630769842 0.26755451378861445 0.26252312660073873 0.27720320458726833 0.26080851768024743 0.26444023123523469 0.26369183494157822 0.27300692246589053 0.26545925297436512 0.28548766206527421 0.25452175297436508
leaf_weight=32 218 21 21 69 88 80 117 20 33 393 728 62 1445 23 122 118 32 22 32
leaf_count=32 218 21 21 69 88 80 117 20 33 393 728 62 1445 23 122 118 32 22 32
internal_value=0.264628 0.267589 0.267102 0.271322 0.261609 0.261327 0.265644 0.265802 0.263943 0.268754 0.263012 0.267927 0.260348 0.276397 0.265878 0.268272 0.27873 0.273619 0.266573
internal_weight=0 1791 1716 404 1885 1853 186 1312 805 507 749 487 1525 56 328 240 75 54 425
internal_count=3676 1791 1716 404 1885 1853 186 1312 805 507 749 487 1525 56 328 240 75 54 425
is_linear=0
shrinkage=1


Tree=1
num_leaves=20
num_cat=0
split_feature=5 1 19 2 3 19 12 2 12 1 3 18 5 1 5 0 16 3 21
split_gain=12.8737 3.59331 3.18433 3.17044 2.88188 2.58714 2.38282 2.39029 2.7949 4.08375 2.95711 3.05249 2.47436 2.43877 2.22357 2.3979 2.10096 2.04827 2.12917
threshold=5.3450000000000006 2.1385813771021047e-05 -0.015224678364860243 1.627558896224e-05 0.56500000000000006 -0.0045599464112618384 -1 0.00079495537080474571 2.1666666666666616 7.6878958991197669e-05 1.925 -0.039785839557968709 6.3450000000000006 4.5459384900924521e-05 5.5250000000000012 0.00027416650506405113 -6.2499999999999991 3.0250000000000004 -0.0017671414324958443
decision_type=2 2 2 2 2 2 2 2 2 2 2 2 2 2 2 2 2 2 2
left_child=3 -2 -3 -1 -5 16 14 8 9 10 11 -8 13 -13 -4 -16 -6 18 -11
right_child=1 2 6 4 5 -7 7 -9 -10 17 -12 12 -14 -15 15 -17 -18 -19 -20
leaf_value=-0.011256894673786912 -0.01326075796969235 0.021017165596668538 0.01512469707623772 0.012664537923410536 0.017588823607989721 -0.0031221396659831331 -0.0026238572338353034 0.017046375290767565 -0.00079533408085505168 -0.0012418097200025107 -0.0022696346044540406 0.021682990988095605 0.023663618510038082 0.0032786921328968478 -0.0031712529031520196 0.0061633335365043895 0.0010018908480803172 0.016276439080635707 0.0049663225390824926
leaf_weight=102 32 26 23 32 21 1739 23 37 228 207 32 30 71 45 282 91 210 30 415
leaf_count=102 32 26 23 32 21 1739 23 37 228 207 32 30 71 45 282 91 210 30 415
internal_value=0 0.00332274 0.00366734 -0.00265807 -0.00221997 -0.00246175 0.00336939 0.00454992 0.0041222 0.00543662 0.0116675 0.0143065 0.0169736 0.0106404 3.64598e-05 -0.000893914 0.00250979 0.00351574 0.00290027
internal_weight=0 1572 1540 2104 2002 1970 1514 1118 1081 853 201 169 146 75 396 373 231 652 622
internal_count=3676 1572 1540 2104 2002 1970 1514 1118 1081 853 201 169 146 75 396 373 231 652 622
is_linear=0
shrinkage=0.05


Tree=2
num_leaves=20
num_cat=0
split_feature=5 1 2 2 3 1 5 3 5 2 21 3 15 14 1 1 12 0 1
split_gain=11.6185 3.24296 2.86133 2.71181 2.9791 3.42491 2.72303 2.6009 2.5464 3.0216 2.38076 2.21212 2.14288 2.04893 2.7277 2.52088 2.03029 2.00853 1.87349
threshold=5.3450000000000006 2.1385813771021047e-05 1.627558896224e-05 0.00079495537080474571 1.7850000000000004 6.7506145343790131e-05 6.3450000000000006 0.56500000000000006 6.9750000000000005 0.00025615468592144375 -0.001853548538254812 1.6650000000000003 -0.094999999999999987 2.3250000000000006 0.0002844075817097918 9.5811429149684303e-05 1.0000000180025095e-35 0.00029294299535326018 1.2261793181229876e-05
decision_type=2 2 2 2 2 2 2 2 2 2 2 2 2 2 2 2 2 2 2
left_child=2 -2 -1 4 5 6 -3 -4 13 -10 17 -8 -9 14 -7 -15 -17 -6 -14
right_child=1 3 7 -5 10 8 11 12 9 -11 -12 -13 18 15 -16 16 -18 -19 -20
leaf_value=-0.010694049503289019 -0.012597720348276199 0.0072239846914215426 0.012031310796737672 0.012757118960221608 -0.005212148846614929 -0.0043278480146793606 0.0085081972181797038 -0.008594348945189267 0.010201728052994205 -0.0091149120875026867 0.0029803106257416698 0.028976739536632191 0.0075456556444074598 -0.0051410024364789333 0.0099057578459018619 0.024476299285888674 0.0033876725605555946 0.0043200048406918847 -0.0021730360848021069
leaf_weight=102 32 113 32 75 210 188 22 128 169 23 521 33 51 24 41 25 21 75 1791
leaf_count=102 32 113 32 75 210 188 22 128 169 23 521 33 51 24 41 25 21 75 1791
internal_value=0 0.00315661 -0.00252516 0.00348397 0.00300923 0.00550279 0.011665 -0.00210897 0.00339433 0.00788776 0.00097046 0.0207893 -0.00233866 0.000508914 -0.00177947 0.00799521 0.0148489 -0.00270369 -0.00190395
internal_weight=0 1572 2104 1540 1465 659 168 2002 491 192 806 55 1970 299 229 70 46 285 1842
internal_count=3676 1572 2104 1540 1465 659 168 2002 491 192 806 55 1970 299 229 70 46 285 1842
is_linear=0
shrinkage=0.05


Tree=3
num_leaves=20
num_cat=0
split_feature=5 2 3 13 16 6 1 1 6 19 12 0 3 3 12 6 3 0 3
split_gain=10.683 3.05963 2.82195 2.33239 2.2263 2.15168 3.67134 2.07738 2.03296 1.86889 2.14212 2.80418 1.80311 1.86695 1.62839 1.55774 2.2372 1.51968 2.49564
threshold=4.535000000000001 0.00079495537080474571 0.56500000000000006 -1.0000000180025095e-35 -1.9999999999999976 7.0000000000000071 4.4945515754861363e-05 1.7293513941028839e-05 12.999999999999947 0.008342932271532601 2.5000000000000138 0.00017972022092365962 5.2150000000000007 6.0750000000000002 -4.0000000000000009 -18.999999999999858 4.5700000000000012 0.00028712304409886385 2.3250000000000006
decision_type=2 2 2 2 2 2 2 2 2 2 2 2 2 2 2 2 2 2 2
left_child=2 3 -1 8 9 7 -7 -4 17 10 11 -5 -3 -14 -10 -6 -17 -2 -19
right_child=1 12 5 4 15 6 -8 -9 14 -11 -12 -13 13 -15 -16 16 -18 18 -20
leaf_value=0.011429744958877565 -0.002913182942333625 0.024551157298542205 -0.0094626885756284376 0.0087265691951029286 -0.0082699170861488727 0.016292802803218365 -0.0041027250258546125 -0.0033800657643138516 0.0012148275463418528 0.014902591340395869 -0.005601792652969775 -0.00028032119153067472 -0.00042396527715027332 0.018497150797735562 0.016997664765669749 0.001572847629109557 0.018471265807747841 0.019335955878098807 -0.0040449042320251467
leaf_weight=32 449 21 158 266 39 36 57 1258 44 49 46 128 32 22 26 947 20 21 25
leaf_count=32 449 21 158 266 39 36 57 1258 44 49 46 128 32 22 26 947 20 21 25
internal_value=0 0.00219933 -0.00326333 0.00183817 0.00287245 -0.00357491 0.00379232 -0.00405878 -0.000898575 0.00563994 0.00460842 0.00580047 0.0121193 0.00728464 0.00707702 0.00152722 0.00192235 -0.00202644 0.00662897
internal_weight=0 2135 1541 2060 1495 1509 93 1416 565 489 440 394 75 54 70 1006 967 495 46
internal_count=3676 2135 1541 2060 1495 1509 93 1416 565 489 440 394 75 54 70 1006 967 495 46
is_linear=0
shrinkage=0.05


Tree=4
num_leaves=20
num_cat=0
split_feature=3 19 14 2 2 3 19 3 15 3 1 14 2 14 15 10 3 7 13
split_gain=9.26486 3.00706 2.5247 3.52332 2.7522 3.8982 2.4078 2.63936 2.29667 2.72339 2.65316 2.60293 2.63923 2.46521 2.50846 2.5602 2.73964 2.29301 1.77235
threshold=1.385 -0.015224678364860243 1.2850000000000004 0.00015136415005260825 0.0003959031665177832 2.2450000000000006 -0.002664749819608236 0.56500000000000006 2.8050000000000002 3.0250000000000004 7.624627168555669e-05 1.5950000000000004 7.0721690370348226e-05 1.9650000000000001 2.9450000000000007 -6.9999999999999938 1.5850000000000002 -0.0044348995618031508 5.749999999999984
decision_type=2 2 2 2 2 2 2 2 2 2 2 2 2 2 2 2 2 2 2
left_child=6 -2 3 -3 8 -6 -1 -8 9 10 11 12 -4 -10 -15 -16 -17 -5 -7
right_child=1 2 4 17 5 18 7 -9 13 -11 -12 -13 -14 14 15 16 -18 -19 -20
leaf_value=0.0013605341928579458 0.018746086795415198 0.010056097150124886 0.0024391936354858932 0.0079811624744359193 0.028141228333115578 0.0017228905285630273 0.010858257906511426 -0.0036512893623993044 0.010966257532922234 0.016361357484545029 -0.0047151550436611281 -0.0021053814006095034 0.018563773234685263 0.009219056080622845 0.011855501017054997 0.0069997633341699842 -0.0047361131607149753 -0.0035463030686822988 0.017021817746369735
leaf_weight=328 28 216 86 68 20 107 32 1525 82 21 383 196 36 83 37 64 223 118 23
leaf_count=328 28 216 86 68 20 107 32 1525 82 21 383 196 36 83 37 64 223 118 23
internal_value=0 0.00248908 0.00223088 0.00571237 0.00120255 0.00759117 -0.00253289 -0.00335308 0.000411227 -0.00138075 -0.00191226 0.00146356 0.00719727 0.00305706 0.00146355 -0.000523194 -0.00211905 0.000668039 0.00442962
internal_weight=0 1791 1763 402 1361 150 1885 1557 1211 722 701 318 122 489 407 324 287 186 130
internal_count=3676 1791 1763 402 1361 150 1885 1557 1211 722 701 318 122 489 407 324 287 186 130
is_linear=0
shrinkage=0.05


Tree=5
num_leaves=20
num_cat=0
split_feature=5 14 19 3 14 0 5 12 2 0 17 14 14 1 5 0 8 8 11
split_gain=8.64441 3.50166 2.74256 2.85046 2.47494 2.56698 4.34912 2.4678 2.40304 2.37561 2.08544 1.95197 4.00286 1.94097 2.27885 1.85913 1.82762 1.81405 2.87991
threshold=6.3650000000000011 -0.18499999999999997 -0.0055864668951659526 0.56500000000000006 2.5850000000000004 0.00016372167809122648 7.7950000000000008 -0.50000000000000588 0.00020584368094768589 0.00013632089715384418 -3.9999999999999862 1.135 1.3050000000000004 0.00016127300123694045 7.2950000000000008 0.00029294299535326018 -1.0000000000000118 0.50000000000004496 5.2500000000000222
decision_type=2 2 2 2 2 2 2 2 2 2 2 2 2 2 2 2 2 2 2
left_child=2 -2 10 -4 5 6 7 16 -5 -9 -1 -7 -13 -14 15 -15 -3 18 -12
right_child=1 4 3 8 -6 11 -8 9 -10 -11 17 12 13 14 -16 -17 -18 -19 -20
leaf_value=0.01289282288662223 0.022248345116774242 0.0081934132036708667 0.013063189181788216 -0.0030940096828723429 -0.0068407840171798339 -0.0076263972280318287 0.011747052948368659 0.003196304691153647 0.0039519368147011846 0.020445937501347586 0.0012104901499473131 0.020860717086880295 -0.0074935281585002764 0.0018497824668884278 0.00068686984384515488 0.020116951366265616 -0.0086527008617269825 -0.0054191775816051588 0.020771815052086657
leaf_weight=43 24 21 29 2216 61 57 202 151 128 23 130 27 58 26 314 30 69 76 22
leaf_count=43 24 21 29 2216 61 57 202 151 128 23 130 27 58 26 314 30 69 76 22
internal_value=0 0.0033666 -0.0019723 -0.0025165 0.00293044 0.0035399 0.00622495 0.00199971 -0.00270925 0.00547643 0.00279291 0.00109607 0.00218878 0.00101088 0.002344 0.0116358 -0.00472194 0.000888097 0.00404173
internal_weight=0 1063 2644 2373 1039 978 466 264 2344 174 271 512 455 428 370 56 90 228 152
internal_count=3707 1063 2644 2373 1039 978 466 264 2344 174 271 512 455 428 370 56 90 228 152
is_linear=0
shrinkage=0.05


Tree=6
num_leaves=20
num_cat=0
split_feature=5 12 0 13 3 0 5 12 15 2 19 0 19 7 15 3 5 5 15
split_gain=8.01389 4.00968 3.21184 3.05896 2.80938 2.3611 2.39676 2.27673 2.04264 2.2897 2.02364 1.95923 2.22062 2.16372 2.13973 1.91585 1.89259 2.16186 1.87668
threshold=4.6550000000000011 -1 5.344378791053253e-05 1.0000000000000122 0.56500000000000006 0.00017520244809811979 7.2550000000000008 -5.0000000000000151 3.0250000000000004 0.00014574380346415658 -0.0089128146296259519 5.1707414060151744e-05 -0.004177798567430834 -0.003721119629882141 1.7150000000000001 3.1250000000000004 4.9650000000000007 5.1450000000000005 3.0550000000000002
decision_type=2 2 2 2 2 2 2 2 2 2 2 2 2 2 2 2 2 2 2
left_child=4 2 -2 5 -1 6 16 -4 -7 -10 -6 -8 -13 14 -14 -5 -3 -18 -15
right_child=1 3 7 15 10 8 11 -9 9 -11 -12 12 13 18 -16 -17 17 -19 -20
leaf_value=0.01241002956341053 -0.0076555209637385368 0.0095957253738993501 0.0067759859018793741 -0.0021569780389995349 0.0078156638517975809 -0.00021969779881078806 0.020953591409567242 -0.0017859708662589112 -0.0023161521270161586 0.01906693945488622 -0.0035719446418482925 -0.0025915274748931063 0.015619127026626043 0.021225755481884399 -0.0049209927208721639 0.0081501589944729443 -0.0075996281935813582 0.0038513946978013906 0.005647761400403648
leaf_weight=29 171 122 107 339 40 335 37 283 21 31 1581 37 21 58 32 52 47 335 29
leaf_count=29 171 122 107 339 40 335 37 283 21 31 1581 37 21 58 32 52 47 335 29
internal_value=0 0.00166284 -0.00194206 0.00301467 -0.00301499 0.0043596 0.00605643 0.000563079 0.00121147 0.0104315 -0.00329094 0.0104897 0.00830239 0.0111815 0.00321755 -0.000786208 0.00417403 0.0024425 0.0160331
internal_weight=0 2057 561 1496 1650 1105 718 390 387 52 1621 214 177 140 53 391 504 382 87
internal_count=3707 2057 561 1496 1650 1105 718 390 387 52 1621 214 177 140 53 391 504 382 87
is_linear=0
shrinkage=0.05


Tree=7
num_leaves=20
num_cat=0
split_feature=5 12 0 13 3 0 5 12 20 3 2 19 19 7 8 3 5 5 0
split_gain=7.23253 3.61874 2.89868 2.76071 2.53546 2.13089 2.16307 2.05475 2.00762 2.35852 2.14593 1.82634 1.81814 1.77657 1.73643 1.72906 1.70806 1.95108 1.63292
threshold=4.6550000000000011 -1 5.344378791053253e-05 1.0000000000000122 0.56500000000000006 0.00017520244809811979 7.2550000000000008 -5.0000000000000151 -0.002958215255099927 1.5350000000000004 0.00026312080866362737 -0.0089128146296259519 0.008342932271532601 0.042016041070575445 0.999999999999999 3.1250000000000004 4.9650000000000007 5.1450000000000005 0.00025856034970510208
decision_type=2 2 2 2 2 2 2 2 2 2 2 2 2 2 2 2 2 2 2
left_child=4 2 -2 5 -1 6 16 14 9 -7 -11 -6 -8 -13 -4 -5 -3 -18 -10
right_child=1 3 7 15 11 8 12 -9 18 10 -12 13 -14 -15 -16 -17 17 -19 -20
leaf_value=0.011789529076937972 -0.0072727449499724213 0.0091159388667247342 0.0097701525670431926 -0.0020491291551815024 0.0074248804897069937 -0.0037624334161346024 0.0084450334040303311 -0.0016966723089925813 -0.0060102831189320464 0.019467972982220534 0.0029746879872522857 -0.00364553597821995 0.023936831525393897 0.0077461735904216763 -0.0057353849644246309 0.0077426509788403146 -0.0072196470137606272 0.0036588248944104612 0.0019297596612354606
leaf_weight=29 171 122 84 339 40 37 193 283 107 41 38 1546 21 35 23 52 47 335 164
leaf_count=29 171 122 84 339 40 37 193 283 107 41 38 1546 21 35 23 52 47 335 164
internal_value=0 0.00157969 -0.00184495 0.00286394 -0.00286424 0.00414162 0.00575361 0.000534925 0.00115089 0.0066553 0.0115345 -0.0031264 0.00996526 -0.00339335 0.00643719 -0.000746898 0.00396533 0.00232037 -0.00120524
internal_weight=0 2057 561 1496 1650 1105 718 390 387 116 79 1621 214 1581 107 391 504 382 271
internal_count=3707 2057 561 1496 1650 1105 718 390 387 116 79 1621 214 1581 107 391 504 382 271
is_linear=0
shrinkage=0.05


Tree=8
num_leaves=20
num_cat=0
split_feature=5 12 12 22 3 13 19 14 7 0 5 1 15 7 15 18 15 2 22
split_gain=6.5494 2.96296 2.52468 2.58149 2.32981 2.32347 1.68941 1.6632 1.60203 1.56169 2.42109 3.38489 2.15243 1.9626 2.3703 1.89551 1.72928 2.0539 1.68897
threshold=4.535000000000001 -1 -6.4999999999999938 -0.00014933000538597249 0.56500000000000006 1.0000000000000122 -0.0089128146296259519 1.3050000000000004 0.042016041070575445 0.00017520244809811979 6.3650000000000011 7.624627168555669e-05 1.675 -0.01072102536755448 3.3250000000000006 0.015335469520141866 3.0250000000000004 0.00014574380346415658 2.9298877859296194e-05
decision_type=2 2 2 2 2 2 2 2 2 2 2 2 2 2 2 2 2 2 2
left_child=4 2 3 -2 -1 9 -6 -4 -8 10 -3 12 -12 15 18 -13 -11 -18 -15
right_child=1 5 7 -5 6 -7 8 -9 -10 16 11 13 -14 14 -16 -17 17 -19 -20
leaf_value=0.011200051677638087 0.018728443075503625 0.0025621478519177953 0.0061915132734510631 0.00039027113406384578 0.0079159734003684101 -0.00063112402062336038 -0.0035963468852501152 -0.0038841353075807559 0.0077123494585976012 -0.00012115426580695545 0.027420805683059081 -0.00955401449590116 0.010834288934491716 0.0080621457650881852 -0.0043544738087803129 0.0080623165632669747 -0.0024040351311365765 0.017848096211110394 0.021710719274623053
leaf_weight=29 28 419 45 61 34 417 1468 456 32 340 31 37 53 119 32 26 21 31 28
leaf_count=29 28 419 45 61 34 417 1468 456 32 340 31 37 53 119 32 26 21 31 28
internal_value=0 0.00141603 -0.00160058 0.00615958 -0.00283986 0.00256133 -0.00310528 -0.00297914 -0.00335509 0.00373218 0.00507634 0.00830778 0.0169555 0.00530609 0.00797739 -0.00228378 0.00117759 0.00966935 0.0106619
internal_weight=0 2144 590 89 1563 1554 1534 501 1500 1137 745 326 84 242 179 63 392 52 147
internal_count=3707 2144 590 89 1563 1554 1534 501 1500 1137 745 326 84 242 179 63 392 52 147
is_linear=0
shrinkage=0.05


Tree=9
num_leaves=20
num_cat=0
split_feature=5 12 12 22 3 13 0 16 5 6 2 15 2 14 0 20 10 18 16
split_gain=5.91083 2.67407 2.27852 2.32979 2.10265 2.09693 1.57264 1.99218 1.81752 2.45547 2.29226 2.12312 1.5252 1.50104 1.49834 1.42454 2.13529 1.49027 1.4113
threshold=4.535000000000001 -1 -6.4999999999999938 -0.00014933000538597249 0.56500000000000006 1.0000000000000122 0.00011687405595036205 9.9999999999999947 3.0650000000000004 5.999999999999984 4.2421303549183374e-05 1.7250000000000003 0.00030214435714335646 1.3050000000000004 7.8730153396876785e-05 -0.0013965274163036388 -2.5000000000000129 -0.018972325356272021 12.999999999999996
decision_type=2 2 2 2 2 2 2 2 2 2 2 2 2 2 2 2 2 2 2
left_child=4 2 3 -2 -1 18 7 8 14 -10 11 -11 -7 -4 -6 -15 -17 -18 -3
right_child=1 5 13 -5 6 12 -8 -9 9 10 -12 -13 -14 15 -16 16 17 -19 -20
leaf_value=0.010640048775179633 0.017792020791343281 0.0038686481240120803 0.0058819376097785101 0.00037075747720530781 -0.00044482838377416374 -0.0019343393238362748 -0.0072730841105048726 0.01256572096185251 -0.004318593674879365 0.0019414161642392477 -0.0029774411904568577 0.024704131856560708 0.0062509502229445126 -0.0069669230297828722 0.010468225284583039 0.0042708373986757716 0.00068080115186817513 -0.0090806495641236728 -0.006059388997586998
leaf_weight=29 28 1100 45 61 249 349 185 22 952 21 49 20 68 192 36 104 68 92 37
leaf_count=29 28 1100 45 61 249 349 185 22 952 21 49 20 68 192 36 104 68 92 37
internal_value=0 0.00134523 -0.00152055 0.0058516 -0.00269786 0.00243327 -0.00295002 -0.00235716 -0.00260456 -0.00357231 0.00432175 0.0130452 -0.000599568 -0.00283018 0.000933663 -0.00368993 -0.00130666 -0.00493203 0.00354557
internal_weight=0 2144 590 89 1563 1554 1534 1349 1327 1042 90 41 417 501 285 456 264 160 1137
internal_count=3707 2144 590 89 1563 1554 1534 1349 1327 1042 90 41 417 501 285 456 264 160 1137
is_linear=0
shrinkage=0.05


Tree=10
num_leaves=20
num_cat=0
split_feature=3 19 2 10 15 19 13 7 14 2 15 6 13 22 7 22 22 0 2
split_gain=5.76382 2.57496 2.09016 2.02669 1.77026 1.69152 1.64022 1.58735 1.51018 2.87701 2.29657 2.06131 2.35902 2.21927 1.98757 1.77689 1.77436 1.73549 2.49721
threshold=1.385 -0.015224678364860243 1.627558896224e-05 -10.74999999999997 -0.094999999999999987 -0.0025538360980627002 -2.249999999999996 0.0013434945401823441 1.2850000000000004 0.00015136415005260825 1.9150000000000003 1.7499999999999851 1.9999999999999687 0.00011719121945419354 -0.0044348995618031508 0.0010349843715982134 -9.5713383121420731e-06 0.00015117927769747142 0.0001697251663729839
decision_type=2 2 2 2 2 2 2 2 2 2 2 2 2 2 2 2 2 2 2
left_child=2 -2 -1 -4 -5 7 -7 -6 9 -3 -10 -12 15 -14 16 17 -11 18 -13
right_child=1 8 3 4 5 6 -8 -9 10 14 11 12 13 -15 -16 -17 -18 -19 -20
leaf_value=-0.0091601688297171351 0.017071740276047163 0.0084068988484364959 0.009874415750566282 -0.007458409498212859 -0.0015230003815547676 -0.0093106654187043499 -0.0016964858958734598 0.0056695102502902356 -0.0037350500105983683 0.014574740145887647 0.00022225295980323018 0.0047045792702858046 0.0061063715697903392 0.025527470031132302 -0.0040001332507295121 -0.0085765524456898386 -0.0015857635573907334 2.4570660615289536e-05 0.019974222360178831
leaf_weight=95 28 216 38 128 157 75 1242 150 216 35 709 164 38 24 118 30 33 148 32
leaf_count=95 28 216 38 128 157 75 1242 150 216 35 709 164 38 24 118 30 33 148 32
internal_value=0 0.00202805 -0.00193299 -0.00154942 -0.0017972 -0.001351 -0.0021301 0.00199126 0.00178913 0.00448174 0.000993809 0.00188589 0.00459121 0.0136242 -7.65055e-05 0.00309376 0.00673214 0.00411152 0.00719758
internal_weight=0 1791 1885 1790 1752 1624 1317 307 1763 402 1361 1145 436 62 186 374 68 344 196
internal_count=3676 1791 1885 1790 1752 1624 1317 307 1763 402 1361 1145 436 62 186 374 68 344 196
is_linear=0
shrinkage=0.05


Tree=11
num_leaves=20
num_cat=0
split_feature=5 1 2 2 3 1 21 18 5 7 3 15 3 15 15 5 15 3 8
split_gain=5.33783 2.46608 1.96937 1.93974 2.19333 2.93951 2.08098 1.90307 2.41522 1.84484 1.70499 1.65289 1.86959 1.75574 2.54376 1.64313 2.1589 2.51556 1.90475
threshold=5.3450000000000006 2.1385813771021047e-05 1.627558896224e-05 0.00079495537080474571 1.7850000000000004 6.7506145343790131e-05 -0.001853548538254812 -0.038972044904248375 6.3450000000000006 -0.0021482321182879067 5.2150000000000007 -0.094999999999999987 1.6150000000000004 0.19500000000000003 0.44500000000000006 2.5750000000000006 0.19500000000000003 0.99500000000000011 -1.0000000180025095e-35
decision_type=2 2 2 2 2 2 2 2 2 2 2 2 2 2 2 2 2 2 2
left_child=2 -2 -1 4 5 7 9 -3 -9 -6 -5 -7 -13 -14 -15 18 17 -17 -4
right_child=1 3 15 10 6 11 -8 8 -10 -11 -12 12 13 14 -16 16 -18 -19 -20
leaf_value=-0.0083426792154855586 -0.011421629724791275 -0.0037375893965363501 -0.0037843766946877755 0.022194270097783637 -0.0064644908800721166 -0.011011776320636274 0.0021928097263779387 0.0074927700683474537 0.021119548907305333 0.0016018203031271697 0.0055720062529047328 -0.00030149795753615249 0.01927159056812525 -0.0090478032354650833 0.0067083695285460529 -0.0082286681458354008 -0.0009454002462451587 0.008495205844044687 0.015790551000114145
leaf_weight=102 32 22 21 21 165 22 521 99 47 120 54 231 22 29 187 186 1741 25 29
leaf_count=102 32 22 21 21 165 22 521 99 47 120 54 231 22 29 187 186 1741 25 29
internal_value=0 0.00217928 -0.00163336 0.0024619 0.00206441 0.00418259 0.000332545 0.00983438 0.0118795 -0.00306815 0.0102262 0.00224878 0.00287081 0.00594981 0.00459296 -0.00129153 -0.00151849 -0.00624717 0.00756908
internal_weight=0 1572 2104 1540 1465 659 806 168 146 285 75 491 469 238 216 2002 1952 211 50
internal_count=3676 1572 2104 1540 1465 659 806 168 146 285 75 491 469 238 216 2002 1952 211 50
is_linear=0
shrinkage=0.0495


Tree=12
num_leaves=20
num_cat=0
split_feature=3 19 2 10 15 14 2 19 20 3 2 20 16 3 2 7 1 14 2
split_gain=4.76542 2.30782 1.70501 1.81086 1.45167 1.54082 2.16506 2.45693 1.82831 1.90536 2.12909 2.03776 2.05929 2.03475 1.80316 1.74392 1.71192 1.64723 1.57351
threshold=1.385 -0.015224678364860243 1.627558896224e-05 -10.74999999999997 -0.094999999999999987 0.31500000000000006 4.0214731924067136e-05 -0.0016452740779763218 -0.010099462816854142 0.9850000000000001 0.00011235023966760337 -0.0015500872506000183 0.99999999999998435 1.1450000000000002 0.00020584368094768589 -0.018420254037186442 0.00022456537024712818 0.16500000000000004 3.5767158084005221e-05
decision_type=2 2 2 2 2 2 2 2 2 2 2 2 2 2 2 2 2 2 2
left_child=2 -2 -1 -4 -5 8 7 18 -6 11 13 12 -10 -11 16 -9 17 -12 -7
right_child=1 -3 3 4 5 6 -8 15 9 10 14 -13 -14 -15 -16 -17 -18 -19 -20
leaf_value=-0.0081201545296287862 0.015765933083343717 0.0015856906328400595 0.0092004777667769478 -0.0066371708108950407 -0.0088481297221630808 0.0037542581348726524 -0.0041268020667212793 0.011240186110949143 -0.0023625839527532458 0.020132506023868919 -0.0049005130458075787 -0.0033145386738333139 0.011378689245790243 0.0028520268967822194 0.011819413033572691 -0.0025704315450900167 -0.012840041962878211 0.0070795073785632854 0.019343329755012757
leaf_weight=95 28 1763 38 128 45 48 638 24 50 36 49 247 55 30 35 258 23 63 23
leaf_count=95 28 1763 38 128 45 48 638 24 50 36 49 247 55 30 35 258 23 63 23
internal_value=0 0.00180738 -0.00172262 -0.00138309 -0.00161264 -0.00121662 -0.00242301 0.000656357 0.000672062 0.00140065 0.00480751 -0.000883501 0.00483523 0.0122777 0.00190731 -0.00139506 -0.000662497 0.00183825 0.00880424
internal_weight=0 1791 1885 1790 1752 1624 991 353 633 588 236 352 105 66 170 282 135 112 71
internal_count=3676 1791 1885 1790 1752 1624 991 353 633 588 236 352 105 66 170 282 135 112 71
is_linear=0
shrinkage=0.049005


Tree=13
num_leaves=20
num_cat=0
split_feature=5 1 19 5 15 3 8 19 14 2 16 5 7 3 12 2 6 0 3
split_gain=4.47974 2.22921 1.90567 1.61389 1.7299 2.12248 1.70103 1.64312 1.79387 1.70194 1.51585 1.49518 1.81124 2.42956 1.51651 1.57613 1.64146 1.51295 1.50299
threshold=5.3450000000000006 2.1385813771021047e-05 -0.015224678364860243 2.5750000000000006 0.19500000000000003 0.99500000000000011 -1.0000000180025095e-35 -0.0045599464112618384 0.115 7.5625562458475095e-05 -6.2499999999999991 5.5250000000000012 0.0064580692255675762 1.3550000000000002 -1 0.00079495537080474571 -17.500000000000068 0.00027416650506405113 5.1750000000000016
decision_type=2 2 2 2 2 2 2 2 2 2 2 2 2 2 2 2 2 2 2
left_child=3 -2 -3 6 5 -5 -1 10 9 -9 -6 12 13 -4 17 16 -16 -13 -18
right_child=1 2 11 4 7 -7 -8 8 -10 -11 -12 14 -14 -15 15 -17 18 -19 -20
leaf_value=-0.0033701208830614177 -0.010717149253395642 0.015243234748046961 0.0018381713043396889 -0.0074850199513760794 0.015198031271061301 0.0075386886488065128 0.014760288333758404 -0.0016452175957538189 -0.0022410111395899453 0.0084971023379175961 0.0014656891966150342 -0.0027838248982861085 -0.001379867592805547 0.022796312748003155 -0.0068470615688337394 0.012405281792300859 0.0023546803928631132 0.0044106113128516778 0.015792552105866522
leaf_weight=21 32 26 23 193 21 25 29 81 1468 75 191 282 29 30 45 37 957 91 20
leaf_count=21 32 26 23 193 21 25 29 81 1468 75 191 282 29 30 45 37 957 91 20
internal_value=0 0.00195675 0.0022201 -0.00146651 -0.00167615 -0.00576212 0.00714552 -0.001191 -0.00171538 0.0032309 0.00282597 0.00199646 0.0083677 0.0137013 0.00163162 0.00256861 0.00221249 -0.00102861 0.00262976
internal_weight=0 1572 1540 2104 2054 218 50 1836 1624 156 212 1514 82 53 1432 1059 1022 373 977
internal_count=3676 1572 1540 2104 2054 218 50 1836 1624 156 212 1514 82 53 1432 1059 1022 373 977
is_linear=0
shrinkage=0.048515


Tree=14
num_leaves=20
num_cat=0
split_feature=5 1 19 2 1 3 19 6 5 20 15 14 2 9 5 7 3 12 2
split_gain=4.05561 2.01816 1.72525 1.58217 1.3612 2.46521 1.46058 1.53644 1.56615 1.71411 1.40483 1.54784 2.03728 1.4504 1.35362 1.64538 1.96418 1.37293 1.42691
threshold=5.3450000000000006 2.1385813771021047e-05 -0.015224678364860243 1.627558896224e-05 1.2261793181229876e-05 1.3350000000000002 -0.002664749819608236 11.999999999999835 2.5950000000000002 -0.0012739468566642096 0.69500000000000006 0.32500000000000007 8.0414526571376109e-05 3.9999999999999987 5.5250000000000012 0.0034811820649051088 1.3550000000000002 -1 0.00079495537080474571
decision_type=2 2 2 2 2 2 2 2 2 2 2 2 2 2 2 2 2 2 2
left_child=3 -2 -3 -1 5 -5 10 8 9 -8 13 -12 -13 -6 15 16 -4 -16 -19
right_child=1 2 14 4 6 -7 7 -9 -10 -11 11 12 -14 -15 17 -17 -18 18 -20
leaf_value=-0.0072164944055924012 -0.010095235192890965 0.014358672831452072 0.0030720310687359113 -0.0021143943896633237 -0.007973393378999695 0.018369416170443697 0.015720832457606762 0.0071289919788206793 -0.0024919116154360084 -0.00097627946157482766 0.0094470106373593984 0.0034779515875242337 -0.0076919363425120126 0.0066926251079814812 -0.00096892365217530509 0.0001914547658687364 0.022997157099676778 0.0020840974855168355 0.01168540579649356
leaf_weight=102 32 26 21 33 60 23 23 42 1474 37 66 175 48 21 373 36 25 1022 37
leaf_count=102 32 26 21 33 60 23 23 42 1474 37 66 175 48 21 373 36 25 1022 37
internal_value=0 0.0018432 0.00209127 -0.00138141 -0.00108412 0.0062986 -0.00129657 -0.00193414 -0.00218228 0.00542428 0.00141912 0.00298592 0.00107367 -0.00417109 0.0018806 0.00788212 0.0139009 0.00153694 0.00241955
internal_weight=0 1572 1540 2104 2002 56 1946 1576 1534 60 370 289 223 81 1514 82 46 1432 1059
internal_count=3676 1572 1540 2104 2002 56 1946 1576 1534 60 370 289 223 81 1514 82 46 1432 1059
is_linear=0
shrinkage=0.0480298


Tree=15
num_leaves=20
num_cat=0
split_feature=5 14 14 19 17 3 14 15 17 21 15 7 2 8 14 0 18 7 14
split_gain=3.72689 2.7247 1.98279 1.59417 1.91603 1.72874 1.85545 2.93396 2.36721 1.90711 2.83686 1.8059 1.73709 1.60324 1.3995 1.72148 1.58611 1.5741 2.63495
threshold=6.3650000000000011 -0.18499999999999997 2.7550000000000003 -0.0054225955475132306 -4.2499999999999973 2.0150000000000001 0.31500000000000006 0.85500000000000009 2.0000000000000013 -0.00091638040603914106 1.0050000000000001 0.0049006775087313556 0.00014272775835659257 1.9999999999999853 2.4225000000000003 2.7089557315398225e-05 -0.014788230291365166 -0.02399704688076781 0.58500000000000008
decision_type=2 2 2 2 2 2 2 2 2 2 2 2 2 2 2 2 2 2 2
left_child=3 -2 -3 4 -1 6 7 8 -5 10 -9 -10 -11 -6 17 -16 -17 18 -8
right_child=1 2 -4 5 13 -7 14 9 11 12 -12 -13 -14 -15 15 16 -18 -19 -20
leaf_value=0.013937346814414888 0.017913364874215149 0.0020063514214954037 -0.012754394650782616 -0.0024532265397384811 0.0023531162262542373 0.0086792946516888164 0.011973268488664571 0.026562977606929827 -0.00073224813634748681 0.0063889539657457179 0.0033629813336080866 0.011989707799900664 -0.0083916603662650465 -0.0086172348947765268 -0.0050454711599949827 0.0099517727795030032 -0.00048926726374727135 -0.0038970777542540209 -0.0031319743458547464
leaf_weight=28 24 1018 21 575 216 36 39 22 52 64 26 49 25 35 73 58 76 1191 79
leaf_count=28 24 1018 21 575 216 36 39 22 52 64 26 49 25 35 73 58 76 1191 79
internal_value=0 0.00207389 0.00170801 -0.00125986 0.00213948 -0.00166089 -0.00182072 1.1978e-05 -0.00127394 0.00635711 0.0139963 0.00543979 0.0022371 0.000823386 -0.00280355 0.000829464 0.00402999 -0.00337807 0.00186044
internal_weight=0 1063 1039 2644 279 2365 2329 813 676 137 48 101 89 251 1516 207 134 1309 118
internal_count=3707 1063 1039 2644 279 2365 2329 813 676 137 48 101 89 251 1516 207 134 1309 118
is_linear=0
shrinkage=0.0475495


Tree=16
num_leaves=20
num_cat=0
split_feature=5 14 14 0 5 22 0 3 3 5 0 12 6 2 3 14 15 19 15
split_gain=3.3809 2.47174 1.8376 1.99463 3.19545 1.70812 1.6659 1.65116 2.37009 1.64259 2.699 1.53261 1.48825 2.21466 2.24087 1.58875 1.60923 1.44617 1.76792
threshold=6.3650000000000011 -0.18499999999999997 2.5850000000000004 0.00016372167809122648 7.7950000000000008 0.0012311415773076375 3.7175081346069978e-05 1.7550000000000001 1.5450000000000002 7.2950000000000008 0.00032587378225648356 1.0000000000000007 -9.0000000000000284 0.0001716112529503363 1.5450000000000002 1.8425000000000002 2.0250000000000004 -0.0054225955475132306 3.4350000000000005
decision_type=2 2 2 2 2 2 2 2 2 2 2 2 2 2 2 2 2 2 2
left_child=17 -2 3 4 7 9 -6 8 -3 10 11 -5 -8 14 -14 16 -15 18 -1
right_child=1 2 -4 5 6 -7 12 -9 -10 -11 -12 -13 13 15 -16 -17 -18 -19 -20
leaf_value=0.00094829441833832733 0.016890977108382641 -0.0023093486701237765 -0.0063163713178649048 -0.0055733823013137587 0.021685523903186142 0.013562465351294708 -0.0016726756542003484 -0.001821961993217196 0.012791290110349997 -0.0018019535306425349 0.016221976693789046 0.010199766525910264 0.017924460711505354 0.019882525858872374 0.00026947284233581794 0.026703434025763376 0.001224823207243453 -0.0015660929739217688 0.015151774410935161
leaf_weight=258 24 42 61 43 20 20 33 171 51 397 32 20 21 21 66 21 20 2365 21
leaf_count=258 24 42 61 43 20 20 33 171 51 397 32 20 21 21 66 21 20 2365 21
internal_value=0 0.00195552 0.00161053 0.00210495 0.00433331 7.67908e-05 0.00878967 0.000923514 0.00597165 -0.000471407 0.00508888 -0.000566033 0.00737254 0.00937584 0.00453102 0.0161742 0.0107812 -0.00118796 0.00201737
internal_weight=0 1063 1039 978 466 512 202 264 93 492 95 63 182 149 87 62 41 2644 279
internal_count=3707 1063 1039 978 466 512 202 264 93 492 95 63 182 149 87 62 41 2644 279
is_linear=0
shrinkage=0.047074


Tree=17
num_leaves=20
num_cat=0
split_feature=3 12 3 13 13 16 20 3 14 3 2 0 0 22 22 0 6 19 9
split_gain=2.42543 2.6984 2.12131 1.95655 1.85057 2.32768 1.8007 2.71731 1.69502 1.54725 1.52605 1.88945 1.44796 2.07239 1.51139 1.88681 1.50555 1.84318 1.67703
threshold=1.1250000000000002 -1 1.1450000000000002 -7.9999999999999725 1.0000000000000122 -6.9999999999999885 -0.0033717298825469695 1.3050000000000004 1.3050000000000004 0.56500000000000006 0.00025615468592144375 0.000211239021436684 0.0001831492021232708 -0.0013171373153981756 1.2077732286730482e-05 0.00025856034970510208 4.0000000000000488 0.00088303025216152087 -2.9999999999999853
decision_type=2 2 2 2 2 2 2 2 2 2 2 2 2 2 2 2 2 2 2
left_child=9 3 -3 -2 6 -6 7 -4 -5 -1 11 -9 13 -8 15 -14 -15 18 -18
right_child=1 2 4 8 5 -7 12 10 -10 -11 -12 -13 14 16 -16 -17 17 -19 -20
leaf_value=0.0088988312214743747 0.0083257294609588445 0.012912747945531601 -0.0036008388477563229 0.0051582954331527214 0.013710340222004458 -0.0018377384597964321 -0.009631563298218274 0.0078507445395677479 -0.0032041192005829895 -0.0019750485327548746 0.00090903341634828848 0.020574639171049725 -0.0051132781772161877 0.002254281609682825 -0.0063442867324636212 0.0048883684434898652 0.0072693038171962364 0.001047689238575295 0.023878143020586187
leaf_weight=29 39 36 54 58 22 423 28 139 570 1421 50 31 66 450 90 108 31 39 23
leaf_count=29 39 36 54 58 22 423 28 139 570 1421 50 31 66 450 90 108 31 39 23
internal_value=0 0.000685141 0.00172882 -0.00180279 0.00146973 -0.00106907 0.00248846 0.00576669 -0.00243179 -0.00175757 0.008066 0.010171 0.00141273 0.00273231 -0.00144136 0.00109464 0.00336986 0.0087678 0.0143434
internal_weight=0 2257 1590 667 1554 445 1109 274 628 1450 220 170 835 571 264 174 543 93 54
internal_count=3707 2257 1590 667 1554 445 1109 274 628 1450 220 170 835 571 264 174 543 93 54
is_linear=0
shrinkage=0.0466033


Tree=18
num_leaves=20
num_cat=0
split_feature=5 14 14 15 14 19 15 1 15 12 0 14 0 2 2 6 21 14 1
split_gain=2.8789 2.15698 1.68313 1.39689 2.15343 2.04267 1.96119 1.62342 1.85881 1.81646 1.60661 1.86567 1.59598 1.30482 2.97269 1.47578 1.99771 1.23314 3.6051
threshold=6.3650000000000011 -0.18499999999999997 2.7550000000000003 -0.094999999999999987 0.31500000000000006 -0.0054225955475132306 0.85500000000000009 8.079098176176992e-05 1.925 1.9999999999999687 1.5233475989462902e-05 -0.094999999999999987 4.6014024527960253e-05 6.6134828531206222e-05 0.00011609724877024905 -1.0000000000001117 -0.00075442757174209996 0.10500000000000002 0.00021531351104665624
decision_type=2 2 2 2 2 2 2 2 2 2 2 2 2 2 2 2 2 2 2
left_child=3 -2 -3 10 6 7 17 8 -6 12 11 -1 -10 -8 -15 -16 -17 18 -5
right_child=1 2 -4 4 5 -7 13 -9 9 -11 -12 -13 -14 14 15 16 -18 -19 -20
leaf_value=0.0084825164711884171 0.015447063522146752 0.0017234505533487347 -0.011472324285495817 -0.00022324464310765848 -0.0024217445625745533 -0.0022201782224170576 -0.003201605564967474 -0.0040484798854874791 0.0077962493876657614 0.0018013917071408589 -0.0079872801918265037 -0.0086350682647523234 0.023729613088571151 0.016843706007807643 -0.0048758690560126309 0.01764829066779295 -0.0024989986247329035 -0.002209160715396763 0.013033283587490816
leaf_weight=33 24 1018 21 248 45 1552 27 54 32 43 122 23 23 49 34 22 20 264 53
leaf_count=33 24 1018 21 248 45 1552 27 54 32 43 122 23 23 49 34 22 20 264 53
internal_value=0 0.00177261 0.00145674 -0.0010704 -0.000785487 -0.00165843 0.00134391 0.00276713 0.00534086 0.00890532 -0.00501759 0.00145208 0.0144593 0.00599606 0.00798276 0.00226977 0.00805434 9.23556e-05 0.00211096
internal_weight=0 1063 1039 2644 2466 1749 717 197 143 98 178 56 55 152 125 76 42 565 301
internal_count=3707 1063 1039 2644 2466 1749 717 197 143 98 178 56 55 152 125 76 42 565 301
is_linear=0
shrinkage=0.0461372


Tree=19
num_leaves=20
num_cat=0
split_feature=5 0 7 2 22 5 19 17 8 11 7 2 3 3 21 21 18 20 3
split_gain=2.62388 1.94958 2.35089 1.94337 1.87414 1.6475 1.39508 1.90111 1.83806 2.57266 1.5794 1.99909 1.41189 1.38765 1.30965 1.56226 1.50078 1.51693 1.85398
threshold=7.0150000000000006 0.00034891114498748624 0.0047425369491790334 7.9109284232523684e-05 0.00038000823899497776 11.550000000000002 -0.0054225955475132306 -3.9999999999999862 0.50000000000004496 5.999999999999984 -0.011713971295001733 5.6251316868879579e-05 1.6950000000000001 2.4750000000000005 0.001241466842008099 0.00035291281533977875 -0.034003390731269172 0.0018735399989819881 2.2750000000000004
decision_type=2 2 2 2 2 2 2 2 2 2 2 2 2 2 2 2 2 2 2
left_child=1 6 -3 -2 14 -6 7 12 9 10 -9 -12 -1 -8 15 -5 -16 18 -18
right_child=3 2 -4 4 5 -7 13 8 -10 -11 11 -13 -14 -15 16 -17 17 -19 -20
leaf_value=0.015473240043271209 0.012881712889572267 -0.001009793860389991 0.015018575082599003 5.9343845690804126e-05 0.012153757731952472 -0.0022579894254407141 -0.00155700219128929 -0.0066439996132284657 -0.0052600057846383446 0.018299530625044927 0.011393187141013093 -0.0014662116778621564 0.00073112875048201729 0.0094793098621028873 -0.001930971801323497 -0.0093467263628720758 0.006549010302535475 0.010804182146531954 -0.0037067343435812478
leaf_weight=33 33 42 35 363 59 23 2466 42 87 20 43 61 23 24 90 41 95 67 60
leaf_count=33 33 42 35 363 59 23 2466 42 87 20 43 61 23 24 90 41 95 67 60
internal_value=0 -0.000894159 0.00627583 0.00201974 0.00157056 0.00811144 -0.0010914 0.00180331 0.000117748 0.00293621 0.000831645 0.00385066 0.00941844 -0.00145063 0.000821467 -0.000895233 0.00304437 0.00506141 0.00257904
internal_weight=0 2876 77 831 798 82 2799 309 253 166 146 104 56 2490 716 404 312 222 155
internal_count=3707 2876 77 831 798 82 2799 309 253 166 146 104 56 2490 716 404 312 222 155
is_linear=0
shrinkage=0.0456759


end of trees

feature_importances:
f_3=54
f_2=41
f_5=38
f_14=31
f_0=29
f_15=28
f_19=25
f_1=21
f_12=19
f_7=17
f_6=10
f_13=10
f_22=10
f_8=8
f_16=7
f_20=7
f_21=7
f_18=6
f_10=4
f_17=4
f_9=2
f_11=2

parameters:
[boosting: gbdt]
[objective: regression]
[metric: binary_logloss]
[tree_learner: serial]
[device_type: cpu]
[data: ]
[valid: ]
[num_iterations: 10]
[learning_rate: 0.0456759]
[num_leaves: 20]
[num_threads: 0]
[deterministic: 0]
[force_col_wise: 0]
[force_row_wise: 0]
[histogram_pool_size: -1]
[max_depth: -1]
[min_data_in_leaf: 20]
[min_sum_hessian_in_leaf: 0.001]
[bagging_fraction: 0.7]
[pos_bagging_fraction: 1]
[neg_bagging_fraction: 1]
[bagging_freq: 5]
[bagging_seed: 3]
[feature_fraction: 0.9]
[feature_fraction_bynode: 1]
[feature_fraction_seed: 2]
[extra_trees: 0]
[extra_seed: 6]
[early_stopping_round: 0]
[first_metric_only: 0]
[max_delta_step: 0]
[lambda_l1: 0]
[lambda_l2: 0]
[linear_lambda: 0]
[min_gain_to_split: 0]
[drop_rate: 0.1]
[max_drop: 50]
[skip_drop: 0.5]
[xgboost_dart_mode: 0]
[uniform_drop: 0]
[drop_seed: 4]
[top_rate: 0.2]
[other_rate: 0.1]
[min_data_per_group: 100]
[max_cat_threshold: 32]
[cat_l2: 10]
[cat_smooth: 10]
[max_cat_to_onehot: 4]
[top_k: 20]
[monotone_constraints: ]
[monotone_constraints_method: basic]
[monotone_penalty: 0]
[feature_contri: ]
[forcedsplits_filename: ]
[refit_decay_rate: 0.9]
[cegb_tradeoff: 1]
[cegb_penalty_split: 0]
[cegb_penalty_feature_lazy: ]
[cegb_penalty_feature_coupled: ]
[path_smooth: 0]
[interaction_constraints: ]
[verbosity: 0]
[saved_feature_importance_type: 0]
[linear_tree: 0]
[max_bin: 255]
[max_bin_by_feature: ]
[min_data_in_bin: 3]
[bin_construct_sample_cnt: 200000]
[data_random_seed: 1]
[is_enable_sparse: 1]
[enable_bundle: 1]
[use_missing: 1]
[zero_as_missing: 0]
[feature_pre_filter: 1]
[pre_partition: 0]
[two_round: 0]
[header: 0]
[label_column: ]
[weight_column: ]
[group_column: ]
[ignore_column: ]
[categorical_feature: ]
[forcedbins_filename: ]
[precise_float_parser: 0]
[objective_seed: 5]
[num_class: 1]
[is_unbalance: 0]
[scale_pos_weight: 1]
[sigmoid: 1]
[boost_from_average: 1]
[reg_sqrt: 0]
[alpha: 0.9]
[fair_c: 1]
[poisson_max_delta_step: 0.7]
[tweedie_variance_power: 1.5]
[lambdarank_truncation_level: 30]
[lambdarank_norm: 1]
[label_gain: ]
[eval_at: ]
[multi_error_top_k: 1]
[auc_mu_weights: ]
[num_machines: 1]
[local_listen_port: 12400]
[time_out: 120]
[machine_list_filename: ]
[machines: ]
[gpu_platform_id: -1]
[gpu_device_id: -1]
[gpu_use_dp: 0]
[num_gpu: 1]

end of parameters

pandas_categorical:[]
