tree
version=v3
num_class=1
num_tree_per_iteration=1
label_index=0
max_feature_idx=22
objective=regression
feature_names=f_0 f_1 f_2 f_3 f_4 f_5 f_6 f_7 f_8 f_9 f_10 f_11 f_12 f_13 f_14 f_15 f_16 f_17 f_18 f_19 f_20 f_21 f_22
feature_infos=[2.811842593898112e-07:0.0089292451603560918] [2.1333248529010825e-06:0.0055990001705921817] [4.7857545124566229e-06:0.003721014941950642] [0.53000000000000003:6.5599999999999996] [-33.000000000000007:48] [2.4100000000000001:21.82] [-101.00000000000016:144.99999999999994] [-3.0196613872200984:0.53086419753086433] [-81:74] [-46:33.999999999999986] [-51.000000000000021:33.999999999999986] [-33.000000000000007:29.000000000000004] [-41:96.000000000000014] [-36.000000000000007:32.999999999999986] [-0.83999999999999997:2.9100000000000001] [-1.3200000000000001:3.8500000000000001] [-52:73.999999999999972] [-28.000000000000004:24.000000000000004] [-0.29572649572649579:1.1559792027729636] [-0.02958455728073861:0.047292143401983289] [-0.054746473503621829:0.033993115318416534] [-0.078445945945946005:0.045346674363414774] [-0.019984292877423981:0.018327052533256172]
tree_sizes=1832 1892 1898 1893 1882 1884 1892 1893 1914 1877 1885 1852 1854 1899 1891 1857 1884 1892 1890 1899 1859 1892 1906 1892 1891 1851 1850 1890 1908 1856

Tree=0
num_leaves=20
num_cat=0
split_feature=3 3 15 2 15 14 1 3 15 14 14 15 3 2 15 15 2 15 2
split_gain=15.6145 7.65404 4.67184 5.77354 5.2488 8.00884 3.85073 3.8158 3.19431 3.16488 4.06027 10.6626 5.96476 5.09784 3.03987 4.14982 2.90569 2.89247 7.78172
threshold=1.3650000000000004 0.56500000000000006 0.25500000000000006 7.7600741652991979e-05 1.6150000000000004 1.2550000000000001 2.493487752605249e-05 0.6150000000000001 1.0000000180025095e-35 -0.014999999999999998 0.62500000000000011 1.5650000000000002 0.99500000000000011 4.7079524020199962e-05 2.4150000000000005 3.1750000000000003 9.4781576690666479e-05 1.1050000000000002 0.00019431273379102616
decision_type=2 2 2 2 2 2 2 2 2 2 2 2 2 2 2 2 2 2 2
left_child=1 -1 3 -2 17 -6 -7 -3 -5 -9 11 -11 13 14 -12 -16 -15 18 -4
right_child=2 7 4 8 5 6 -8 9 -10 10 12 -13 -14 16 15 -17 -18 -19 -20
leaf_value=0.2722449904113835 0.2800574904113835 0.24347438601577909 0.26221781649834003 0.25178303388964435 0.26828236154540408 0.24435147189286496 0.25419817887604634 0.24254979336704852 0.26469925870406641 0.25047039201780918 0.25261819185023238 0.28231443485582791 0.24365858101541032 0.24250575200078744 0.27567486846016398 0.25120332374471682 0.25814026068165374 0.24501284755424063 0.24523195360156752
leaf_weight=32 32 455 115 115 97 108 1231 203 82 996 139 27 596 151 41 30 37 273 163
leaf_count=32 32 455 115 115 97 108 1231 203 82 996 139 27 596 151 41 30 37 273 163
internal_value=0.250389 0.247936 0.253597 0.260359 0.252817 0.254409 0.253404 0.247646 0.257159 0.248501 0.2491 0.251311 0.246824 0.251563 0.256918 0.265335 0.245583 0.248669 0.252258
internal_weight=0 2707 2216 229 1987 1436 1339 2675 197 2220 2017 1023 994 398 210 71 188 551 278
internal_count=4923 2707 2216 229 1987 1436 1339 2675 197 2220 2017 1023 994 398 210 71 188 551 278
is_linear=0
shrinkage=1


Tree=1
num_leaves=20
num_cat=0
split_feature=3 3 1 3 5 2 5 2 3 5 1 3 3 3 21 14 14 5 14
split_gain=14.0921 6.90777 4.20832 3.75745 12.9328 4.96344 4.41777 3.58425 7.03011 5.65412 3.65784 3.44376 3.30933 3.27515 3.06638 2.85631 3.66439 6.62285 4.13175
threshold=1.3650000000000004 0.56500000000000006 2.4507342719458398e-05 1.7850000000000004 6.9350000000000014 0.00027109543416519263 8.1250000000000018 4.9286928080083225e-05 1.6850000000000003 4.5050000000000008 6.3163728091431213e-05 0.6150000000000001 1.3950000000000002 1.4150000000000003 0.011781788743229106 -0.014999999999999998 0.62500000000000011 3.1050000000000004 1.5150000000000003
decision_type=2 2 2 2 2 2 2 2 2 2 2 2 2 2 2 2 2 2 2
left_child=1 -1 12 4 7 6 -6 8 -4 13 -11 -3 -2 -9 -5 -13 -17 -18 -19
right_child=2 11 3 14 5 -7 -8 9 -10 10 -12 15 -14 -15 -16 16 17 18 -20
leaf_value=0.020762750506401063 0.013873652900968279 -0.0065693232711854874 0.0049246408129957593 0.00079127477173224236 0.024142733034286792 -0.0075048826634883884 0.0089891926434479252 0.023750373956404235 0.031493486618173534 -0.0096005092422986778 0.0010449346248060465 -0.0074476865712057782 -0.0073824840825754447 0.0049289041909120861 0.015872448214462827 0.00087531731770768082 0.012436352730278046 -0.0076915594844823125 -0.0010314699565316294
leaf_weight=32 21 455 176 911 131 20 76 38 29 97 480 203 143 59 35 1023 62 477 455
leaf_count=32 21 455 176 911 131 20 76 38 29 97 480 203 143 59 35 1023 62 477 455
internal_value=0 -0.00233033 0.00304671 0.0036627 0.00564147 0.016281 0.0185791 0.00289384 0.00868316 0.001133 -0.000744681 -0.00260658 -0.00466066 0.0123023 0.00134925 -0.0017944 -0.00122543 -0.00338746 -0.00444012
internal_weight=0 2707 2216 2052 1106 227 207 879 205 674 577 2675 164 97 946 2220 2017 994 932
internal_count=4923 2707 2216 2052 1106 227 207 879 205 674 577 2675 164 97 946 2220 2017 994 932
is_linear=0
shrinkage=0.05


Tree=2
num_leaves=20
num_cat=0
split_feature=3 3 15 2 15 14 5 0 14 3 1 15 2 15 2 14 14 15 5
split_gain=12.7181 6.23427 4.05539 4.88476 4.62698 6.74301 3.9419 3.19368 3.30434 3.108 3.00361 2.78205 3.84247 2.64085 3.3866 2.6082 3.50954 9.53108 5.97712
threshold=1.3650000000000004 0.56500000000000006 0.25500000000000006 7.7600741652991979e-05 1.6150000000000004 1.2550000000000001 5.2250000000000005 2.8036663198574729e-05 1.4750000000000003 0.6150000000000001 0.00033002821698263244 1.0000000180025095e-35 0.00021139250230451601 1.2750000000000001 0.00019431273379102616 1.0000000180025095e-35 0.62500000000000011 1.5650000000000002 3.1050000000000004
decision_type=2 2 2 2 2 2 2 2 2 2 2 2 2 2 2 2 2 2 2
left_child=1 -1 3 -2 6 -6 13 8 -7 -3 11 12 -5 14 -4 -11 17 -17 -18
right_child=2 9 4 10 5 7 -8 -9 -10 15 -12 -13 -14 -15 -16 16 18 -19 -20
leaf_value=0.019724613428115847 0.027313887048512699 -0.0062408576365355611 0.014612317915204204 -0.0057129059433937077 0.016392684689502127 0.015535990958628449 -0.00421878471241895 0.0038817533770672732 -0.0043947881851602814 -0.0067094632164603138 -0.0063770854551541177 0.017223586692259863 0.01454656103795225 -0.0074521648547341756 -0.0046684630680829285 0.00016563344075813059 0.01181453533710972 0.030284955932034386 -0.0042181146191233223
leaf_weight=32 32 455 79 50 97 23 409 1099 217 233 38 65 44 31 32 966 62 27 932
leaf_count=32 32 455 79 50 97 23 409 1099 217 233 38 65 44 31 32 966 62 27 932
internal_value=0 -0.00221381 0.00289437 0.00919499 0.00216823 0.00366281 -0.00172689 0.00274063 -0.00248476 -0.00247625 0.00625181 0.00927004 0.00377025 0.00545046 0.00905389 -0.00170468 -0.00111781 0.000984588 -0.00321809
internal_weight=0 2707 2216 229 1987 1436 551 1339 240 2675 197 159 94 142 111 2220 1987 993 994
internal_count=4923 2707 2216 229 1987 1436 551 1339 240 2675 197 159 94 142 111 2220 1987 993 994
is_linear=0
shrinkage=0.05


Tree=3
num_leaves=20
num_cat=0
split_feature=3 3 15 2 15 14 5 1 3 3 14 14 14 15 3 2 5 14 15
split_gain=11.4781 5.62643 3.66748 4.86244 3.98365 6.08557 3.71034 2.99818 2.8321 4.2813 3.52568 3.41 4.1055 8.44017 3.90577 4.6144 2.90355 2.75817 2.74826
threshold=1.3650000000000004 0.56500000000000006 0.23500000000000001 7.7600741652991979e-05 1.6150000000000004 1.2550000000000001 5.2250000000000005 2.493487752605249e-05 0.77500000000000013 0.8650000000000001 0.065000000000000016 0.015000000000000001 0.62500000000000011 1.5650000000000002 0.99500000000000011 4.36610114681163e-05 3.5050000000000003 2.3150000000000004 1.0000000180025095e-35
decision_type=2 2 2 2 2 2 2 2 2 2 2 2 2 2 2 2 2 2 2
left_child=1 -1 3 -2 6 -6 -4 -7 -3 10 -10 -11 13 -13 15 16 -14 -18 -5
right_child=2 8 4 18 5 7 -8 -9 9 11 -12 12 14 -15 -16 -17 17 -19 -20
leaf_value=0.01873838258907199 0.027265506694393774 -0.0054615673474643547 0.0052886285237817958 0.0011136926127516707 0.015573050158539999 -0.0053841712505177212 -0.0039094975680471905 0.0033043956303867648 0.027747792117297651 -0.0077888585427509892 0.0038661911535788985 0.00036276454937068844 0.00024741490261029391 0.028770708706643847 -0.0059706254830996465 -0.0037460547327151841 0.022551668236653014 0.00094935690814798536 0.013679392976420266
leaf_weight=32 31 575 149 115 97 108 415 1231 20 224 68 827 59 27 596 212 45 22 70
leaf_count=32 31 575 149 115 97 108 415 1231 20 224 68 827 59 27 596 212 45 22 70
internal_value=0 -0.00210312 0.00274965 0.00893918 0.00208119 0.00347967 -0.0014795 0.0026036 -0.00235244 -0.00150113 0.00929383 -0.00197328 -0.00124471 0.00126091 -0.0035357 0.000757825 0.00833578 0.0154584 0.00586828
internal_weight=0 2707 2216 216 2000 1436 564 1339 2675 2100 88 2012 1788 854 934 338 126 67 185
internal_count=4923 2707 2216 216 2000 1436 564 1339 2675 2100 88 2012 1788 854 934 338 126 67 185
is_linear=0
shrinkage=0.05


Tree=4
num_leaves=20
num_cat=0
split_feature=3 3 1 3 15 3 3 3 14 2 15 2 0 2 0 15 8 6 1
split_gain=10.359 5.07785 3.33673 3.1493 5.75856 2.81813 2.81225 4.55535 2.86216 5.01493 3.02526 2.59093 2.48364 2.45105 3.14475 2.83889 2.31773 3.17426 2.23323
threshold=1.3650000000000004 0.56500000000000006 2.4507342719458398e-05 1.7950000000000002 3.3950000000000005 1.3950000000000002 3.0950000000000002 2.5250000000000004 1.8425000000000002 0.00078946997405438511 3.4250000000000003 2.9200804159967499e-05 4.1710586052203577e-05 0.00029961794808363559 0.00027622288770201775 2.0250000000000004 -1.0000000000000118 10.500000000000044 0.00012712800746581592
decision_type=2 2 2 2 2 2 2 2 2 2 2 2 2 2 2 2 2 2 2
left_child=1 -1 5 4 13 -2 7 -5 9 -8 -10 -3 -6 14 16 -16 17 18 -4
right_child=2 11 3 6 12 -7 8 -9 10 -11 -12 -13 -14 -15 15 -17 -18 -19 -20
leaf_value=0.017801463603973389 0.012852789816402255 -0.0048285300343555246 0.010743481531906664 0.0015237180548594608 0.006177318549674491 -0.0067625147583601358 0.028937333310022951 -0.0085958926766007051 -0.0020210221059182112 -0.0029790823161602023 0.018081448040902615 -0.0013012421190981098 0.026617374306633357 -0.0022406509739381296 0.0082812092760029959 0.029441005445044972 0.0028512987256913945 0.024492087061035225 -0.0031334900578787166
leaf_weight=32 21 708 89 631 23 143 32 135 85 20 24 1967 42 135 51 23 690 29 43
leaf_count=32 21 708 89 631 23 143 32 135 85 20 24 1967 42 135 51 23 690 29 43
internal_value=0 -0.00199797 0.00261217 0.00316067 0.00493876 -0.0042508 0.00100281 -0.000259764 0.00700982 0.0166618 0.00240521 -0.00223482 0.0193847 0.00405292 0.00497144 0.0148579 0.00411175 0.00951367 0.00622295
internal_weight=0 2707 2216 2052 1125 164 927 766 161 52 109 2675 65 1060 925 74 851 161 132
internal_count=4923 2707 2216 2052 1125 164 927 766 161 52 109 2675 65 1060 925 74 851 161 132
is_linear=0
shrinkage=0.05


Tree=5
num_leaves=20
num_cat=0
split_feature=5 3 1 3 3 8 5 2 3 14 6 3 3 5 3 2 2 3 1
split_gain=10.0494 8.01389 5.31509 3.63895 3.88487 3.8344 3.41738 4.34266 3.13816 5.35777 3.12521 2.98105 2.56871 5.3431 4.28334 2.71242 4.31025 4.65167 2.59217
threshold=7.0550000000000006 1.7850000000000004 1.723006725367811e-05 0.56500000000000006 0.76500000000000012 -3.0000000000000133 8.2850000000000019 0.00016336588843036197 0.87500000000000011 0.12500000000000003 5.9999999999999174 1.7250000000000003 3.0950000000000002 11.815000000000001 2.4450000000000007 0.00019780053152361471 0.00031628170679248859 2.0950000000000002 8.4241943150806825e-05
decision_type=2 2 2 2 2 2 2 2 2 2 2 2 2 2 2 2 2 2 2
left_child=2 6 -1 -4 -5 -6 7 10 9 -7 -2 -9 14 -14 15 18 -17 -18 -3
right_child=1 12 3 4 5 8 -8 11 -10 -11 -12 -13 13 -15 -16 16 17 -19 -20
leaf_value=-0.0062433092010711518 0.025716380596808766 0.014399830177426338 0.01853639042377472 -0.0046882245176566584 0.0061839364690043155 0.023595041554007268 -0.0003027959167957306 -0.0058805255452170973 -0.00080208419476393903 0.00058094356866443867 0.0089757296256721027 0.0187269227206707 0.021495464552814762 0.0013583627201261975 -0.0072309380208236589 0.014186321457128715 -0.012789178521118381 0.0074065948710029519 -0.0050091172560928314
leaf_weight=449 92 20 25 501 236 36 40 32 2707 85 40 20 48 105 138 101 44 81 123
leaf_count=449 92 20 25 501 236 36 40 32 2707 85 40 20 48 105 138 101 44 81 123
internal_value=0 0.00477108 -0.00111455 -0.000473098 -0.000606404 6.10211e-05 0.0129428 0.0158223 -0.000449943 0.00742811 0.0206435 0.00358388 0.00199764 0.00767588 0.000284092 0.00309459 0.00650455 0.000297683 -0.00229458
internal_weight=0 884 4039 3590 3565 3064 224 184 2828 121 132 52 660 153 507 369 226 125 143
internal_count=4923 884 4039 3590 3565 3064 224 184 2828 121 132 52 660 153 507 369 226 125 143
is_linear=0
shrinkage=0.05


Tree=6
num_leaves=20
num_cat=0
split_feature=5 3 1 15 15 14 14 3 3 14 15 15 14 5 2 8 7 5 3
split_gain=9.15975 3.7215 3.28789 3.03796 6.29905 4.40359 3.98542 2.7073 3.56068 5.11023 3.26139 2.63356 6.4696 3.53333 3.49781 2.60626 2.80285 2.42703 2.16421
threshold=5.455000000000001 0.56500000000000006 1.723006725367811e-05 0.38500000000000006 1.5750000000000004 1.3950000000000002 1.135 0.77500000000000013 0.87500000000000011 0.17500000000000002 -0.21499999999999997 2.9150000000000005 2.3550000000000004 5.6850000000000014 0.00023094253407232539 -3.0000000000000133 -0.016068291985655511 7.8750000000000009 2.1850000000000005
decision_type=2 2 2 2 2 2 2 2 2 2 2 2 2 2 2 2 2 2 2
left_child=1 -1 -3 -2 -5 6 -6 -4 9 -9 -10 13 -13 -7 -14 16 -12 -8 -15
right_child=3 2 7 4 5 11 17 8 10 -11 15 12 14 18 -16 -17 -18 -19 -20
leaf_value=0.017609570980072022 0.0085067175224284152 -0.0058259739518858669 -0.0044177437423493296 -0.0042784248821829502 -0.006589994748884981 0.017794459030545991 0.021852769112835329 0.022584162782877684 -0.0079687167902787528 0.00069616663269698618 0.021055134271199889 0.01335722274152485 -0.0023908352263663948 -0.0029090024811160228 0.013553647590535029 -0.00082077227676604725 0.0028772423319194627 0.0049257391691207887 0.0030644745665850525
leaf_weight=25 214 430 511 304 22 29 72 40 150 80 26 169 190 319 42 1866 115 30 289
leaf_count=25 214 430 511 304 22 29 72 40 150 80 26 169 190 319 42 1866 115 30 289
internal_value=0 -0.00160712 -0.00175641 0.0029417 0.00212934 0.00380573 0.0127112 -0.00112875 -0.000390642 0.00799217 -0.000857001 0.00274187 0.00591612 0.000743643 0.000495666 -0.000325483 0.00622919 0.0168742 -6.96359e-05
internal_weight=0 3243 3218 1680 1466 1162 124 2788 2277 120 2157 1038 401 637 232 2007 141 102 608
internal_count=4923 3243 3218 1680 1466 1162 124 2788 2277 120 2157 1038 401 637 232 2007 141 102 608
is_linear=0
shrinkage=0.05


Tree=7
num_leaves=20
num_cat=0
split_feature=5 3 1 15 15 14 14 3 3 14 15 0 5 15 14 3 3 2 15
split_gain=8.26667 3.35865 2.96732 2.74176 5.68489 3.97424 3.59684 2.44334 3.21352 4.61199 2.9434 2.40411 2.83321 4.44232 5.02724 4.4209 4.69302 3.04376 2.77995
threshold=5.455000000000001 0.56500000000000006 1.723006725367811e-05 0.38500000000000006 1.5750000000000004 1.3950000000000002 1.135 0.77500000000000013 0.87500000000000011 0.17500000000000002 -0.21499999999999997 2.5669913637477113e-05 6.0650000000000004 2.8650000000000007 2.3550000000000004 2.1850000000000005 2.3850000000000002 0.00023094253407232539 2.6225000000000005
decision_type=2 2 2 2 2 2 2 2 2 2 2 2 2 2 2 2 2 2 2
left_child=1 -1 -3 -2 -5 6 -6 -4 9 -9 -10 -7 18 15 -15 -14 -17 -16 -13
right_child=3 2 7 4 5 11 -8 8 10 -11 -12 12 13 14 17 16 -18 -19 -20
leaf_value=0.016729091167449951 0.0080813815799829006 -0.0055346750537323399 -0.0041968562058856572 -0.0040645036380738018 -0.0062604951248927555 -0.0062091716047790319 0.016030519441062329 0.021454954482614995 -0.0075702811380227407 0.00066135849803686145 -0.00030920905115358502 0.017001525463833326 -0.0061585559347353946 0.012702825736011981 -0.0032905439031310382 0.01444471039822404 -0.00045246929290214031 0.012363319062605137 0.0024743713675037266
leaf_weight=25 214 430 511 304 22 72 102 40 150 80 2007 69 218 169 128 71 207 41 63
leaf_count=25 214 430 511 304 22 72 102 40 150 80 2007 69 218 169 128 71 207 41 63
internal_value=0 -0.00152676 -0.00166859 0.00279461 0.00202288 0.00361544 0.0120757 -0.00107231 -0.00037111 0.00759256 -0.000814151 0.00260478 0.00326172 0.00218445 0.00660498 -0.000827927 0.00335221 0.000507139 0.0100681
internal_weight=0 3243 3218 1680 1466 1162 124 2788 2277 120 2157 1038 966 834 338 496 278 169 132
internal_count=4923 3243 3218 1680 1466 1162 124 2788 2277 120 2157 1038 966 834 338 496 278 169 132
is_linear=0
shrinkage=0.05


Tree=8
num_leaves=20
num_cat=0
split_feature=3 3 1 14 1 15 3 3 15 14 8 7 5 15 0 1 1 2 4
split_gain=7.52633 3.16305 2.63628 2.41678 2.30588 2.68111 2.13561 3.70609 3.78709 3.72946 3.01274 2.81104 2.19548 2.22849 2.11678 2.35181 4.0421 2.22189 2.17036
threshold=1.3650000000000004 0.56500000000000006 2.4507342719458398e-05 0.81500000000000006 2.7195001746478602e-05 3.6350000000000002 0.76500000000000012 0.87500000000000011 -0.21499999999999997 0.12500000000000003 -2.9999999999999853 -0.0093303635079528529 3.1050000000000004 1.6250000000000002 2.5669913637477113e-05 4.4166557450842638e-05 3.5901650173269201e-05 4.3200936166914795e-05 -1.0000000000000118
decision_type=2 2 2 2 2 2 2 2 2 2 2 2 2 2 2 2 2 2 2
left_child=1 -1 3 -2 -4 14 -3 9 -9 -8 11 -10 13 -11 -6 16 -16 -17 -19
right_child=2 6 4 -5 5 -7 7 8 10 12 -12 -13 -14 -15 15 17 -18 18 -20
leaf_value=0.015892637908458709 0.012141861803829672 -0.0046474988567523469 0.017396758840634272 -0.0064559789725403861 -0.0033201944967731836 0.01777557275657143 0.019170265272259714 -0.0094416989876119888 0.01627112767574462 -0.0021307776051182905 -0.0017569174577987971 0.0012162909834157855 -0.0091382586143233576 0.017517612764128932 -0.001609843953492794 -0.0087484819690386451 0.017516828228288622 -0.00092943873877326651 0.0034524810612428501
leaf_weight=25 20 585 26 138 160 28 42 149 44 31 1677 105 33 27 47 45 67 360 1314
leaf_count=25 20 585 26 138 160 28 42 149 44 31 1677 105 33 27 47 45 67 360 1314
internal_value=0 -0.00181033 0.00212107 -0.00410182 0.00260139 0.00241105 -0.00197468 -0.00123293 -0.00177697 0.00684594 -0.00115154 0.00566201 0.00115779 0.00701589 0.00219519 0.00267662 0.00963127 0.0022154 0.00251013
internal_weight=0 2718 2205 158 2047 2021 2693 2108 1975 133 1826 149 91 58 1993 1833 114 1719 1674
internal_count=4923 2718 2205 158 2047 2021 2693 2108 1975 133 1826 149 91 58 1993 1833 114 1719 1674
is_linear=0
shrinkage=0.05


Tree=9
num_leaves=20
num_cat=0
split_feature=5 3 1 5 2 6 15 14 2 3 15 14 15 3 3 3 2 6 0
split_gain=7.04413 6.62763 3.72942 2.94809 3.51623 2.81738 2.66769 9.49546 6.16557 4.38023 4.09213 3.92216 3.38468 4.31104 3.48484 3.45468 4.00358 2.98959 3.18946
threshold=7.0550000000000006 1.7850000000000004 1.723006725367811e-05 8.2850000000000019 0.00016336588843036197 5.9999999999999174 1.9950000000000003 1.2625000000000004 4.5640368918896974e-05 1.3750000000000002 2.2750000000000004 0.28500000000000009 0.85500000000000009 1.425 1.3650000000000004 1.5150000000000003 7.7600741652991979e-05 3.0000000000000031 0.000120750059468237
decision_type=2 2 2 2 2 2 2 2 2 2 2 2 2 2 2 2 2 2 2
left_child=2 3 -1 4 5 -2 11 -8 -9 -10 -11 12 14 -14 -4 -16 -17 -12 -19
right_child=1 -3 6 -5 -6 -7 7 8 9 10 17 -13 13 -15 15 16 -18 18 -20
leaf_value=-0.0052279527574976732 0.023256513557356338 0.0014736057784069669 -0.0017376658617308312 -0.00087537381798028955 0.0030891815773569625 0.0073616992495954036 0.027807198311476145 0.0069702194146425258 -0.0064613179552932866 0.010152033042340053 -0.0055589839093612911 -0.0029593776498146509 0.010936249966951127 -0.011592406272888184 0.013052967123009943 0.021030459851026535 -0.0031768495010005104 -0.0028367418485383197 0.016280225999653338
leaf_weight=449 92 660 783 40 52 40 34 289 284 105 165 1451 141 25 88 20 117 48 40
leaf_count=449 92 660 783 40 52 40 34 289 284 105 165 1451 141 25 88 20 117 48 40
internal_value=0 0.00399578 -0.00093182 0.0114272 0.0141017 0.0184399 -0.000394504 0.00185347 0.000905645 -0.00182436 0.00185412 -0.0012209 0.000927758 0.00754338 -0.00016172 0.00532257 0.000357064 -0.00158967 0.00585279
internal_weight=0 884 4039 224 184 132 3590 965 931 642 358 2625 1174 166 1008 225 137 253 88
internal_count=4923 884 4039 224 184 132 3590 965 931 642 358 2625 1174 166 1008 225 137 253 88
is_linear=0
shrinkage=0.05


Tree=10
num_leaves=20
num_cat=0
split_feature=1 3 3 15 21 3 3 13 10 1 10 0 7 15 9 14 6 2 2
split_gain=6.27236 3.05391 2.91659 4.04589 2.47938 2.25841 2.21229 2.204 1.88879 2.01673 2.19277 1.88465 1.9251 1.85621 1.84721 1.69087 2.37464 1.84082 1.79404
threshold=3.6238229775427818e-05 1.3650000000000004 1.7850000000000004 3.3950000000000005 0.011781788743229106 0.56500000000000006 1.7250000000000003 -5.9999999999999938 3.7499999999999649 0.00039019123253236908 -1.0000000000000118 2.1520808402713186e-05 0.0078193698789810213 2.9150000000000005 -2.5000000000000182 1.905 9.9999999999998774 0.00028967877222321292 0.0001319549728211093
decision_type=2 2 2 2 2 2 2 2 2 2 2 2 2 2 2 2 2 2 2
left_child=-1 5 3 6 14 -2 8 -7 9 10 -3 12 -9 -12 15 16 17 -4 -17
right_child=1 2 4 -5 -6 7 -8 11 -10 -11 13 -13 -14 -15 -16 18 -18 -19 -20
leaf_value=-0.0027860461998584492 0.012958086209912454 0.00515152100532774 0.014752251077443363 0.017595273459499534 0.013576862982341221 0.01436865432187915 0.010599113628268243 0.0012197962948973752 0.0071302853063824256 -0.0087042849759260809 -0.0020951132967390799 -0.0013548189453536372 0.016326415613293649 0.012428426370024682 -0.0017919823676619158 -0.0094458193264224319 -0.0011182264573332192 0.00071722196810173266 0.0023571330433090529
leaf_weight=1374 31 315 80 55 35 24 102 71 194 45 264 1464 30 24 549 44 69 33 120
leaf_count=1374 31 315 80 55 35 24 102 71 194 45 264 1464 30 24 549 44 69 33 120
internal_value=0 0.00119277 0.00253689 0.00441275 0.000521852 -0.000407721 0.0036447 -0.000668477 0.00280224 0.00150649 0.00226849 -0.000899078 0.00570691 -0.000884818 1.13211e-05 0.00287263 0.00619061 0.0106535 -0.000809513
internal_weight=0 3549 1929 999 930 1620 944 1589 842 648 603 1565 101 288 895 346 182 113 164
internal_count=4923 3549 1929 999 930 1620 944 1589 842 648 603 1565 101 288 895 346 182 113 164
is_linear=0
shrinkage=0.05


Tree=11
num_leaves=20
num_cat=0
split_feature=1 15 14 15 3 5 0 3 5 14 5 2 3 2 3 15 2 15 14
split_gain=5.66081 2.87509 8.15374 3.93313 3.89972 5.25902 3.96868 3.52988 3.01061 3.68753 2.65943 3.58954 3.3665 3.78207 3.71231 3.74814 4.13774 2.85749 9.11689
threshold=3.6238229775427818e-05 1.6150000000000004 1.2350000000000001 1.2350000000000001 0.92500000000000016 4.4650000000000007 0.0001906333786133364 0.57500000000000007 7.9050000000000011 1.155 5.2950000000000008 4.7390481702070571e-05 1.7750000000000001 6.7698619484785031e-05 1.635 2.5550000000000002 0.00014663773559350351 2.3525000000000005 1.9950000000000003
decision_type=2 2 2 2 2 2 2 2 2 2 2 2 2 2 2 2 2 2 2
left_child=-1 3 4 -2 -3 -6 -7 -5 -9 -10 11 17 13 -12 -15 -16 -17 -4 -19
right_child=1 2 10 7 5 6 -8 8 9 -11 12 -13 -14 14 15 16 -18 18 -20
leaf_value=-0.0026202764753658959 0.0010457128958763749 -0.00057371550444513565 -0.0061024284494367058 0.014580903550852901 0.028349685645809301 0.015932905541807412 -0.009295977137982846 -0.0067832159038643102 -0.007422713879495859 0.021237303301692011 0.016196623591913116 -0.00502359297002785 0.00085665652078801202 -0.0025507840702341778 -0.0025531759023666384 0.0081626603339399612 0.030398658100900981 0.03035383310168982 -0.0004577214666074369
leaf_weight=1374 1450 40 47 23 57 50 22 373 22 22 81 289 696 118 45 70 29 33 82
leaf_count=1374 1450 40 47 23 57 50 22 373 22 22 81 289 696 118 45 70 29 33 82
internal_value=0 0.0011218 0.00262559 -0.000198187 0.0129297 0.0171168 0.00822408 -0.0042974 -0.00533865 0.00690729 0.00145687 -0.00171727 0.00283467 0.00684836 0.00395825 0.00929204 0.0146762 0.00418104 0.00838386
internal_weight=0 3549 1659 1890 169 129 72 440 417 44 1490 451 1039 343 262 144 99 162 115
internal_count=4923 3549 1659 1890 169 129 72 440 417 44 1490 451 1039 343 262 144 99 162 115
is_linear=0
shrinkage=0.0495


Tree=12
num_leaves=20
num_cat=0
split_feature=3 3 15 1 15 14 3 15 2 2 2 15 14 9 1 3 3 2 15
split_gain=5.32196 2.56145 2.53216 3.39529 2.60792 4.99221 2.88436 2.60129 2.41887 2.35034 2.18688 3.23029 4.69185 2.52508 2.14112 3.35516 2.13804 2.10466 4.13361
threshold=1.3650000000000004 0.56500000000000006 0.25500000000000006 0.00033002821698263244 2.0050000000000003 1.3150000000000002 1.385 2.1950000000000007 0.0001069630916373043 7.7600741652991979e-05 0.00023822684534959994 1.1050000000000002 0.63500000000000012 -6.2500000000000213 7.1386683045027505e-05 1.635 2.1950000000000007 0.00019431273379102616 -0.17499999999999996
decision_type=2 2 2 2 2 2 2 2 2 2 2 2 2 2 2 2 2 2 2
left_child=1 -1 3 9 6 -6 -4 8 14 -2 11 12 -8 -13 15 -7 -10 18 -11
right_child=2 -3 4 -5 5 7 10 -9 16 17 -12 13 -14 -15 -16 -17 -18 -19 -20
leaf_value=0.012397460948042572 0.021512292263475247 -0.0015498594440910582 0.01177870847811124 -0.0066446145448186686 0.02256220481313765 -0.0016686056730789798 0.0016212602979876101 0.0013128316601328472 -0.0084410663388908968 -0.010602298400849103 -0.0058718413513898851 0.011198191811218857 0.022734415595009921 -0.0028522083783643066 0.028042309389710428 0.024611274174638091 0.0077947017196041994 0.013075607392053082 0.011097498181082157
leaf_weight=32 32 2675 42 38 30 28 108 938 28 37 198 33 33 444 21 20 64 73 49
leaf_count=32 32 2675 42 38 30 28 108 938 28 37 198 33 33 444 21 20 64 73 49
internal_value=0 -0.00138499 0.00185365 0.00673323 0.00129128 0.00283898 -0.000745253 0.00230058 0.0080553 0.00939479 -0.00138987 4.6103e-05 0.00656264 -0.00188017 0.0149912 0.00928134 0.00285338 0.00695605 0.00176154
internal_weight=0 2707 2216 229 1987 1129 858 1099 161 191 816 618 141 477 69 48 92 159 86
internal_count=4923 2707 2216 229 1987 1129 858 1099 161 191 816 618 141 477 69 48 92 159 86
is_linear=0
shrinkage=0.049005


Tree=13
num_leaves=20
num_cat=0
split_feature=2 3 3 4 20 13 2 2 5 15 14 5 2 8 1 6 2 5 3
split_gain=5.08022 2.93086 2.06899 2.06141 1.9364 1.93279 2.06225 2.50142 1.9208 2.11088 3.31054 2.63717 1.8227 2.42265 3.15676 2.87173 1.84759 1.73618 2.50454
threshold=2.9200804159967499e-05 1.3650000000000004 0.56500000000000006 -0.99999999999998412 0.013368093330861976 -3.0000000000000133 9.7390160072767786e-05 4.5276608719657523e-05 4.535000000000001 3.3550000000000004 2.5525000000000002 6.2250000000000005 0.00032410538890872992 -1.0000000000000118 0.00012829066726206004 3.2500000000000644 0.00035122480228746712 7.5850000000000009 2.3850000000000002
decision_type=2 2 2 2 2 2 2 2 2 2 2 2 2 2 2 2 2 2 2
left_child=-1 2 -2 8 12 6 7 -4 -3 17 -11 -12 13 14 -5 -16 -14 -10 -19
right_child=1 3 5 4 -6 -7 -8 -9 9 10 11 -13 16 -15 15 -17 -18 18 -20
leaf_value=-0.0034175801343758433 0.011672023794046417 0.0085414111517302434 0.010768699984885064 0.014068471812672616 0.017079699584313643 -0.0011499680525998053 0.016742600280899102 -0.0054372382679326132 -0.0039524312491082542 0.018020273402341302 0.010839530852963001 -0.010050162447322906 -0.0095848758825575094 0.0025115760034380391 -0.0063787342878563365 0.0083057541471486199 0.0011470673629009863 0.0059867986043667777 -0.0049018640983932073
leaf_weight=820 32 56 40 110 23 1848 28 51 361 34 25 33 47 880 49 87 192 124 83
leaf_count=820 32 56 40 110 23 1848 28 51 361 34 25 33 47 880 49 87 192 124 83
internal_value=0 0.000765286 -0.00056498 0.00202917 0.00311984 -0.000764057 0.00522892 0.00168625 -8.5165e-05 -0.000817117 0.00600024 -0.00104598 0.00288462 0.00370139 0.00795762 0.00301502 -0.000963398 -0.00192134 0.00162081
internal_weight=0 4103 1999 2104 1388 1967 119 91 716 660 92 58 1365 1126 246 136 239 568 207
internal_count=4923 4103 1999 2104 1388 1967 119 91 716 660 92 58 1365 1126 246 136 239 568 207
is_linear=0
shrinkage=0.048515


Tree=14
num_leaves=20
num_cat=0
split_feature=2 5 3 5 2 5 2 5 2 2 19 2 1 21 1 15 5 5 3
split_gain=4.59924 2.74185 3.63174 4.89625 5.33981 3.96285 2.88362 2.77273 2.83275 3.13347 2.47414 2.76571 2.27236 2.2059 1.90701 2.73881 3.54377 2.4166 2.80065
threshold=2.9200804159967499e-05 5.495000000000001 1.7850000000000004 6.9350000000000014 4.9286928080083225e-05 5.9850000000000012 0.00027109543416519263 8.1250000000000018 0.00014480843058850944 0.00010409013549239657 -0.006461001118061859 0.00037160319726326304 5.7091798874095639e-05 0.011781788743229106 0.00018763319992218792 1.6150000000000004 4.205000000000001 4.1850000000000014 1.5550000000000004
decision_type=2 2 2 2 2 2 2 2 2 2 2 2 2 2 2 2 2 2 2
left_child=-1 14 3 4 12 10 7 -5 9 -9 -6 -12 -3 -4 -2 17 -17 -16 -19
right_child=1 2 13 6 5 -7 -8 8 -10 -11 11 -13 -14 -15 15 16 -18 18 -20
leaf_value=-0.0032192585770666965 -0.00078197477078733343 0.016685435470387429 -0.00012183737459543259 0.016446784396273617 0.016554028512156562 -0.0056276568653834983 -0.0067957204644299362 0.011050127706062887 0.019489811558547933 -0.012105388939372148 -0.00088901500400427743 0.017556640491034538 -0.0017013187999728339 0.012164711087295905 -0.0058583708918665362 0.029306562126961658 0.0010570646447502065 0.0077126077319954441 -0.0061674053300929902
leaf_weight=820 2174 69 914 134 32 180 20 26 22 28 127 22 20 35 74 20 21 141 44
leaf_count=820 2174 69 914 134 32 180 20 26 22 28 127 22 20 35 74 20 21 141 44
internal_value=0 0.000720877 0.00225098 0.00493006 0.00201636 -0.000581463 0.0106308 0.0122905 0.00496221 -0.000956436 0.00443685 0.0018345 0.0125536 0.000331302 -0.000286617 0.00330307 0.0148373 0.00147719 0.00441142
internal_weight=0 4103 1629 680 450 361 230 210 76 54 181 149 89 949 2474 300 41 259 185
internal_count=4923 4103 1629 680 450 361 230 210 76 54 181 149 89 949 2474 300 41 259 185
is_linear=0
shrinkage=0.0480298


Tree=15
num_leaves=20
num_cat=0
split_feature=5 3 1 5 2 6 3 3 5 3 6 2 2 3 16 3 17 2 3
split_gain=4.54234 4.18071 2.66141 2.50919 2.83011 2.57084 2.34477 2.10611 4.83541 3.54517 2.51579 2.63546 2.94266 3.81728 2.63595 2.19041 2.09785 2.32797 2.07054
threshold=7.0550000000000006 1.7850000000000004 1.723006725367811e-05 8.2850000000000019 0.00016336588843036197 5.9999999999999174 1.7250000000000003 3.0950000000000002 11.815000000000001 2.4450000000000007 5.4999999999999725 0.00019780053152361471 0.00028317527109250845 2.0950000000000002 2.0000000000000013 2.2950000000000004 -2.249999999999996 0.00015313681817605168 1.405
decision_type=2 2 2 2 2 2 2 2 2 2 2 2 2 2 2 2 2 2 2
left_child=2 3 -1 4 5 -2 -6 9 -9 10 11 -3 14 -14 -13 -15 17 -4 -19
right_child=1 7 16 -5 6 -7 -8 8 -10 -11 -12 12 13 15 -16 -17 -18 18 -20
leaf_value=-0.00418674226763478 0.019063888709099905 -0.0012714558540224852 0.00061259859295339873 -0.0021530208990729605 -0.0063909470634330142 0.0046245866639995688 0.014363322184822461 0.018514550894061461 0.00029686657203319096 -0.0068547386151742856 -0.0042735795047205349 0.023999947460561215 -0.0093827754905699279 0.018912573336597557 0.0039715044481497966 0.0010283799193890814 -0.00087093958995652346 0.01367969265310786 0.0023472554362200257
leaf_weight=449 92 107 555 40 32 40 20 48 105 138 102 39 35 32 24 30 2887 65 83
leaf_count=449 92 107 555 40 32 40 20 48 105 138 102 39 35 32 24 30 2887 65 83
internal_value=0 0.00302764 -0.000735394 0.00864061 0.0109871 0.0146883 0.00159146 0.00112263 0.00601222 -0.000352927 0.00207864 0.00450534 0.00836857 0.00317172 0.0163701 0.0102589 -0.000303735 0.0020256 0.00732434
internal_weight=0 884 4039 224 184 132 52 660 153 507 369 267 160 97 63 62 3590 703 148
internal_count=4923 884 4039 224 184 132 52 660 153 507 369 267 160 97 63 62 3590 703 148
is_linear=0
shrinkage=0.0475495


Tree=16
num_leaves=20
num_cat=0
split_feature=5 3 1 1 6 15 14 2 5 14 15 2 15 3 3 3 2 15 14
split_gain=4.12064 3.79258 2.41433 2.32855 2.39168 2.0927 7.36725 5.55116 3.43579 3.25834 2.83899 3.82576 2.63037 2.4726 2.4616 2.89269 3.11688 2.45494 2.43206
threshold=7.0550000000000006 1.7850000000000004 1.723006725367811e-05 0.00012058678502109244 4.9999999999999609 1.9950000000000003 1.2625000000000004 4.5640368918896974e-05 4.9150000000000009 0.28500000000000009 0.85500000000000009 0.00021139250230451601 2.2750000000000004 1.9150000000000003 1.3650000000000004 1.5150000000000003 7.7600741652991979e-05 1.155 2.0450000000000004
decision_type=2 2 2 2 2 2 2 2 2 2 2 2 2 2 2 2 2 2 2
left_child=2 3 -1 4 -2 9 -7 18 -9 10 14 17 13 -10 -4 -16 -17 -12 -8
right_child=1 -3 5 -5 -6 6 7 8 12 -11 11 -13 -14 -15 15 16 -18 -19 -20
leaf_value=-0.0039477880383923074 0.017768313563845475 0.0010585562697036897 -0.0013181164768229035 0.0035163710179070529 0.0025608313490781964 0.023111256967467641 0.011810263723277776 -0.005810916360410181 0.003814761618947015 -0.0024673211528166939 0.0065755323705883753 -0.0063233804261869581 -0.0012956309570107906 0.021439110275270463 0.010928269434822951 0.017164165364239148 -0.0029449735097165377 0.021357182736105894 0.0028840711765874875
leaf_weight=449 75 660 783 116 33 34 108 260 89 1451 93 39 271 22 88 20 117 34 181
leaf_count=449 75 660 783 116 33 34 108 260 89 1451 93 39 271 22 88 20 117 34 181
internal_value=0 0.00285484 -0.000693422 0.00814746 0.0131216 -0.000286399 0.00158811 0.00080209 -0.00163673 -0.000975506 0.000868297 0.00657263 0.00120434 0.00730788 -7.11072e-05 0.00426848 -9.3328e-06 0.0105328 0.00621981
internal_weight=0 884 4039 224 108 3590 965 931 642 2625 1174 166 382 111 1008 225 137 127 289
internal_count=4923 884 4039 224 108 3590 965 931 642 2625 1174 166 382 111 1008 225 137 127 289
is_linear=0
shrinkage=0.047074


Tree=17
num_leaves=20
num_cat=0
split_feature=3 3 15 15 14 14 15 2 15 2 14 3 3 2 3 2 2 3 3
split_gain=3.3067 2.05674 1.67307 2.67227 5.0836 2.51564 2.46201 3.66438 2.78612 3.16771 2.91776 2.76266 2.12472 2.01105 3.4939 1.96699 1.95757 1.62994 3.62747
threshold=1.3650000000000004 0.56500000000000006 0.25500000000000006 2.0050000000000003 1.3450000000000004 2.0950000000000002 2.9150000000000005 0.0002019903544746951 2.1950000000000007 0.00033129451259031827 1.7650000000000003 1.6850000000000003 2.3450000000000002 0.00035122480228746712 5.5500000000000007 0.00031628170679248859 0.0001069630916373043 0.77500000000000013 0.87500000000000011
decision_type=2 2 2 2 2 2 2 2 2 2 2 2 2 2 2 2 2 2 2
left_child=1 -1 15 -4 -5 6 8 11 9 10 12 -8 16 -10 -15 -2 -6 -3 -19
right_child=2 17 3 4 5 -7 7 -9 13 -11 -12 -13 -14 14 -16 -17 -18 18 -20
leaf_value=0.012164494576607579 0.00710552915230225 -0.0034174090146871358 -0.0011166121433055125 0.020951487472011972 0.0077508846644748211 -0.00033791490185783904 0.020341392350585005 0.024559182604020926 -0.0047644476541552029 -0.0032152537704881632 0.022047655668562992 0.0018124138607918375 0.016611637440128002 0.010502948146688005 -0.0071411534561516207 -0.0051059610475874219 -0.010346128107054571 0.0071111818920912518 -0.0011375053648270692
leaf_weight=25 182 595 848 31 34 571 22 28 133 48 36 85 28 65 39 34 21 123 1975
leaf_count=25 182 595 848 31 34 571 22 28 133 48 36 85 28 65 39 34 21 123 1975
internal_value=0 -0.00114097 0.00128788 0.000864841 0.00233747 0.00181762 0.00410113 0.0095498 0.00228041 0.00689084 0.0109673 0.00562211 0.00616129 -0.000968291 0.00388641 0.00518335 0.000841116 -0.00126448 -0.000653907
internal_weight=0 2718 2205 1989 1141 1110 539 135 404 167 119 107 83 237 104 216 55 2693 2098
internal_count=4923 2718 2205 1989 1141 1110 539 135 404 167 119 107 83 237 104 216 55 2693 2098
is_linear=0
shrinkage=0.0466033


Tree=18
num_leaves=20
num_cat=0
split_feature=5 1 1 15 14 2 14 5 15 0 6 15 15 2 14 15 1 7 5
split_gain=3.45999 3.03936 2.13198 1.81561 6.64672 5.29844 2.93689 2.86433 2.71652 3.16631 2.43689 2.42464 2.34967 5.66932 2.2906 6.93417 2.13012 2.30056 2.55827
threshold=7.0550000000000006 9.7875073590182647e-05 1.723006725367811e-05 2.0050000000000003 1.2950000000000002 4.5640368918896974e-05 0.28500000000000009 4.9150000000000009 0.83500000000000008 0.0002659334941523417 -8.2500000000000888 1.155 2.1750000000000003 0.00010046482440687262 2.0450000000000004 2.4150000000000005 6.5550421819952293e-05 0.0010990157281460802 6.6250000000000009
decision_type=2 2 2 2 2 2 2 2 2 2 2 2 2 2 2 2 2 2 2
left_child=2 -2 -1 6 -5 14 8 -7 -4 11 -9 -10 13 -12 15 -6 -14 18 -18
right_child=1 -3 3 4 5 7 -8 10 9 -11 12 -13 16 -15 -16 -17 17 -19 -20
leaf_value=-0.0036196359020531609 0.0087745014422830944 0.0013858620248775656 -0.00010150829920763154 0.020645017739641884 0.00024218098668789411 -0.0053871278693906292 -0.0022586361824461459 -0.0077733910010070132 0.005015116540049892 -0.0076251091103387257 0.024270772356069035 0.01789883605873727 -0.0074880339713514019 -0.0052590202512183245 0.0027273451896479514 0.023782814484082433 0.011891427082891658 -0.0027442726139267205 -0.002580882548895254
leaf_weight=449 141 743 995 37 57 259 1456 58 106 30 31 44 54 25 181 50 78 90 39
leaf_count=449 141 743 995 37 57 259 1456 58 106 30 31 44 54 25 181 50 78 90 39
internal_value=0 0.00256437 -0.000622332 -0.00024746 0.00147111 0.000701658 -0.00087388 -0.00165562 0.00084204 0.00605777 0.000921601 0.00879434 0.00251248 0.0110878 0.00589095 0.0112425 0.000672561 0.00280141 0.00706732
internal_weight=0 884 4039 3590 959 922 2631 634 1175 180 375 150 317 56 288 107 261 207 117
internal_count=4923 884 4039 3590 959 922 2631 634 1175 180 375 150 317 56 288 107 261 207 117
is_linear=0
shrinkage=0.0461372


Tree=19
num_leaves=20
num_cat=0
split_feature=5 15 14 14 15 1 5 5 5 15 15 1 15 3 2 5 10 15 5
split_gain=3.15401 1.9852 3.97477 4.58976 3.22217 1.87467 1.93047 1.86713 1.95433 3.51928 3.53287 3.29019 1.99103 2.87473 2.76873 1.87658 2.02107 1.85901 5.81073
threshold=5.455000000000001 0.42500000000000004 1.0950000000000004 1.2350000000000001 1.5650000000000002 2.5534356864804776e-05 5.6850000000000014 5.1350000000000007 4.7550000000000008 1.3950000000000002 2.0250000000000004 6.5550421819952293e-05 2.2750000000000004 1.5350000000000004 5.0383608197257289e-05 2.5950000000000002 -1.0000000180025095e-35 2.7850000000000006 3.9650000000000003
decision_type=2 2 2 2 2 2 2 2 2 2 2 2 2 2 2 2 2 2 2
left_child=7 -2 -3 -4 -5 -6 -7 8 15 11 -11 -10 -12 14 -14 16 -1 -17 -19
right_child=1 2 3 4 5 6 -8 -9 9 10 12 -13 13 -15 -16 17 -18 18 -20
leaf_value=0.016510125183601142 0.0056037862725583469 -0.0048812485700704894 0.012726513747437914 -0.007880341910827586 -0.0094163100454464528 0.010575937449054515 0.0017127769508091181 -0.0048743170054407255 0.021855542634894434 -0.0095213254303545356 0.014058410790206241 0.0044155804015840521 0.019483175465953854 -0.011710940611447666 -0.0027680520504113444 -0.0015670127751092257 6.9639604958572374e-05 0.01936191957469402 -0.0007114778892583169
leaf_weight=26 220 209 77 76 30 54 1014 227 26 77 27 171 20 29 28 2375 39 37 161
leaf_count=26 220 209 77 76 30 54 1014 227 26 77 27 171 20 29 28 2375 39 37 161
internal_value=0 0.00155896 0.000949467 0.00192358 0.00121504 0.0018446 0.00216091 -0.000879438 -0.000578763 0.00249282 -0.00210511 0.0067173 0.00338575 -0.000356613 0.00650329 -0.00101889 0.00664583 -0.00121252 0.00303961
internal_weight=0 1680 1460 1251 1174 1098 1068 3243 3016 378 181 197 104 77 48 2638 65 2573 198
internal_count=4923 1680 1460 1251 1174 1098 1068 3243 3016 378 181 197 104 77 48 2638 65 2573 198
is_linear=0
shrinkage=0.0456759


Tree=20
num_leaves=20
num_cat=0
split_feature=2 11 21 3 3 8 21 8 14 3 14 3 12 12 19 9 11 13 20
split_gain=3.21215 2.05867 1.96445 2.15184 2.15507 1.93264 1.76897 2.09805 2.4021 2.47682 2.29072 1.95463 1.69278 1.57708 2.44012 2.03368 1.93645 1.73806 1.5205
threshold=2.9200804159967499e-05 -1.0000000000000451 -0.001339202104336745 1.7950000000000002 1.4750000000000003 0.49999999999999994 0.0068261952239249144 -2.0000000000000004 1.0550000000000004 2.3050000000000002 1.925 3.3050000000000002 -1 1 0.0015723778754588304 -1.0000000000000451 11.000000000000002 1.0000000000000122 -0.0054692547895823776
decision_type=2 2 2 2 2 2 2 2 2 2 2 2 2 2 2 2 2 2 2
left_child=-1 6 3 4 5 -3 7 8 -2 -10 -11 -9 -6 14 -4 18 -15 -17 -16
right_child=1 2 13 -5 12 -7 -8 11 9 10 -12 -13 -14 16 15 17 -18 -19 -20
leaf_value=-0.0027805285528302195 0.0018929268357654413 -0.0018131511722133951 -0.0019632210564022221 -0.0028531122778620677 -0.0013965503839047059 0.0043863840495883405 0.0073144005301098037 0.0001154789794151833 0.015703990627080205 0.011349306317667167 -0.011562619172036648 0.013493017586214202 0.0094428571098181136 -0.0040240157800808286 0.0068947619137664637 0.0071363460069352935 0.0088079213855728027 -0.0056928803275028868 -0.0081882851232181891
leaf_weight=820 240 269 605 214 46 236 144 1101 80 24 20 28 166 570 24 220 31 30 55
leaf_count=820 240 269 605 214 46 236 144 1101 80 24 20 28 166 570 24 220 31 30 55
internal_value=0 0.000647347 -0.000265169 0.00154689 0.00286014 0.00108406 0.00202198 0.00151152 0.00481251 0.0104633 0.000934795 0.000447251 0.00709091 -0.00136421 -7.86086e-05 0.00338702 -0.00336214 0.00559684 -0.00360609
internal_weight=0 4103 2466 931 717 505 1637 1493 364 124 44 1129 212 1535 934 329 601 250 79
internal_count=4923 4103 2466 931 717 505 1637 1493 364 124 44 1129 212 1535 934 329 601 250 79
is_linear=0
shrinkage=0.05


Tree=21
num_leaves=20
num_cat=0
split_feature=1 11 21 17 22 0 2 22 14 7 8 21 14 1 13 6 21 11 0
split_gain=2.93103 1.8042 1.63614 1.61483 4.49774 1.76806 1.98497 1.7582 1.75568 1.79957 1.7394 2.05771 1.73716 1.66416 1.64763 2.4842 1.8141 1.55902 1.47087
threshold=3.5901650173269201e-05 -1.0000000000000451 0.0068261952239249144 0.999999999999999 -0.00029227469907189269 0.00028313587528597288 0.00078946997405438511 0.0035778385161516772 1.0550000000000004 0.015065763348022123 -1.9999999999999931 0.0036396986118614198 1.5550000000000004 4.316804136646033e-05 -1.0000000000000118 4.9999999999999609 -0.0039051873326141347 -4.999999999999992 8.8313086135817127e-05
decision_type=2 2 2 2 2 2 2 2 2 2 2 2 2 2 2 2 2 2 2
left_child=-1 2 3 5 -5 7 14 10 9 -6 11 -2 -10 -12 16 -16 -7 -4 -19
right_child=1 -3 17 4 8 6 -8 -9 12 -11 13 -13 -14 -15 15 -17 -18 18 -20
leaf_value=-0.0019061674619406726 0.0066344696402984822 -9.9928266739934918e-05 0.0017186866065517802 0.019753617725589062 -0.0047431246054415802 0.010129013409217199 -0.0085026452583926073 0.013581091165542604 0.018595285266637802 0.01079756387549898 0.0059515878667726237 -0.0092367258233328666 0.0032971226817203898 -0.0022735306393488384 0.022389432042837144 0.0040605362504720693 -0.007735661196487921 0.020772938021729071 0.0060968945096982162
leaf_weight=1356 137 2128 61 44 98 30 21 23 25 23 68 24 72 643 36 38 27 31 38
leaf_count=1356 137 2128 61 44 98 30 21 23 25 23 68 24 72 643 36 38 27 31 38
internal_value=0 0.000824781 0.00219225 0.00166093 0.00517157 0.000782431 0.00576824 -6.43198e-05 0.00222841 -0.00178911 -0.000424233 0.00426858 0.00723995 -0.00148688 0.00805593 0.0129773 0.0016668 0.00754218 0.0126905
internal_weight=0 3567 1439 1309 262 1047 152 895 218 121 872 161 97 711 131 74 57 130 69
internal_count=4923 3567 1439 1309 262 1047 152 895 218 121 872 161 97 711 131 74 57 130 69
is_linear=0
shrinkage=0.05


Tree=22
num_leaves=20
num_cat=0
split_feature=2 11 21 3 5 17 0 0 14 1 7 14 18 6 21 8 14 1 3
split_gain=2.73073 1.69547 1.77109 1.95401 2.97577 1.49306 1.58242 1.80612 1.89278 2.23404 1.81174 1.64454 1.72523 1.58671 1.45004 1.71528 2.11452 2.22022 1.70615
threshold=2.9200804159967499e-05 -1.0000000000000451 -0.001339202104336745 1.7950000000000002 6.9350000000000014 6.4999999999999956 1.6721779607938117e-05 2.924572156406332e-05 2.4850000000000008 2.9741600140218054e-05 0.016540798009998862 0.31500000000000006 -0.068580859056979346 -6.0000000000000266 0.0068261952239249144 -2.0000000000000004 1.0550000000000004 0.00017190774420111076 3.3050000000000002
decision_type=2 2 2 2 2 2 2 2 2 2 2 2 2 2 2 2 2 2 2
left_child=-1 14 3 4 5 6 -3 -8 9 -9 11 12 -11 -14 15 16 -2 -18 -17
right_child=1 2 -4 -5 -6 -7 7 8 -10 10 -12 -13 13 -15 -16 18 17 -19 -20
leaf_value=-0.002565200933050819 0.001626193424065908 0.0090377447842541394 -0.0012762952244048786 -0.0027050382205259021 0.013302498274162168 0.012848550852002769 -0.0067942888438701629 0.017152307368814946 0.014664274253524269 0.014878557961095462 0.005925907019306632 -0.0051013080500109352 0.012289288910952482 -0.0022468051640316847 0.0066345091857430011 0.00010844434490537342 0.015447690484809205 0.0019234896409061721 0.012606790555374964
leaf_weight=820 240 59 1535 214 61 29 75 20 26 22 102 173 22 128 144 1101 71 53 28
leaf_count=820 240 59 1535 214 61 29 75 20 26 22 102 173 22 128 144 1101 71 53 28
internal_value=0 0.000595377 -0.000232742 0.00148783 0.00273926 0.00175701 0.001244 0.000434443 0.00153415 0.000803135 7.16282e-05 -0.0016592 0.00180292 -0.000114845 0.00184287 0.00138071 0.00436543 0.00966719 0.000418412
internal_weight=0 4103 2466 931 717 656 627 568 493 467 447 345 172 150 1637 1493 364 124 1129
internal_count=4923 4103 2466 931 717 656 627 568 493 467 447 345 172 150 1637 1493 364 124 1129
is_linear=0
shrinkage=0.05


Tree=23
num_leaves=20
num_cat=0
split_feature=1 15 14 15 3 5 3 5 2 14 3 3 1 5 2 16 20 18 10
split_gain=2.48646 1.69913 6.91354 2.98294 3.1088 2.51376 3.69309 2.41893 3.70099 4.61137 2.22157 3.05106 2.13085 1.84918 2.60437 1.74835 2.39057 1.76592 1.84321
threshold=3.5901650173269201e-05 1.6150000000000004 0.90500000000000014 1.2350000000000001 0.57500000000000007 3.6450000000000005 0.91500000000000015 4.7650000000000006 3.9097624886814726e-05 2.1650000000000005 1.3950000000000002 0.79500000000000015 4.3674075799529938e-05 7.9050000000000011 0.00012254801896214053 -0.99999999999998412 -0.010579259950044549 0.057123885410737991 -6.0000000000000266
decision_type=2 2 2 2 2 2 2 2 2 2 2 2 2 2 2 2 2 2 2
left_child=-1 3 10 -2 -5 -4 -7 8 9 -8 11 -3 -9 -6 -15 16 -14 -18 -19
right_child=1 2 5 4 13 6 7 12 -10 -11 -12 -13 15 14 -16 -17 17 18 -20
leaf_value=-0.0017570119686314842 0.00082864776499323798 0.0031551572748205882 -0.0097918375888291533 0.01404183960479239 -0.0059721316963909791 0.022315991776330132 0.020735130622051658 0.011943879020663928 -0.0066560162953576271 -0.0048746983210245769 0.00012167248874902725 0.025245068594813347 -0.0071513683575650929 0.018186818063259124 -0.0062433798176546899 -9.9553964831371888e-05 0.0064332082926288371 0.0063044964725321 -0.0060469705222257926
leaf_weight=1356 1456 22 51 23 376 21 32 53 196 39 20 54 46 20 24 631 381 55 67
leaf_count=1356 1456 22 51 23 376 21 32 53 196 39 20 54 46 20 24 631 381 55 67
internal_value=0 0.000758315 0.0019227 -0.00026443 -0.00385703 0.00112721 0.00149334 0.00120182 -0.00311299 0.00666776 0.0149488 0.0188506 0.00213617 -0.00483721 0.00486126 0.00169565 0.003759 0.00475676 -0.000478686
internal_weight=0 3567 1668 1899 443 1572 1521 1500 267 71 96 76 1233 420 44 1180 549 503 122
internal_count=4923 3567 1668 1899 443 1572 1521 1500 267 71 96 76 1233 420 44 1180 549 503 122
is_linear=0
shrinkage=0.05


Tree=24
num_leaves=20
num_cat=0
split_feature=3 15 3 2 14 15 3 3 2 3 14 4 22 14 15 13 18 19 20
split_gain=2.33604 2.28103 4.33742 5.23832 2.25581 3.77942 3.16075 3.03486 2.27872 2.11036 2.00369 1.95844 1.95494 1.90189 2.32478 1.97692 2.50446 2.07738 2.1266
threshold=1.0750000000000004 2.4150000000000005 0.92500000000000016 4.4098378871259063e-05 0.70500000000000007 1.6150000000000004 1.4850000000000001 1.3950000000000002 1.949365477791534e-05 0.56500000000000006 2.3150000000000004 -0.99999999999998412 -0.0022947710894321567 0.57500000000000007 0.67500000000000016 0.99999999999998956 0.052641535083669318 0.0058410713398343592 -0.0038145406735943239
decision_type=2 2 2 2 2 2 2 2 2 2 2 2 2 2 2 2 2 2 2
left_child=1 9 -3 10 5 8 -6 -7 -2 -1 -4 -8 -13 15 -15 17 -17 18 -10
right_child=4 2 3 -5 6 7 11 -9 13 -11 -12 12 -14 14 -16 16 -18 -19 -20
leaf_value=0.010593814169988038 0.014030474149867109 0.02277998127616369 0.018436528891324997 -0.007239971592508514 -0.0029977253469520874 0.024661647659890793 -0.0013291030748240277 0.00011558879166841507 -0.004035026350454109 -0.002387635171948916 -0.00063611020644505816 0.015257947069817576 0.0020806445627157659 0.02107149856509986 0.00050876028835773475 -0.0052977383053502561 0.012954065806808926 0.0098802104875256747 0.0027691097327656906
leaf_weight=32 38 26 40 87 657 34 518 20 146 1447 21 29 956 27 28 179 21 79 538
leaf_count=32 38 26 40 87 657 34 518 20 146 1447 21 29 956 27 28 179 21 79 538
internal_value=0 -0.00146969 0.00394543 0.000636658 0.0008366 0.00266855 -0.000104817 0.0155705 0.00200879 -0.00210677 0.0118705 0.00115975 0.00246861 0.00156004 0.0106032 0.00104356 -0.0033813 0.00220341 0.00131676
internal_weight=0 1653 174 148 3270 1110 2160 54 1056 1479 61 1503 985 1018 55 963 200 763 684
internal_count=4923 1653 174 148 3270 1110 2160 54 1056 1479 61 1503 985 1018 55 963 200 763 684
is_linear=0
shrinkage=0.05


Tree=25
num_leaves=20
num_cat=0
split_feature=5 3 5 2 6 3 3 5 3 1 6 1 1 1 3 5 14 8 4
split_gain=2.2272 2.7546 2.12352 2.19505 2.21835 2.12343 1.8146 4.26756 3.19942 2.55558 2.33113 2.37211 3.08375 2.39971 2.14561 1.9469 3.4921 1.81088 1.7285
threshold=7.0550000000000006 1.7850000000000004 8.2850000000000019 0.00016336588843036197 5.9999999999999174 1.7250000000000003 3.0950000000000002 9.9450000000000021 2.4450000000000007 0.0003034757790248153 5.4999999999999725 0.00022842446389603811 0.00040598016524474103 0.0003034757790248153 2.2650000000000001 8.0250000000000004 1.9150000000000003 2.0000000000000013 0.49999999999999495
decision_type=2 2 2 2 2 2 2 2 2 2 2 2 2 2 2 2 2 2 2
left_child=18 2 3 4 -2 -5 8 -8 10 -9 11 15 13 -13 -14 16 -3 -11 -1
right_child=1 6 -4 5 -6 -7 7 9 -10 17 -12 12 14 -15 -16 -17 -18 -19 -20
leaf_value=-0.0011312761251244786 0.016974373858260072 0.01703239587299964 -0.0034383886866271498 -0.0074160853866487748 0.0028701938688755037 0.013352224454283716 0.0262943086879594 0.015435750409960747 -0.0073492501092993698 -0.0049995925731775234 -0.0048550853834432722 0.0077499398485172625 -0.0097241061606577472 0.02583296943921596 0.01141833741040457 -0.0065711697758133736 -0.0045229995889323098 0.011155632747845217 0.0013101677826301854
leaf_weight=3092 92 34 40 32 40 20 21 28 138 82 102 43 28 32 21 67 42 22 947
leaf_count=3092 92 34 40 32 40 20 21 28 138 82 102 43 28 32 21 67 42 22 947
internal_value=0 0.00221193 0.00700288 0.00927272 0.0127004 0.000571726 0.000585914 0.00535842 -0.000854311 0.00202771 0.00157469 0.00403101 0.00909204 0.0154654 -0.000663059 -0.000357573 0.0051202 -0.00158214 -0.000558845
internal_weight=0 884 224 184 132 52 660 153 507 132 369 267 124 75 49 143 76 104 4039
internal_count=4923 884 224 184 132 52 660 153 507 132 369 267 124 75 49 143 76 104 4039
is_linear=0
shrinkage=0.05


Tree=26
num_leaves=20
num_cat=0
split_feature=15 14 2 2 2 5 1 14 15 3 3 5 2 14 15 3 15 17 15
split_gain=2.10721 5.61436 2.34355 2.28999 2.79859 2.40883 1.8117 1.55922 2.26998 1.76112 2.03559 2.71435 2.19282 1.45118 2.67189 3.13955 1.93183 1.92114 1.98716
threshold=2.8650000000000007 2.3350000000000004 0.00023094253407232539 4.36610114681163e-05 0.00017303006931530977 11.815000000000001 4.5722226508182667e-05 -0.11499999999999998 -0.21499999999999997 1.8550000000000002 1.675 5.5450000000000008 8.9500187994845189e-05 0.28500000000000009 0.83500000000000008 1.425 1.155 1.0000000000000007 0.12500000000000003
decision_type=2 2 2 2 2 2 2 2 2 2 2 2 2 2 2 2 2 2 2
left_child=7 3 -3 -2 6 -6 -5 9 -9 10 11 -1 -12 14 17 16 -16 18 -10
right_child=1 2 -4 4 5 -7 -8 8 13 -11 12 -13 -14 -15 15 -17 -18 -19 -20
leaf_value=0.0017896432531614827 0.021381908332308134 -0.0022326043275482368 0.010079597872357036 0.016233951632272117 0.021654007259918298 0.0018362215031748235 0.00074430891221627263 -0.0073038898467078922 0.0065372331958750019 0.017426464557647705 0.0073745609819889065 0.016791461368924693 -0.01064503241616946 -0.0010475203679011394 0.0052860343665407416 -0.010046014010906219 0.01683976429532159 -0.0045027508499457481 -0.0004655123030732623
leaf_weight=146 30 382 43 22 46 23 133 127 138 20 25 38 52 2937 114 25 53 188 381
leaf_count=146 30 382 43 22 46 23 133 127 138 20 25 38 52 2937 114 25 53 188 381
internal_value=0 0.00252796 -0.000986899 0.00840911 0.00667169 0.0150481 0.00294284 -0.000472012 -0.000727211 0.0031271 0.00203136 0.00488784 -0.00479452 -0.000509474 0.0012483 0.00647898 0.00895279 -0.000172191 0.00139649
internal_weight=0 679 425 254 224 69 155 4244 3963 281 261 184 77 3836 899 192 167 707 519
internal_count=4923 679 425 254 224 69 155 4244 3963 281 261 184 77 3836 899 192 167 707 519
is_linear=0
shrinkage=0.05


Tree=27
num_leaves=20
num_cat=0
split_feature=15 14 14 15 2 3 5 2 5 14 15 2 11 15 15 2 3 1 15
split_gain=1.98624 5.66328 2.8534 2.47779 2.91056 3.02161 1.99767 5.608 2.4249 2.14975 2.28263 2.73944 2.13321 1.98526 3.29927 3.85945 3.50882 3.19474 2.49003
threshold=2.0050000000000003 1.2625000000000004 2.0550000000000002 2.9150000000000005 0.0002019903544746951 1.7150000000000001 7.5850000000000009 0.00031628170679248859 8.0550000000000015 0.28500000000000009 0.83500000000000008 0.00021139250230451601 -2.9999999999999578 2.6125000000000003 2.4350000000000005 4.2796070744076892e-05 1.3350000000000002 0.00046152713966101001 2.1950000000000007
decision_type=2 2 2 2 2 2 2 2 2 2 2 2 2 2 2 2 2 2 2
left_child=6 -2 3 13 5 -5 9 8 -8 10 -1 12 -12 14 16 -16 -3 18 -18
right_child=1 2 -4 4 -6 -7 7 -9 -10 -11 11 -13 -14 -15 15 -17 17 -19 -20
leaf_value=-0.00038570753448299492 0.021559314999510262 -0.0071858868888109041 -0.00097375144329974936 0.012870380177464284 0.024464363753795626 -0.0023029899499455437 0.014857035819441082 -0.0097872272404757425 0.0023852736836201269 -0.0021928524715795045 0.019819121632505866 -0.0057762507803556396 0.005489573289047589 -0.0069577415236982245 0.027378478094383527 0.0043642857777220863 0.0095609335667768119 -0.0097485718317329891 0.0001649941084906459
leaf_weight=1077 34 101 881 71 25 61 80 55 76 1810 34 41 110 59 27 56 157 40 128
leaf_count=1077 34 101 881 71 25 61 80 55 76 1810 34 41 110 59 27 56 157 40 128
internal_value=0 0.00136564 0.000938125 0.00326139 0.00882117 0.00585844 -0.000765168 0.00394098 0.00878105 -0.00108841 0.000495618 0.00562636 0.00887294 0.00172461 0.00273102 0.0118508 0.000954151 0.00348382 0.005341
internal_weight=0 1640 1606 725 157 132 3283 211 156 3072 1262 185 144 568 509 83 426 325 285
internal_count=4923 1640 1606 725 157 132 3283 211 156 3072 1262 185 144 568 509 83 426 325 285
is_linear=0
shrinkage=0.05


Tree=28
num_leaves=20
num_cat=0
split_feature=1 15 14 2 2 2 5 1 3 14 15 20 15 2 1 3 1 3 2
split_gain=1.80635 1.57767 4.46172 2.09578 2.07685 2.42743 1.91429 1.58899 1.34195 1.35202 1.92086 1.67194 1.88614 1.59661 1.32936 1.80907 1.31714 2.50349 2.51432
threshold=1.723006725367811e-05 2.9150000000000005 2.3350000000000004 0.00023094253407232539 4.36610114681163e-05 0.00017303006931530977 11.815000000000001 4.5722226508182667e-05 0.56500000000000006 -0.11499999999999998 -0.21499999999999997 -0.0039167816881340847 0.42500000000000004 0.00016989107176649385 0.00037856828575807277 1.5450000000000002 0.00068985529880498907 3.0950000000000002 0.0005349959132697346
decision_type=2 2 2 2 2 2 2 2 2 2 2 2 2 2 2 2 2 2 2
left_child=-1 8 4 -4 -3 7 -7 -6 -2 11 -11 -10 13 -13 15 -15 17 18 -12
right_child=1 2 3 -5 5 6 -8 -9 9 10 16 12 -14 14 -16 -17 -18 -19 -20
leaf_value=-0.0030758619690127256 0.0114154531955719 0.020634727233222554 -0.0020818789411282193 0.0096243058872777371 0.015193808180364697 0.020413169853909074 0.0022795085202563892 0.00067962233654477377 -0.0040789920287054096 -0.0069401518919983436 -0.00039883963523224762 0.0027501332213973055 -0.0081779849917992305 0.027374533563852312 0.0017832408780636994 0.0095239350013434903 -0.0060007344739338789 0.011128194964661891 0.013268971202128076
leaf_weight=449 25 28 345 43 22 43 22 132 61 111 3253 101 23 22 23 40 97 49 34
leaf_count=449 25 28 345 43 22 43 22 132 61 111 3253 101 23 22 23 40 97 49 34
internal_value=0 0.000250845 0.00255946 -0.000784544 0.0078124 0.00617301 0.0142756 0.00275308 -0.000131018 -0.000206703 -0.000466543 0.00320394 0.00532958 0.00699987 0.0120495 0.015858 -0.00025723 -9.02274e-05 -0.000257463
internal_weight=0 4474 635 388 247 219 65 154 3839 3814 3544 270 209 186 85 62 3433 3336 3287
internal_count=4923 4474 635 388 247 219 65 154 3839 3814 3544 270 209 186 85 62 3433 3336 3287
is_linear=0
shrinkage=0.05


Tree=29
num_leaves=20
num_cat=0
split_feature=15 14 14 15 2 3 3 3 3 3 3 2 14 2 15 3 14 3 0
split_gain=1.67388 5.14461 2.46561 1.97667 2.46394 2.65751 1.85476 1.83154 3.37919 2.53426 2.68478 3.82264 2.40738 2.49722 3.72862 2.40242 3.23939 2.02577 1.97325
threshold=2.0050000000000003 1.2625000000000004 2.0550000000000002 2.9150000000000005 0.0002019903544746951 1.7150000000000001 0.92500000000000016 5.5500000000000007 3.0950000000000002 2.7750000000000004 2.1950000000000007 0.0001051851993030985 1.8425000000000002 4.1995832888164003e-05 2.2750000000000004 2.2950000000000004 1.8550000000000002 1.3350000000000002 1.6721779607938117e-05
decision_type=2 2 2 2 2 2 2 2 2 2 2 2 2 2 2 2 2 2 2
left_child=-1 -2 3 7 5 -5 -4 8 9 10 11 12 17 -14 -15 -12 -17 -3 -19
right_child=1 2 6 4 -6 -7 -8 -9 -10 -11 15 -13 13 14 -16 16 -18 18 -20
leaf_value=-0.00070157215870664941 0.020501291401246013 -0.0048257518242648314 0.014122462160885335 0.011822475776286194 0.022365556418895722 -0.0024073657930874437 -0.0012798135704279777 -0.0082867883145809184 0.017230921362837156 -0.011410243146949346 0.022656120589146247 -0.0086459449251716069 0.024302369790772597 0.019698640941218898 -0.0082696886016772348 0.013740767521614378 -0.0073613178585806198 0.018641363118182531 0.0016117411851882934
leaf_weight=3283 34 94 20 71 25 61 861 43 36 36 26 89 24 22 26 44 31 22 75
leaf_count=3283 34 94 20 71 25 61 861 43 36 36 26 89 24 22 26 44 31 22 75
internal_value=0 0.00125452 0.000847058 0.00300668 0.00797252 0.00524656 -0.000930159 0.00163409 0.00244665 0.00135824 0.00237295 0.000311068 0.00334215 0.0111335 0.00454913 0.00955893 0.00501857 0.000405078 0.00547413
internal_weight=0 1640 1606 725 157 132 881 568 525 489 453 352 263 72 48 101 75 191 97
internal_count=4923 1640 1606 725 157 132 881 568 525 489 453 352 263 72 48 101 75 191 97
is_linear=0
shrinkage=0.05


end of trees

feature_importances:
f_3=124
f_15=88
f_2=82
f_14=72
f_5=58
f_1=48
f_0=14
f_6=14
f_8=10
f_21=10
f_7=6
f_11=6
f_13=5
f_20=5
f_4=4
f_10=4
f_17=4
f_9=3
f_18=3
f_19=3
f_22=3
f_12=2
f_16=2

parameters:
[boosting: gbdt]
[objective: regression]
[metric: binary_logloss]
[tree_learner: serial]
[device_type: cpu]
[data: ]
[valid: ]
[num_iterations: 10]
[learning_rate: 0.05]
[num_leaves: 20]
[num_threads: 0]
[deterministic: 0]
[force_col_wise: 0]
[force_row_wise: 0]
[histogram_pool_size: -1]
[max_depth: -1]
[min_data_in_leaf: 20]
[min_sum_hessian_in_leaf: 0.001]
[bagging_fraction: 0.7]
[pos_bagging_fraction: 1]
[neg_bagging_fraction: 1]
[bagging_freq: 5]
[bagging_seed: 3]
[feature_fraction: 0.9]
[feature_fraction_bynode: 1]
[feature_fraction_seed: 2]
[extra_trees: 0]
[extra_seed: 6]
[early_stopping_round: 0]
[first_metric_only: 0]
[max_delta_step: 0]
[lambda_l1: 0]
[lambda_l2: 0]
[linear_lambda: 0]
[min_gain_to_split: 0]
[drop_rate: 0.1]
[max_drop: 50]
[skip_drop: 0.5]
[xgboost_dart_mode: 0]
[uniform_drop: 0]
[drop_seed: 4]
[top_rate: 0.2]
[other_rate: 0.1]
[min_data_per_group: 100]
[max_cat_threshold: 32]
[cat_l2: 10]
[cat_smooth: 10]
[max_cat_to_onehot: 4]
[top_k: 20]
[monotone_constraints: ]
[monotone_constraints_method: basic]
[monotone_penalty: 0]
[feature_contri: ]
[forcedsplits_filename: ]
[refit_decay_rate: 0.9]
[cegb_tradeoff: 1]
[cegb_penalty_split: 0]
[cegb_penalty_feature_lazy: ]
[cegb_penalty_feature_coupled: ]
[path_smooth: 0]
[interaction_constraints: ]
[verbosity: 0]
[saved_feature_importance_type: 0]
[linear_tree: 0]
[max_bin: 255]
[max_bin_by_feature: ]
[min_data_in_bin: 3]
[bin_construct_sample_cnt: 200000]
[data_random_seed: 1]
[is_enable_sparse: 1]
[enable_bundle: 1]
[use_missing: 1]
[zero_as_missing: 0]
[feature_pre_filter: 1]
[pre_partition: 0]
[two_round: 0]
[header: 0]
[label_column: ]
[weight_column: ]
[group_column: ]
[ignore_column: ]
[categorical_feature: ]
[forcedbins_filename: ]
[precise_float_parser: 0]
[objective_seed: 5]
[num_class: 1]
[is_unbalance: 0]
[scale_pos_weight: 1]
[sigmoid: 1]
[boost_from_average: 1]
[reg_sqrt: 0]
[alpha: 0.9]
[fair_c: 1]
[poisson_max_delta_step: 0.7]
[tweedie_variance_power: 1.5]
[lambdarank_truncation_level: 30]
[lambdarank_norm: 1]
[label_gain: ]
[eval_at: ]
[multi_error_top_k: 1]
[auc_mu_weights: ]
[num_machines: 1]
[local_listen_port: 12400]
[time_out: 120]
[machine_list_filename: ]
[machines: ]
[gpu_platform_id: -1]
[gpu_device_id: -1]
[gpu_use_dp: 0]
[num_gpu: 1]

end of parameters

pandas_categorical:[]
