tree
version=v3
num_class=1
num_tree_per_iteration=1
label_index=0
max_feature_idx=22
objective=regression
feature_names=f_0 f_1 f_2 f_3 f_4 f_5 f_6 f_7 f_8 f_9 f_10 f_11 f_12 f_13 f_14 f_15 f_16 f_17 f_18 f_19 f_20 f_21 f_22
feature_infos=[2.811842593898112e-07:0.0089292451603560918] [2.1333248529010825e-06:0.0055990001705921817] [4.7857545124566229e-06:0.003721014941950642] [0.53000000000000003:6.5599999999999996] [-33.000000000000007:48] [2.4100000000000001:21.82] [-101.00000000000016:144.99999999999994] [-3.0196613872200984:0.53086419753086433] [-81:74] [-46:33.999999999999986] [-51.000000000000021:33.999999999999986] [-33.000000000000007:29.000000000000004] [-41:96.000000000000014] [-36.000000000000007:32.999999999999986] [-0.83999999999999997:2.9100000000000001] [-1.3200000000000001:3.8500000000000001] [-52:73.999999999999972] [-28.000000000000004:24.000000000000004] [-0.29572649572649579:1.1559792027729636] [-0.02958455728073861:0.047292143401983289] [-0.054746473503621829:0.033993115318416534] [-0.078445945945946005:0.045346674363414774] [-0.019984292877423981:0.018327052533256172]
tree_sizes=1815 1884 1892 1888 1892 1879 1889 1892 1892 1888 1906 1889 1897 1895 1882 1889 1891 1927 1921 1922 1887 1904 1884 1875 1907 1893 1925 1889 1912 1878

Tree=0
num_leaves=20
num_cat=0
split_feature=1 3 3 8 22 14 13 10 1 0 4 15 19 18 13 2 6 21 15
split_gain=19.7295 3.79987 3.58455 3.1026 3.01743 2.92363 2.80611 2.74873 2.61244 2.58575 2.53088 2.41028 2.22334 2.18641 2.52002 2.1545 2.09869 1.98477 1.64978
threshold=6.0762899018556884e-05 1.5550000000000004 1.3650000000000004 -1.0000000000000118 0.00038996761035570154 0.37500000000000006 6.0000000000000036 7.999999999999992 0.0010535365846643973 2.8787793206171611e-05 5.0000000000000169 1.8750000000000002 0.0049980784012297894 -0.050492721300347924 1.0000000000000122 1.8711598745249464e-05 14.999999999999904 0.0087793400632140157 2.7950000000000004
decision_type=2 2 2 2 2 2 2 2 2 2 2 2 2 2 2 2 2 2 2
left_child=2 5 15 -4 6 9 8 17 10 -2 12 16 -3 -14 18 -1 -11 -7 -15
right_child=1 4 3 -5 -6 7 -8 -9 -10 11 -12 -13 13 14 -16 -17 -18 -19 -20
leaf_value=0.2417459532061865 0.23766793902178934 0.25830505813536275 0.26174201309586342 0.24913852725708346 0.24999977758681177 0.24791073113104578 0.24626168902178935 0.25970183732687407 0.27010037145422178 0.25323034271978628 0.24250664869920871 0.27027663467396323 0.242319101812487 0.25455105590490623 0.24338222473607507 0.24655269738610161 0.26697828384937555 0.26174201309586342 0.26739766875151905
leaf_weight=282 24 722 54 510 223 659 64 59 37 649 31 23 43 77 35 1345 29 27 37
leaf_count=282 24 722 54 510 223 659 64 59 37 649 31 23 43 77 35 1345 29 27 37
internal_value=0.250177 0.253276 0.24691 0.250345 0.25528 0.251545 0.256406 0.249346 0.257067 0.253806 0.256557 0.254358 0.257033 0.252251 0.255118 0.24572 0.253818 0.248455 0.258721
internal_weight=0 2739 2191 564 1269 1470 1046 745 982 725 945 701 914 192 149 1627 678 686 114
internal_count=4930 2739 2191 564 1269 1470 1046 745 982 725 945 701 914 192 149 1627 678 686 114
is_linear=0
shrinkage=1


Tree=1
num_leaves=20
num_cat=0
split_feature=1 5 5 9 14 0 14 5 13 3 3 6 14 3 2 14 6 0 10
split_gain=17.8059 4.24686 3.31314 2.9399 2.87559 3.68152 2.91494 2.83024 2.69577 2.42934 5.53241 3.18466 2.42845 2.39791 3.16445 2.39623 2.23173 2.59978 2.18659
threshold=6.0762899018556884e-05 6.5250000000000012 4.3650000000000011 7.250000000000024 2.5525000000000002 9.9140571660511425e-05 0.35500000000000004 2.5550000000000002 1.0000000180025095e-35 2.5250000000000004 3.1350000000000002 15.000000000000016 1.2050000000000003 2.1650000000000005 0.00033129451259031827 2.2950000000000004 7.9999999999999414 3.4491145507228986e-05 -8.9999999999999627
decision_type=2 2 2 2 2 2 2 2 2 2 2 2 2 2 2 2 2 2 2
left_child=2 3 7 4 6 -6 -2 -1 9 11 -11 13 -10 14 15 -3 -9 -18 -8
right_child=1 8 -4 -5 5 -7 18 16 12 10 -12 -13 -14 -15 -16 -17 17 -19 -20
leaf_value=0.013862841257027218 0.0025592262743272796 0.011406647254991685 -0.00011269502261633513 0.0076969114050530561 -0.0017703356775077613 0.019520042240619661 0.010360994764736722 -0.0050800987449280063 -0.011141032418783975 -0.0072748205556375225 0.011451056472172864 -0.0030124458842552626 0.0031332080913282533 0.017046561453145804 -0.0036188529006072456 -0.0015872925147414211 0.011096982927398479 -0.0067587270090977355 -0.0024305023719258861
leaf_weight=21 731 314 651 171 37 45 35 1436 34 82 76 52 241 97 49 40 47 36 735
leaf_count=21 731 314 651 171 37 45 35 1436 34 82 76 52 241 97 49 40 47 36 735
internal_value=0 0.00294409 -0.00310316 0.00146869 0.0007959 0.00991341 0.000297808 -0.00436731 0.00557136 0.00719928 0.00173256 0.00876402 0.00136839 0.00998878 0.00829 0.00993841 -0.00461934 0.00335234 -0.00184907
internal_weight=0 2739 2191 1754 1583 82 1501 1540 985 710 158 552 275 500 403 354 1519 83 770
internal_count=4930 2739 2191 1754 1583 82 1501 1540 985 710 158 552 275 500 403 354 1519 83 770
is_linear=0
shrinkage=0.05


Tree=2
num_leaves=20
num_cat=0
split_feature=1 5 15 1 14 5 10 14 9 14 18 14 5 0 15 0 21 6 0
split_gain=16.0698 3.83279 3.19826 3.86783 3.65073 2.99011 2.92668 2.71688 2.65326 2.59522 3.42304 2.63073 2.55429 2.39177 2.18811 2.15422 2.03603 2.01413 2.3463
threshold=6.0762899018556884e-05 6.5250000000000012 0.44500000000000006 0.00013105068880787764 1.0750000000000004 4.3650000000000011 9.9999999999999769 2.6150000000000007 7.250000000000024 2.5525000000000002 -0.018247784077446757 0.35500000000000004 2.5550000000000002 9.9140571660511425e-05 -0.41499999999999992 4.4118644928457501e-05 0.00089222086574092263 7.9999999999999414 3.4491145507228986e-05
decision_type=2 2 2 2 2 2 2 2 2 2 2 2 2 2 2 2 2 2 2
left_child=5 8 3 -3 -4 12 7 -6 9 11 -11 14 -1 -12 -2 -16 -10 -14 -19
right_child=1 2 4 -5 6 -7 -8 -9 16 10 13 -13 17 -15 15 -17 -18 18 -20
leaf_value=0.013169699197723754 -0.0072547070682048801 0.032182909224344337 -0.0048272138441863817 0.0078918125153633594 0.006981692643998897 -0.00010706013477709254 -0.0049060054363742958 -0.0091732770480491502 0.011374929682774978 -0.0043927219150395229 0.0048436401978782986 -0.0017566167466439211 -0.0048260941759042421 0.026274658193190893 -0.0045009729638695725 0.004236325313348068 -1.4410326715375556e-05 0.010542133672440307 -0.0064207908593946041
leaf_weight=21 54 23 95 57 721 651 62 27 110 29 23 770 1436 30 80 597 61 47 36
leaf_count=21 54 23 95 57 721 651 62 27 110 29 23 770 1436 30 80 597 61 47 36
internal_value=0 0.00279689 0.0052928 0.0148755 0.00444571 -0.002948 0.00553327 0.00639856 0.00139525 0.000756105 0.00941774 0.000282918 -0.00414895 0.0169744 0.00243126 0.00320385 0.00731207 -0.00438837 0.00318472
internal_weight=0 2739 985 80 905 2191 810 748 1754 1583 82 1501 1540 53 731 677 171 1519 83
internal_count=4930 2739 985 80 905 2191 810 748 1754 1583 82 1501 1540 53 731 677 171 1519 83
is_linear=0
shrinkage=0.05


Tree=3
num_leaves=20
num_cat=0
split_feature=1 5 15 1 14 2 10 14 0 14 18 14 15 15 18 3 3 14 2
split_gain=14.503 3.4591 2.88643 3.49071 3.29479 2.79009 2.64133 2.47468 2.39749 3.15225 3.5419 2.81119 2.17188 2.00404 2.13149 2.6425 2.98038 2.45458 2.63421
threshold=6.0762899018556884e-05 6.5250000000000012 0.44500000000000006 0.00013105068880787764 1.0750000000000004 3.0177435414456636e-05 9.9999999999999769 2.5750000000000006 3.7211964928140889e-05 2.5525000000000002 -0.018247784077446757 0.37500000000000006 1.8750000000000002 3.3550000000000004 0.077885388364827848 2.5050000000000003 3.0050000000000003 2.2950000000000004 0.00021134992320072439
decision_type=2 2 2 2 2 2 2 2 2 2 2 2 2 2 2 2 2 2 2
left_child=5 8 3 -3 -4 -1 7 13 -2 11 -11 12 -10 14 15 17 -17 18 -6
right_child=1 2 4 -5 6 -7 -8 -9 9 10 -12 -13 -14 -15 -16 16 -18 -19 -20
leaf_value=-0.0050118451498241887 -0.0044303680156789179 0.030573765480000042 -0.0045858530700206759 0.0074972227869326618 0.0078658517675344337 -0.0013608771597386844 -0.0046607050203507942 -0.0069018126385552549 0.0030450718979040782 -0.0017502266793481766 0.019760981768369677 -0.00080829502042868869 0.018643595407838408 0.015015450266726089 -0.0022409415596889126 -0.0045378923085000779 0.0079744985345566628 0.00025173714236607626 0.0174969419977575
leaf_weight=864 164 23 95 57 215 1327 62 35 750 31 50 736 23 66 72 90 101 63 106
leaf_count=864 164 23 95 57 215 1327 62 35 750 31 50 736 23 66 72 90 101 63 106
internal_value=0 0.00265705 0.00502816 0.0141317 0.00422342 -0.0028006 0.00525661 0.00607863 0.00132549 0.00191918 0.0115283 0.00140338 0.00350919 0.00671582 0.00586918 0.00688471 0.00207861 0.00927524 0.0110462
internal_weight=0 2739 985 80 905 2191 810 748 1754 1590 81 1509 773 713 647 575 191 384 321
internal_count=4930 2739 985 80 905 2191 810 748 1754 1590 81 1509 773 713 647 575 191 384 321
is_linear=0
shrinkage=0.05


Tree=4
num_leaves=20
num_cat=0
split_feature=1 3 3 3 8 15 2 3 2 1 15 14 18 2 2 8 8 22 21
split_gain=13.089 2.96814 2.84593 2.66111 2.75127 2.17986 4.79848 3.12744 2.14445 1.99904 2.42213 2.39358 2.27929 1.83214 1.82831 1.81685 1.63221 2.7032 2.1642
threshold=6.0762899018556884e-05 0.99500000000000011 0.56500000000000006 1.3650000000000004 -1.0000000000000118 2.8650000000000007 0.00018359383707619429 2.0050000000000003 0.00011291565586945986 9.0575871165587455e-05 3.3750000000000004 2.5525000000000002 -0.0091955345053785758 1.8711598745249464e-05 0.00069406867351463257 -0.41666666666666513 -0.99999999999999656 -1.8122727108604849e-05 -0.0019648072614751873
decision_type=2 2 2 2 2 2 2 2 2 2 2 2 2 2 2 2 2 2 2
left_child=3 2 -2 13 -5 15 8 -8 9 12 11 -11 -7 -1 -9 16 -3 -18 -19
right_child=1 5 -4 4 -6 6 7 14 -10 10 -12 -13 -14 -15 -16 -17 17 18 -20
leaf_value=-0.0073508296980925487 0.017225477173924447 0.0037042128848053558 -0.002073299657431007 0.011031157330230431 -0.00083730594784605739 -0.010921243870896954 0.024896940842587898 0.0028153226375579837 -0.0026776228451503899 -0.0015674028068016739 0.024951913269857566 0.017593689848269738 0.0079868020238103091 -0.0029182413602628675 0.018595946528788272 0.0013018418897796031 0.025759650896424836 -0.0066598593850027438 0.014466461428889521
leaf_weight=282 20 684 426 54 510 28 47 50 106 39 24 28 37 1345 29 1149 23 22 27
leaf_count=282 20 684 426 54 510 28 47 50 106 39 24 28 37 1345 29 1149 23 22 27
internal_value=0 0.00252419 -0.00120788 -0.00266057 0.000299036 0.0032501 0.00666607 0.0146842 0.00281004 0.00653883 0.0113224 0.00644022 -0.000158202 -0.00368652 0.00860821 0.00255436 0.00445798 0.0116187 0.00498117
internal_weight=0 2739 446 2191 564 2293 388 126 262 156 91 67 65 1627 79 1905 756 72 49
internal_count=4930 2739 446 2191 564 2293 388 126 262 156 91 67 65 1627 79 1905 756 72 49
is_linear=0
shrinkage=0.05


Tree=5
num_leaves=20
num_cat=0
split_feature=5 2 5 14 3 3 3 3 3 5 3 14 2 19 5 1 14 6 22
split_gain=12.0818 3.57523 2.98829 4.12085 2.82602 2.66649 3.06205 4.11592 2.71154 3.15056 2.61651 3.54627 3.67883 3.48565 3.05293 2.90048 2.54383 2.52756 2.51729
threshold=4.4350000000000014 0.00016453173725345215 6.5950000000000006 2.6150000000000007 0.56500000000000006 1.7850000000000004 3.3150000000000004 5.9650000000000007 1.4850000000000001 8.3150000000000031 2.5250000000000004 1.1150000000000004 0.00020450453634981801 -0.0048941930481475873 9.6950000000000021 0.00016551897217423429 1.4825000000000002 2.0000000000000244 -1.208218300924324e-05
decision_type=2 2 2 2 2 2 2 2 2 2 2 2 2 2 2 2 2 2 2
left_child=1 4 -2 5 -1 8 10 -8 -4 -10 11 -7 15 -14 18 -13 -12 -6 -15
right_child=2 -3 3 -5 17 6 7 -9 9 -11 16 12 13 14 -16 -17 -18 -19 -20
leaf_value=0.012526526302099229 0.0010778502126213496 0.0051804862291246027 -0.008345612064003945 -0.012085916805598472 -0.0041152504448112581 -0.003912896530650487 0.015727052565974495 -0.005490363314747811 0.012769186854228846 -0.0050246335566043855 0.005800065573524027 0.0063006040713061463 -0.0030307455686852339 0.010237591140545331 0.0034957901025429749 -0.0069134337283097789 -0.007749184814316256 -5.1178386615168669e-05 0.026665276032069637
leaf_weight=29 1546 143 20 36 1673 107 96 30 223 28 51 115 32 39 39 65 108 496 58
leaf_count=29 1546 143 20 36 1673 107 96 30 223 28 51 115 32 39 39 65 108 496 58
internal_value=0 -0.00248019 0.0024747 0.00453728 -0.00297858 0.0051292 0.00357527 0.0106753 0.00937242 0.0107842 0.00211826 0.00404774 0.0064954 0.0118167 0.0153102 0.00152887 -0.0034032 -0.00318589 0.0200603
internal_weight=0 2341 2593 1047 2198 1011 740 126 271 251 614 455 348 168 136 180 159 2169 97
internal_count=4934 2341 2593 1047 2198 1011 740 126 271 251 614 455 348 168 136 180 159 2169 97
is_linear=0
shrinkage=0.05


Tree=6
num_leaves=20
num_cat=0
split_feature=5 4 14 15 3 8 15 2 15 15 7 8 8 15 2 4 19 17 18
split_gain=10.9038 3.3403 3.48632 3.21451 3.03037 2.70264 2.6113 3.44261 2.9774 2.65939 4.16356 2.66309 2.30246 2.26423 2.26122 2.00582 1.9586 1.92906 1.87453
threshold=4.4350000000000014 1.0000000180025095e-35 1.0150000000000003 1.6450000000000002 0.56500000000000006 -1.0000000180025095e-35 1.9950000000000003 0.0001862872282481996 2.8850000000000002 1.2050000000000003 -0.02676732552169114 0.999999999999999 -0.99999999999998412 1.0650000000000002 0.00032410538890872992 -2.0000000000000235 -0.0018287564279708677 -0.99999999999998412 -0.067812956343340378
decision_type=2 2 2 2 2 2 2 2 2 2 2 2 2 2 2 2 2 2 2
left_child=1 4 3 13 -1 12 9 15 18 11 -11 -7 -2 -3 -13 -8 -14 -10 -9
right_child=5 2 -4 -5 -6 6 7 8 17 10 -12 14 16 -15 -16 -17 -18 -19 -20
leaf_value=0.014007012009620668 0.0037411315946115388 0.0049944943648629961 -0.0064603857274325386 0.018265059590339663 -0.0035175420648308215 -0.0029919956186238456 -0.011586057196060817 0.017370232970764243 0.0059533784234965291 0.012563928216695787 -0.0055136965640352267 0.007071130220280138 0.023664090092535374 -0.004358283225651626 -0.0063108806473177841 0.0016969314231364816 0.0066994764234708714 0.022789572357483533 0.0022617639108023172
leaf_weight=25 900 224 106 35 1860 170 30 24 27 35 354 215 27 91 37 540 46 46 142
leaf_count=25 900 224 106 35 1860 170 30 24 27 35 354 215 27 91 37 540 46 46 142
internal_value=0 -0.00235618 0.00148386 0.00388983 -0.00328512 0.00235096 0.00109995 0.00310986 0.00814694 -0.000905006 -0.00388718 0.00184396 0.00443384 0.00229258 0.00510631 0.000997827 0.0129741 0.0165625 0.00444612
internal_weight=0 2341 456 350 1885 2593 1620 809 239 811 389 422 973 315 252 570 73 73 166
internal_count=4934 2341 456 350 1885 2593 1620 809 239 811 389 422 973 315 252 570 73 73 166
is_linear=0
shrinkage=0.05


Tree=7
num_leaves=20
num_cat=0
split_feature=5 2 5 14 3 3 3 3 5 2 2 3 14 19 2 1 5 14 14
split_gain=9.84071 3.15765 2.59758 3.73176 2.43308 2.6695 3.65767 2.44433 2.82813 2.41247 2.35364 2.3228 3.12207 3.17371 3.70325 3.73597 2.71881 2.30677 2.19704
threshold=4.4350000000000014 0.00016453173725345215 6.5950000000000006 2.6150000000000007 1.7850000000000004 3.3150000000000004 5.9650000000000007 1.4850000000000001 8.3150000000000031 0.00019940601894416425 1.914409017084614e-05 2.5250000000000004 1.1150000000000004 -0.0050373769342532118 0.00020450453634981801 0.00015442520038742345 9.6950000000000021 1.4825000000000002 -0.30499999999999994
decision_type=2 2 2 2 2 2 2 2 2 2 2 2 2 2 2 2 2 2 2
left_child=1 10 18 4 7 11 -7 -4 -9 -3 -1 12 -6 -14 15 -15 -16 -13 -2
right_child=2 9 3 -5 5 6 -8 8 -10 -11 -12 17 13 14 16 -17 -18 -19 -20
leaf_value=-0.0068623652700650489 0.0071258752798761121 0.014544900490178004 -0.008049372881650925 -0.011662523655427828 -0.0037764509774257092 0.014626915690799555 -0.0053745358437299736 0.011994062410876355 -0.0048646701233727597 0.00056029886615519627 -0.0020625618457230407 0.0054365534700599374 -0.0042658552166915708 0.0097896943933197447 0.018670604201321751 -0.0061069492928006435 0.003038743940683512 -0.0074659318628686458 0.00035756992525009726
leaf_weight=295 131 45 20 36 107 96 30 223 28 98 1903 51 62 84 97 66 39 108 1415
leaf_count=295 131 45 20 36 107 96 30 223 28 98 1903 51 62 84 97 66 39 108 1415
internal_value=0 -0.00223837 0.00223341 0.00415644 0.00471972 0.00323536 0.00986467 0.00877298 0.0101134 0.00496105 -0.00270676 0.00187494 0.00369291 0.00598952 0.00821271 0.00279517 0.0141879 -0.0033274 0.000931081
internal_weight=0 2341 2593 1047 1011 740 126 271 251 143 2198 614 455 348 286 150 136 159 1546
internal_count=4934 2341 2593 1047 1011 740 126 271 251 143 2198 614 455 348 286 150 136 159 1546
is_linear=0
shrinkage=0.05


Tree=8
num_leaves=20
num_cat=0
split_feature=2 5 3 3 3 5 3 14 15 5 19 15 7 22 16 14 8 17 1
split_gain=8.97568 2.65584 2.24084 2.83856 1.93882 2.27373 3.07243 3.62899 3.55936 3.39242 3.06088 3.00018 2.70566 2.5636 2.83652 2.11187 2.45198 2.05743 1.9679
threshold=6.9885063106335301e-05 4.3450000000000006 3.3150000000000004 5.9650000000000007 2.6150000000000007 6.5250000000000012 1.9950000000000003 0.40500000000000008 3.3950000000000005 6.1350000000000007 -0.0051696409269905699 -0.36499999999999994 0.031362782267571838 0.0033744552937923227 -6.0000000000000027 2.3250000000000006 1.5000000000000009 2.9999999999999951 0.00011996724665803425
decision_type=2 2 2 2 2 2 2 2 2 2 2 2 2 2 2 2 2 2 2
left_child=1 -1 4 -4 5 6 7 11 -9 -8 17 -2 13 14 -13 16 18 -7 -12
right_child=2 -3 3 -5 -6 10 9 8 -10 -11 15 12 -14 -15 -16 -17 -18 -19 -20
leaf_value=-0.0033212736015555857 -0.0067470105113209902 0.00045374200133023657 0.012390455552468115 -0.0051058090974887213 -0.0046696846200301586 -0.0057894393021152134 0.027892928367311304 -0.0026085067750499205 0.014691352075146092 0.00042941664224085599 0.013503067038561169 -0.0058923790508762326 0.012749658162264447 0.016863769797548171 0.0034855737152133248 -0.00056327560025712722 -0.00060552823674547807 0.011026780137961562 0.0062798349025808735
leaf_weight=1596 74 658 102 30 113 105 22 727 31 23 133 94 76 31 567 115 91 22 324
leaf_count=1596 74 658 102 30 113 105 22 727 31 23 133 94 76 31 567 115 91 22 324
internal_value=0 -0.00221925 0.00206188 0.00841403 0.00173281 0.00202993 0.000971111 0.000608723 -0.00190099 0.013856 0.00423467 0.00286806 0.00379452 0.002811 0.00215195 0.00559682 0.00688955 -0.00287639 0.008382
internal_weight=0 2254 2680 132 2548 2435 1645 1600 758 45 790 842 768 692 661 663 548 127 457
internal_count=4934 2254 2680 132 2548 2435 1645 1600 758 45 790 842 768 692 661 663 548 127 457
is_linear=0
shrinkage=0.05


Tree=9
num_leaves=20
num_cat=0
split_feature=2 2 3 3 10 12 21 9 3 22 13 2 12 3 1 22 3 10 3
split_gain=8.10055 2.41567 2.02236 2.5618 1.95966 2.76652 2.69802 3.27935 2.45922 2.38475 3.00867 2.35767 4.48419 3.11529 2.10638 2.07451 1.9006 1.88397 1.8615
threshold=6.9885063106335301e-05 3.0177435414456636e-05 3.3150000000000004 5.9650000000000007 4.2499999999999991 1 -0.00093213538013559017 12.999999999999996 1.3250000000000004 1.2081891058057794e-05 2.5000000000000249 8.46221500625898e-05 -1.0000000180025095e-35 0.79500000000000015 0.00022842446389603811 7.1964450496286872e-05 1.4950000000000003 7.999999999999992 1.3750000000000002
decision_type=2 2 2 2 2 2 2 2 2 2 2 2 2 2 2 2 2 2 2
left_child=1 -1 4 -4 5 11 7 -6 -8 10 17 12 16 -13 -11 -14 -2 -10 -3
right_child=2 18 3 -5 6 -7 8 -9 9 14 -12 13 15 -15 -16 -17 -18 -19 -20
leaf_value=-0.0041708805436860823 -0.0060639031340970718 -0.0019876778772646856 0.011770932683173349 -0.0048505186041196188 0.011914934764305751 -0.0024435772366935889 -0.0053855409088370563 -0.0049351881657327921 -0.0017253780229525132 0.0058986786164735502 -0.010069480556107704 -0.0054268586579002912 0.015780335109470026 0.0020275603592587901 0.025630316386620208 -0.00023146069049835208 0.0087131022708490501 0.014814161985284752 0.0020462695287890953
leaf_weight=871 68 979 102 30 165 457 91 35 33 38 42 158 106 1241 21 25 32 36 404
leaf_count=871 68 979 102 30 165 457 91 35 33 38 42 158 106 1241 21 25 32 36 404
internal_value=0 -0.00210829 0.00195879 0.00799333 0.00164617 0.000994464 0.00459651 0.00896616 0.00124811 0.00479906 0.000481569 0.00195838 0.00663811 0.00118567 0.0129218 0.0127246 -0.00133526 0.00690395 -0.000809287
internal_weight=0 2254 2680 132 2548 2087 461 200 261 170 111 1630 231 1399 59 131 100 69 1383
internal_count=4934 2254 2680 132 2548 2087 461 200 261 170 111 1630 231 1399 59 131 100 69 1383
is_linear=0
shrinkage=0.05


Tree=10
num_leaves=20
num_cat=0
split_feature=1 15 2 3 2 2 2 15 13 11 20 19 1 3 20 18 8 2 16
split_gain=8.08886 1.82931 3.32551 2.72546 1.79999 1.69308 2.43524 2.22031 1.77423 1.65814 2.01744 2.11456 1.91746 1.92193 2.2817 2.92181 2.40938 1.93968 1.72291
threshold=6.0762899018556884e-05 2.8650000000000007 0.00018359383707619429 2.0050000000000003 0.00069406867351463257 0.00011291565586945986 5.3023220642760116e-05 3.4250000000000003 0.99999999999998956 -10.00000000000003 -0.0068496445433767752 0.0052663790668910923 6.2007624308031044e-05 1.0150000000000003 -0.00091199277232634202 0.016235742539308821 -1.0000000000000002 0.00020137940082361923 2.0000000000000013
decision_type=2 2 2 2 2 2 2 2 2 2 2 2 2 2 2 2 2 2 2
left_child=-1 9 5 -4 -5 6 -3 8 -8 -2 -11 12 -12 -14 15 16 17 -15 -18
right_child=1 2 3 4 -6 -7 7 -9 -10 10 11 -13 13 14 -16 -17 18 -19 -20
leaf_value=-0.002083105901668519 0.0091435223379555865 -0.0087782464645527036 0.021366872749430069 0.00041310724616050725 0.016071056857191283 -0.0029296476956246036 0.0089254194477074583 0.018167641879738988 -0.0039441373112589816 -0.0030359206210461356 0.01634619285662969 -0.0029066328984608345 -0.0010762579859264435 0.021260760660315382 0.0016041193990876104 0.00073089245482381568 0.0024132090007386556 0.0069486410543322568 0.013343671928433812
leaf_weight=2191 68 27 47 50 29 106 71 37 43 248 24 218 372 58 961 166 123 40 51
leaf_count=2191 68 27 47 50 29 106 71 37 43 248 24 218 372 58 961 166 123 40 51
internal_value=0 0.00199276 0.00507247 0.011833 0.00616096 0.00207308 0.00505223 0.00752523 0.00407111 0.0014506 0.00121924 0.00174347 0.00230822 0.00211798 0.00296734 0.00595833 0.00914861 0.0154191 0.00561697
internal_weight=0 2739 410 126 79 284 178 151 114 2329 2261 2013 1795 1771 1399 438 272 98 174
internal_count=4930 2739 410 126 79 284 178 151 114 2329 2261 2013 1795 1771 1399 438 272 98 174
is_linear=0
shrinkage=0.05


Tree=11
num_leaves=20
num_cat=0
split_feature=1 5 5 15 5 14 10 9 11 14 6 7 2 6 21 5 2 14 0
split_gain=7.30019 1.87446 1.67487 2.70234 2.92287 2.43328 2.35956 2.18182 1.95751 1.66748 1.76695 1.98058 1.65425 1.77109 1.6278 1.91074 1.83826 1.55013 2.9922
threshold=6.0762899018556884e-05 2.5550000000000002 6.5250000000000012 0.44500000000000006 8.0550000000000015 1.0750000000000004 9.9999999999999769 7.250000000000024 -10.00000000000003 2.5750000000000006 14.499999999999959 0.022326380633742596 3.0177435414456636e-05 8.7499999999999929 0.00089222086574092263 3.9850000000000008 0.00018116097341468437 2.5525000000000002 9.9140571660511425e-05
decision_type=2 2 2 2 2 2 2 2 2 2 2 2 2 2 2 2 2 2 2
left_child=1 -1 7 4 -4 -5 9 8 -2 10 11 -7 13 -3 15 -9 -17 -10 -19
right_child=2 12 3 5 -6 6 -8 14 17 -11 -12 -13 -14 -15 -16 16 -18 18 -20
leaf_value=0.012758613492761341 0.011335479037119792 -0.0042419717012304355 0.019362751759150448 -0.0047580132115828365 -0.0003193282854968104 0.0070425386289793496 -0.0056639240236291966 0.022553539107675137 -0.0002528660021768026 -0.0061636946669646675 -0.0022312941472781333 -0.00015804085900124752 -0.00099316336997166401 0.007285536596880241 -0.00021671404713978533 0.00074776508560720487 0.015494315995889551 -0.0034610174465924499 0.016095986933242983
leaf_weight=21 39 827 51 95 29 523 62 23 1467 35 76 114 1309 34 61 53 34 36 41
leaf_count=21 39 827 51 95 29 523 62 23 1467 35 76 114 1309 34 61 53 34 36 41
internal_value=0 -0.00195916 0.00187419 0.0035076 0.012228 0.00273674 0.00361575 0.000956909 0.000383113 0.00438492 0.00490274 0.00575389 -0.00210159 -0.00378676 0.00626871 0.00986518 0.00651078 0.000106467 0.00695245
internal_weight=0 2191 2739 985 80 905 810 1754 1583 748 713 637 2170 861 171 110 87 1544 77
internal_count=4930 2191 2739 985 80 905 810 1754 1583 748 713 637 2170 861 171 110 87 1544 77
is_linear=0
shrinkage=0.0495


Tree=12
num_leaves=20
num_cat=0
split_feature=1 15 2 3 0 2 15 14 1 2 2 15 10 3 21 13 9 21 6
split_gain=6.60813 1.68789 2.83674 2.35903 1.71313 2.12141 1.79549 1.68735 1.82312 1.63367 1.60581 1.60079 1.61406 2.45234 2.31378 1.78969 2.07629 1.91107 1.55771
threshold=6.5506325935967119e-05 2.8650000000000007 0.00018359383707619429 2.0050000000000003 6.2345305175677088e-05 0.00012063139620502135 3.2850000000000006 2.5350000000000006 0.00016264398652394049 0.00069406867351463257 3.0177435414456636e-05 2.4950000000000006 5.0000000000000169 3.1350000000000002 0.00063198776214867813 3.0000000000000142 9.0000000000000195 -0.0042147592278962134 8.7499999999999929
decision_type=2 2 2 2 2 2 2 2 2 2 2 2 2 2 2 2 2 2 2
left_child=10 11 4 -4 -3 6 -6 8 -7 -5 18 12 13 -2 15 16 17 -14 -1
right_child=1 2 3 9 5 7 -8 -9 -10 -11 -12 -13 14 -15 -16 -17 -18 -19 -20
leaf_value=-0.0038462611314406597 0.00090796988179839223 -0.0055125804515876644 0.019560512086099133 0.00032827735338360073 0.0017038955731093883 -0.0052992316938936706 0.013334607941748245 -0.012013821126821318 0.013952830697830234 0.014948457844971582 -0.00075278547294018784 -0.0023973038347041317 0.018929390800651164 0.013837505857776849 0.00010608652476221324 0.022098789288678339 -2.6720604364361082e-05 0.0049904641882812274 0.0068556534429288964
leaf_weight=830 1644 58 47 50 60 27 68 28 21 29 1440 247 44 36 132 21 63 51 34
leaf_count=830 1644 58 47 50 60 27 68 28 21 29 1440 247 44 36 132 21 63 51 34
internal_value=0 0.00184104 0.00482491 0.0108672 0.00191909 0.00403201 0.00788271 -0.00245338 0.00312355 0.00569518 -0.00175491 0.00132374 0.00178536 0.00118503 0.0050283 0.00865809 0.00687167 0.0114464 -0.00342512
internal_weight=0 2626 388 126 262 204 128 76 48 79 2304 2238 1991 1680 311 179 158 95 864
internal_count=4930 2626 388 126 262 204 128 76 48 79 2304 2238 1991 1680 311 179 158 95 864
is_linear=0
shrinkage=0.049005


Tree=13
num_leaves=20
num_cat=0
split_feature=1 5 3 8 0 0 14 15 2 19 5 3 5 14 3 5 6 2 3
split_gain=5.9772 1.68879 1.67974 2.18064 1.64177 2.5585 2.52622 2.06757 1.72705 1.47313 2.03134 2.36485 1.97168 1.75833 1.6258 1.33862 1.30563 1.96365 1.75215
threshold=6.0166386355351493e-05 2.5550000000000002 1.3650000000000004 -1.0000000000000118 2.7296346304963337e-05 5.3533099890074501e-05 2.6550000000000007 2.0550000000000002 3.3764606989867566e-05 -1.0000000180025095e-35 3.1350000000000002 1.0150000000000003 3.7350000000000008 0.40500000000000008 0.56500000000000006 6.3650000000000011 2.7499999999999862 7.7450162525864727e-05 1.2250000000000003
decision_type=2 2 2 2 2 2 2 2 2 2 2 2 2 2 2 2 2 2 2
left_child=1 -1 16 15 -5 6 7 8 -6 10 -2 -12 13 -13 -11 -4 17 -3 -18
right_child=9 2 3 4 5 -7 -8 -9 -10 14 11 12 -14 -15 -16 -17 18 -19 -20
leaf_value=0.01194369477994655 0.017842735155034917 -0.0038537632952010711 0.016766540105322622 -0.0033766226214324117 -0.0069435454574916511 -0.0030390128169096504 -0.0092223417746047677 0.017732806980060786 0.0093681157699926493 0.01436657172819525 -0.0054402151060046443 0.022956037481092664 0.0027859618055647837 0.0035592502539765086 0.00044101697308234422 0.00144747117990911 0.0015002172509708664 0.0051424050034438451 -0.0074824767143859021
leaf_weight=21 21 1185 29 250 22 119 20 44 50 20 80 22 1109 22 1478 25 291 60 62
leaf_count=21 21 1185 29 250 22 119 20 44 50 20 80 22 1109 22 1478 25 291 60 62
internal_value=0 -0.00174777 -0.00188106 0.000407983 -0.000582879 0.00215609 0.0067018 0.00944734 0.004384 0.00165393 0.00288074 0.00262591 0.00318557 0.0132576 0.000626939 0.00967438 -0.0026818 -0.00342021 -7.74797e-05
internal_weight=0 2178 2157 559 505 255 136 116 72 2752 1254 1233 1153 44 1498 54 1598 1245 353
internal_count=4930 2178 2157 559 505 255 136 116 72 2752 1254 1233 1153 44 1498 54 1598 1245 353
is_linear=0
shrinkage=0.048515


Tree=14
num_leaves=20
num_cat=0
split_feature=0 3 8 15 14 5 1 14 7 5 15 2 18 18 14 6 15 0 22
split_gain=5.49362 2.17591 2.59962 2.11206 2.04173 2.96491 2.55679 2.40848 2.00598 1.99904 2.88964 1.89631 1.83364 3.8039 1.79485 1.79375 1.7503 1.71917 1.7072
threshold=7.262519923937034e-05 1.3650000000000004 -0.50000000000000588 3.3350000000000004 0.37500000000000006 7.1950000000000012 0.00046152713966101001 2.4350000000000005 0.030515226888548467 3.1050000000000004 1.2650000000000003 3.3398298505228037e-05 -0.0096031449941804663 -0.040201005025125518 0.115 -2.0000000000000235 1.7150000000000001 7.734256355888236e-05 -0.00033597227993820139
decision_type=2 2 2 2 2 2 2 2 2 2 2 2 2 2 2 2 2 2 2
left_child=1 9 14 4 8 17 7 18 16 10 -1 -12 13 -5 -3 -10 -2 -6 -7
right_child=3 2 -4 12 5 6 -8 -9 15 -11 11 -13 -14 -15 -16 -17 -18 -19 -20
leaf_value=-0.00191075727278886 0.0022174502864742464 0.018664931813354154 -0.0010560028613127892 0.014827031670767793 0.0070865720387318434 -0.0014419925753092208 -0.002506850926829013 -0.010693370086897183 0.019896602133379633 -0.0028880967956255855 -0.0035341140646850378 0.012362092656925727 0.013354408534497616 -0.0081874485795443673 0.0036534593385172563 0.0047403212782254588 0.014710583801181613 -0.0020247105121272225 0.0069042245069690315
leaf_weight=189 618 20 556 30 51 67 146 22 31 1590 23 70 67 37 226 43 27 755 362
leaf_count=189 618 20 556 30 51 67 146 22 31 1590 23 70 67 37 226 43 27 755 362
internal_value=0 -0.00133033 0.000762896 0.00188787 0.00151858 0.000452046 0.00301752 0.0048059 0.00359972 -0.00222711 0.00149975 0.00843077 0.00773598 0.00211754 0.0048739 0.0110896 0.00274042 -0.00144819 0.00560074
internal_weight=0 2674 802 2256 2122 1403 597 451 719 1872 282 93 134 67 246 74 645 806 429
internal_count=4930 2674 802 2256 2122 1403 597 451 719 1872 282 93 134 67 246 74 645 806 429
is_linear=0
shrinkage=0.0480298


Tree=15
num_leaves=20
num_cat=0
split_feature=5 4 14 15 3 8 15 2 2 15 7 2 15 8 0 6 3 21 9
split_gain=5.17389 2.45347 2.72971 2.49905 2.21663 2.01774 2.06444 2.26209 3.45193 2.07278 3.35365 2.51339 1.98657 1.9457 1.93357 1.90696 2.23025 2.11162 1.85
threshold=4.4350000000000014 1.0000000180025095e-35 1.0150000000000003 1.6450000000000002 0.56500000000000006 -1.0000000180025095e-35 1.9950000000000003 0.00024890558699307698 0.00029961794808363559 1.2350000000000001 -0.02676732552169114 0.00013507268260905443 1.0650000000000002 -0.99999999999998412 8.1387976630903345e-05 4.0000000000001821 2.2750000000000004 0.0046710022792842984 6.9999999999999627
decision_type=2 2 2 2 2 2 2 2 2 2 2 2 2 2 2 2 2 2 2
left_child=1 4 3 12 -1 13 9 -8 -9 11 -11 14 -3 -2 -7 16 -10 -18 -13
right_child=5 2 -4 -5 -6 6 7 8 15 10 -12 18 -14 -15 -16 -17 17 -19 -20
leaf_value=0.011734516640386728 0.0026166670867507195 0.004649020391152307 -0.0051281014923627924 0.01563523188198308 -0.002518978221324387 0.0013903134294537157 0.0008372439092352021 0.021606484367266515 0.017461729873749939 0.01071241038998883 -0.005150209636713486 -0.0031240095515387232 -0.0036822003744334513 0.010688227197401683 0.013020494667640718 -0.0042518558890027904 -0.002842683103654512 0.014889977726966167 0.006526019623183576
leaf_weight=25 900 224 106 35 1860 73 629 30 34 33 347 245 91 73 58 45 49 22 55
leaf_count=25 900 224 106 35 1860 73 629 30 34 33 347 245 91 73 58 45 49 22 55
internal_value=0 -0.00157282 0.00155692 0.00358152 -0.00232994 0.00151073 0.000482772 0.00218229 0.00688249 -0.00121256 -0.00377267 0.00104462 0.00224222 0.00322224 0.00653955 0.00393769 0.00744749 0.00265194 -0.00135484
internal_weight=0 2341 456 350 1885 2593 1620 809 180 811 380 431 315 973 131 150 105 71 300
internal_count=4934 2341 456 350 1885 2593 1620 809 180 811 380 431 315 973 131 150 105 71 300
is_linear=0
shrinkage=0.0475495


Tree=16
num_leaves=20
num_cat=0
split_feature=5 4 14 15 3 8 15 2 2 8 15 13 1 10 6 3 21 21 15
split_gain=4.70939 2.22197 2.23863 2.05545 2.02695 1.80592 1.87028 2.0721 3.13146 1.92334 1.91774 2.13533 1.79147 1.82965 1.72992 2.0232 1.91558 1.70048 1.69768
threshold=4.3450000000000006 1.0000000180025095e-35 1.0150000000000003 1.6450000000000002 0.56500000000000006 -1.0000000180025095e-35 1.9950000000000003 0.00024890558699307698 0.00029961794808363559 1.0000000000000122 1.2050000000000003 0.99999999999998956 0.00013105068880787764 1.250000000000018 4.0000000000001821 2.2750000000000004 0.0046710022792842984 -0.0070713046659072179 1.0650000000000002
decision_type=2 2 2 2 2 2 2 2 2 2 2 2 2 2 2 2 2 2 2
left_child=1 4 3 18 -1 -2 9 17 -9 -7 11 12 13 -11 15 -10 -17 -8 -3
right_child=5 2 -4 -5 -6 6 7 8 14 10 -12 -13 -14 -15 -16 16 -18 -19 -20
leaf_value=0.011064780470342667 0.0029677545188286124 0.0042976470930717152 -0.0050150571847751109 0.014241662065679835 -0.002431419241125938 -0.003003820482775775 -0.0069836960598856183 0.020373315942200036 0.016465118829734015 0.00072140150302405556 -0.004043598260148459 0.014063530858479865 -0.0016148532233907949 0.014898318683500906 -0.0040091855875727354 -0.0026804399652765117 0.014040146701259342 0.0015288363087534724 -0.0033923593892507186
leaf_weight=25 1000 217 92 34 1810 496 57 30 34 43 96 38 125 38 45 49 22 593 90
leaf_count=25 1000 217 92 34 1810 496 57 30 34 43 96 38 125 38 45 49 22 593 90
internal_value=0 -0.00153181 0.0015014 0.00325951 -0.00224755 0.00138637 0.000437158 0.00202009 0.00648968 -0.00113441 0.00159273 0.0038103 0.00191893 0.0073723 0.00371295 0.00702244 0.00250059 0.000782353 0.00204325
internal_weight=0 2268 433 341 1835 2666 1666 830 180 836 340 244 206 81 150 105 71 650 307
internal_count=4934 2268 433 341 1835 2666 1666 830 180 836 340 244 206 81 150 105 71 650 307
is_linear=0
shrinkage=0.047074


Tree=17
num_leaves=20
num_cat=0
split_feature=2 3 22 22 22 3 2 15 17 12 14 15 2 15 0 7 7 12 18
split_gain=4.05446 3.00391 1.97453 2.8618 2.32745 3.16635 2.50232 3.24578 2.19668 2.14691 1.72113 3.0939 2.25305 2.15399 2.36761 2.06065 2.4808 1.65834 2.015
threshold=3.0177435414456636e-05 1.4750000000000003 0.00038996761035570154 0.0029329461484914891 -1.2080869339736731e-05 1.8050000000000004 0.00020450453634981801 2.8650000000000007 1.0000000000000007 -1.0000000180025095e-35 0.40500000000000008 1.7350000000000001 3.9351333406771975e-05 0.13500000000000004 0.00034881153411138531 0.024800050476512573 0.010032519389172713 -1.1666666666666712 0.0012849639813822258
decision_type=2 2 2 2 2 2 2 2 2 2 2 2 2 2 2 2 2 2 2
left_child=-1 10 4 -4 -3 -6 -7 9 -5 -8 11 13 17 14 -2 16 -15 18 -12
right_child=1 2 3 8 5 6 7 -9 -10 -11 12 -13 -14 15 -16 -17 -18 -19 -20
leaf_value=-0.0028429144537317212 -0.0043271020562351522 0.0011381535925635343 -0.0032051793356971058 0.01666018804837948 0.0081492308567015954 -0.0022596463860436308 0.015189593098691712 0.017940747014602101 -0.0021197772129861845 -0.00051769414199924252 0.019392150901946424 0.015008232255198293 -0.0025345363538990494 0.0025161528059124386 0.012346502423289661 0.0088426514065118571 -0.0045705623980002424 0.00031475567001988225 0.0016094618913051007
leaf_weight=871 246 815 268 31 324 171 23 37 24 106 25 33 1036 482 20 81 138 172 31
leaf_count=871 246 815 268 31 324 171 23 37 24 106 25 33 1036 482 20 81 138 172 31
internal_value=0 0.000660973 0.00208251 -0.00121795 0.00280477 0.00485967 0.00169701 0.00577285 0.00846529 0.00228283 -0.000468599 0.000976037 -0.00161151 0.000497172 -0.00307345 0.00185207 0.000938787 0.00258261 0.00954816
internal_weight=0 4063 1799 323 1476 661 337 166 55 129 2264 1000 1264 967 266 701 620 228 56
internal_count=4934 4063 1799 323 1476 661 337 166 55 129 2264 1000 1264 967 266 701 620 228 56
is_linear=0
shrinkage=0.0466033


Tree=18
num_leaves=20
num_cat=0
split_feature=5 4 14 15 16 6 2 15 14 8 5 1 6 14 0 5 1 20 2
split_gain=3.92962 1.95292 1.99466 1.77877 1.65738 1.57504 1.91552 1.51658 1.47625 1.45849 1.69601 3.30566 2.42586 2.64649 2.75652 1.95327 2.28042 2.41408 2.05155
threshold=4.3450000000000006 1.0000000180025095e-35 1.0150000000000003 1.6450000000000002 4.9999999999999973 -4.0000000000000471 0.00038405198153240169 1.0650000000000002 0.075000000000000025 9.0000000000000053 6.5250000000000012 0.00012800050357699244 8.7499999999999929 2.4750000000000005 0.00012863585921638965 5.0250000000000012 3.5442915753998616e-05 -0.0045189837674442504 6.2485636567448136e-05
decision_type=2 2 2 2 2 2 2 2 2 2 2 2 2 2 2 2 2 2 2
left_child=1 -1 3 7 5 6 8 -3 -2 10 15 12 13 14 -12 -7 -17 -18 -19
right_child=4 2 -4 -5 -6 9 -8 -9 -10 -11 11 -13 -14 -15 -16 16 17 18 -20
leaf_value=-0.0020292836855588087 0.0059297540011007998 0.0040213854100330472 -0.0046132944895958868 0.01305494807127717 0.0035807043538016248 0.0023301865341845691 0.0070990312001778131 -0.0031022638632267775 -0.0036159052627727801 0.010144693888395515 0.014788975098428732 0.00057967723410250064 -0.0030233853192070388 -0.005599984986124404 -0.00053307080190831532 -0.0079763620636730623 -0.0058801972374651797 0.0077614709775541448 -0.00045383650901135102
leaf_weight=1835 38 217 92 34 519 424 47 90 373 39 129 419 38 21 31 104 128 85 271
leaf_count=1835 38 217 92 34 519 424 47 90 373 39 129 419 38 21 31 104 128 85 271
internal_value=0 -0.00137163 0.00141543 0.00304195 0.00124098 0.000675395 -0.00172434 0.00193302 -0.00273334 0.00132612 0.00111768 0.00298064 0.00757427 0.00979919 0.0118203 -5.6791e-05 -0.00177801 -0.000446136 0.00150768
internal_weight=0 2268 433 341 2666 2147 458 307 411 1689 1650 638 219 181 160 1012 588 484 356
internal_count=4934 2268 433 341 2666 2147 458 307 411 1689 1650 638 219 181 160 1012 588 484 356
is_linear=0
shrinkage=0.0461372


Tree=19
num_leaves=20
num_cat=0
split_feature=5 1 21 15 2 5 2 2 17 8 8 19 15 2 2 17 0 15 7
split_gain=3.58909 1.9072 1.89625 1.71252 2.22345 2.01555 3.6838 1.66816 1.6505 1.62275 1.70956 1.73232 1.69242 1.77504 2.85136 1.68046 1.87265 1.66191 2.97696
threshold=4.4350000000000014 0.00016551897217423429 -0.00053100667187366824 -0.18499999999999997 0.00016749298101772475 3.1250000000000004 0.00010650701807720534 0.00020747431969647394 -1.5000000000000067 -1.0000000180025095e-35 -0.99999999999998412 -0.0018287564279708677 1.9950000000000003 0.00024890558699307698 0.00029961794808363559 1.4999999999999793 1.9683057241555162e-05 1.2350000000000001 -0.02676732552169114
decision_type=2 2 2 2 2 2 2 2 2 2 2 2 2 2 2 2 2 2 2
left_child=1 3 8 -1 5 6 -5 -6 -3 10 15 -12 17 -14 -15 16 -2 -11 -19
right_child=9 2 -4 4 7 -7 -8 -9 -10 12 11 -13 13 14 -16 -17 -18 18 -20
leaf_value=-0.0060710513062624408 -0.0076073317819845797 0.019599585812559835 -0.0012949992113809497 0.0038037594462050762 0.01778644145276264 -0.0021505017573715526 -0.0087204297659932376 0.00019356577003415326 0.0046201956454941092 0.00078976895503074908 0.018589337875537019 0.0040145866238372125 0.00065642134107516878 0.018655124265176633 0.0032295086168043982 0.004775407088993342 0.0014796876287633486 0.0097558209096711059 -0.0046004975973563105
leaf_weight=166 52 21 82 289 22 1622 59 23 57 431 27 46 629 30 150 323 525 33 347
leaf_count=166 52 21 82 289 22 1622 59 23 57 431 27 46 629 30 150 323 525 33 347
internal_value=0 -0.0012587 0.0035547 -0.00161182 -0.00124446 -0.00147377 0.00168041 0.00879453 0.00865311 0.00120834 0.00268273 0.00940525 0.000322796 0.00180095 0.00580044 0.00213746 0.000660753 -0.00115171 -0.00335376
internal_weight=0 2341 160 2181 2015 1970 348 45 78 2593 973 73 1620 809 180 900 577 811 380
internal_count=4934 2341 160 2181 2015 1970 348 45 78 2593 973 73 1620 809 180 900 577 811 380
is_linear=0
shrinkage=0.0456759


Tree=20
num_leaves=20
num_cat=0
split_feature=0 15 14 14 6 13 2 2 22 18 18 3 0 3 3 2 2 21 10
split_gain=3.47711 1.80158 1.67848 1.67613 1.9037 2.36351 2.04185 2.70083 2.40154 1.67532 3.44369 1.6294 2.19902 2.01714 1.79377 2.70172 2.53033 2.51436 3.56992
threshold=7.262519923937034e-05 3.3350000000000004 0.37500000000000006 0.24250000000000002 -6.4999999999999494 0.99999999999998956 8.8200375163159317e-05 5.9409540287907478e-05 0.0033744552937923227 -0.0096031449941804663 -0.040201005025125518 1.4950000000000003 8.1387976630903345e-05 1.385 1.8050000000000004 0.00012662967552783949 0.00013668319121850023 -0.0020991919936943488 -5.000000000000048
decision_type=2 2 2 2 2 2 2 2 2 2 2 2 2 2 2 2 2 2 2
left_child=-1 2 3 4 5 -2 7 -6 -8 10 -3 13 -13 -4 17 -16 -17 -14 -19
right_child=1 9 11 -5 6 -7 8 -9 -10 -11 -12 12 14 -15 15 16 -18 18 -20
leaf_value=-0.0010907772396292006 0.01678370295299424 0.014195401668548586 -0.00064941091921317021 0.0082049584609490862 -0.0051756765051134707 -0.00027508437633514408 -0.0016620069878731725 0.013173928203491066 0.014042577319420303 0.012787990038519477 -0.008600551614890227 0.01232837074520913 0.01038864386602513 -0.0091657988814746634 -0.0091044924426369554 0.018098075725138187 -3.6626818699106784e-05 0.016733242828270486 -0.0023803994011494423
leaf_weight=2674 45 30 382 135 29 37 382 65 26 67 37 44 103 85 82 20 503 29 155
leaf_count=2674 45 30 382 135 29 37 382 65 26 67 37 44 103 85 82 20 503 29 155
internal_value=0 0.00157456 0.0012195 0.00318385 0.00202315 0.00908645 0.000869385 0.00751288 -0.000661225 0.00719729 0.00160659 0.000212817 0.0014164 -0.0021995 0.000878142 -0.000666166 0.000656861 0.00413356 0.000632077
internal_weight=0 2256 2122 719 584 82 502 94 408 134 67 1403 936 467 892 605 523 287 184
internal_count=4930 2256 2122 719 584 82 502 94 408 134 67 1403 936 467 892 605 523 287 184
is_linear=0
shrinkage=0.05


Tree=21
num_leaves=20
num_cat=0
split_feature=0 2 6 3 1 5 1 1 5 21 2 18 21 18 1 1 5 8 17
split_gain=3.26895 2.36754 1.99843 2.20495 1.89262 1.75739 1.61268 1.4692 1.38936 1.22534 2.55954 2.33881 2.14722 1.45025 1.28602 1.82414 2.64405 1.70018 1.97561
threshold=3.0700435946764169e-05 3.0522140841855645e-05 7.9999999999999414 1.135 2.2988688237850365e-05 6.9750000000000005 2.1925850856414433e-05 3.5442915753998616e-05 2.6250000000000004 0.0046710022792842984 0.00045753307835964309 -0.028937126378975827 0.0043308325923190347 -0.048514285054892574 4.5288579565390868e-05 6.0166386355351493e-05 5.0450000000000008 -3.0000000000000004 -2.249999999999996
decision_type=2 2 2 2 2 2 2 2 2 2 2 2 2 2 2 2 2 2 2
left_child=2 6 5 -4 -3 8 -2 -5 -1 12 13 -12 14 -11 17 16 -16 -6 -19
right_child=1 4 3 7 9 -7 -8 -9 -10 10 11 -13 -14 -15 15 -17 -18 18 -20
leaf_value=0.010475959107279779 0.0071455167399512402 0.015878921239213511 0.017367831783162226 -0.0072692941513753705 0.018321688792535238 0.012332632429897787 -0.0059586891821689081 0.0092087437709172573 -0.0028042043110196907 -0.0068309625763385024 -0.0023437033852805266 0.019006685707075845 0.013096348363906147 -0.00055509874224662784 -0.0061011888607535314 0.0015350077356504445 0.0049162641941726988 0.01304627216524548 0.0015161288770991314
leaf_weight=20 27 22 27 31 21 20 180 24 1290 122 23 29 40 375 186 2158 77 45 213
leaf_count=20 27 22 27 31 21 20 180 24 1290 122 23 29 40 375 186 2158 77 45 213
internal_value=0 0.000938134 -0.00190981 0.00566577 0.00126246 -0.00237688 -0.00424944 -7.88776e-05 -0.00260145 0.00116469 -0.000991349 0.00956324 0.00159668 -0.00209565 0.00142632 0.00105588 -0.00287555 0.00464076 0.0035272
internal_weight=0 3518 1412 82 3311 1330 207 55 1310 3289 549 52 2740 497 2700 2421 263 279 258
internal_count=4930 3518 1412 82 3311 1330 207 55 1310 3289 549 52 2740 497 2700 2421 263 279 258
is_linear=0
shrinkage=0.05


Tree=22
num_leaves=20
num_cat=0
split_feature=0 2 6 5 15 1 5 1 5 17 0 18 8 16 21 14 21 18 21
split_gain=2.95023 2.1367 1.80358 2.06451 1.74548 1.70809 1.58604 1.45544 1.2539 1.15137 2.8582 1.5932 2.24778 1.93725 2.13475 2.84068 1.75695 1.45603 1.93112
threshold=3.0700435946764169e-05 3.0522140841855645e-05 7.9999999999999414 3.9450000000000007 2.0550000000000002 2.2988688237850365e-05 6.9750000000000005 2.1925850856414433e-05 2.6250000000000004 -2.5000000000000004 3.5944795735216766e-05 -0.018850477672561646 1 1.999999999999998 -0.0015093924210979879 2.3850000000000002 -0.00011090574497785165 0.01314287430906025 -0.0051762582435126983
decision_type=2 2 2 2 2 2 2 2 2 2 2 2 2 2 2 2 2 2 2
left_child=2 7 6 -4 -5 -3 8 -2 -1 10 -7 12 -11 -13 15 17 -16 18 -15
right_child=1 5 3 4 -6 9 -8 -9 -10 11 -12 13 -14 14 16 -17 -18 -19 -20
leaf_value=0.009952161088585855 0.006788240676676785 0.015084975009614771 0.016107813140441633 -0.010460410981128614 0.0077685108215644443 0.018314478777605912 0.011716001108288765 -0.0056607549554771848 -0.0026639941993147828 -0.0022661639298162152 0.002264115155866045 0.00027194936587519034 0.0028311300277709963 0.0020466231790028122 -0.0060848593357063479 0.024328966244407321 0.003110757439925864 0.0021861374378204347 0.01687531637457701
leaf_weight=20 27 22 29 24 29 29 20 180 1290 775 637 957 300 38 63 23 296 119 52
leaf_count=20 27 22 29 24 29 29 20 180 1290 775 637 957 300 38 63 23 296 119 52
internal_value=0 0.000891227 -0.00181432 0.00538248 -0.000486095 0.00119933 -0.00225804 -0.00403697 -0.00247138 0.00110645 0.002963 0.000635059 -0.000843663 0.00166195 0.00391276 0.00765088 0.00149704 0.0058155 0.0106143
internal_weight=0 3518 1412 82 53 3311 1330 207 1310 3289 666 2623 1075 1548 591 232 359 209 90
internal_count=4930 3518 1412 82 53 3311 1330 207 1310 3289 666 2623 1075 1548 591 232 359 209 90
is_linear=0
shrinkage=0.05


Tree=23
num_leaves=20
num_cat=0
split_feature=0 15 0 0 21 14 5 1 14 10 16 0 13 7 6 13 3 18 6
split_gain=2.70568 1.58053 1.58308 1.76899 1.61589 1.50932 1.88851 2.24194 2.06148 2.04632 1.95087 1.77794 1.77617 1.64034 1.65281 1.44575 1.43144 1.86243 1.8214
threshold=7.262519923937034e-05 3.3350000000000004 0.0001061698319757318 0.00016056041153328661 -0.0016941790545052513 0.37500000000000006 7.1950000000000012 0.00046152713966101001 2.4350000000000005 7.999999999999992 -6.8333333333333242 0.00018369470109436898 1.9999999999999853 0.030515226888548467 0.99999999999988998 -1.0000000180025095e-35 1.2950000000000002 0.10578025844441609 5.0000000000000497
decision_type=2 2 2 2 2 2 2 2 2 2 2 2 2 2 2 2 2 2 2
left_child=-1 5 -3 -4 -5 13 9 8 -8 10 16 12 -11 -2 -15 -9 -7 18 -18
right_child=1 2 3 4 -6 6 7 15 -10 11 -12 -13 -14 14 -16 -17 17 -19 -20
leaf_value=-0.00096538894396712741 0.0021070083975791931 -0.0011202910068360244 0.019037513124446074 0.014770060972027158 -0.0027214712913959261 -0.0057948760688304908 0.0047389279399718438 0.0048071834372311112 -0.010954133353450081 0.023060128908781782 -0.0032643960199105707 -0.0049775936048139235 0.0035093011764379652 0.016311421817125277 0.0011659876473488347 -0.0062643038800784525 0.0037410542368888858 -0.0039077251501705339 0.022827168583869933
leaf_weight=2674 645 44 36 23 31 26 429 41 22 21 638 22 26 43 31 105 25 23 25
leaf_count=2674 645 44 36 23 31 26 429 41 22 21 638 22 26 43 31 105 25 23 25
internal_value=0 0.00138577 0.00665226 0.0104522 0.00472863 0.0010532 9.85928e-05 0.00223007 0.00397341 -0.00148018 -0.00225105 0.00675359 0.0122448 0.00291593 0.00996671 -0.00315519 0.00427941 0.00786751 0.0132841
internal_weight=0 2256 134 90 54 2122 1403 597 451 806 737 69 47 719 74 146 99 73 50
internal_count=4930 2256 134 90 54 2122 1403 597 451 806 737 69 47 719 74 146 99 73 50
is_linear=0
shrinkage=0.05


Tree=24
num_leaves=20
num_cat=0
split_feature=0 2 6 3 1 0 1 8 2 6 10 20 20 19 19 4 21 19 17
split_gain=2.50868 1.86287 1.62774 1.84063 1.5604 1.3413 1.31231 1.07173 2.4668 1.62265 1.65654 1.19715 2.02972 2.36026 1.67533 1.59 1.87145 1.55696 1.42293
threshold=3.0700435946764169e-05 3.0522140841855645e-05 7.9999999999999414 1.135 2.2988688237850365e-05 1.6700101744330472e-05 2.1925850856414433e-05 -4.7499999999999867 6.2485636567448136e-05 -6.4999999999999494 -10.74999999999997 -0.0068496445433767752 -0.0013945923264760405 0.0025310313703259539 0.011347447736694606 0.50000000000000611 -0.0052802738688638709 0.009187588032260165 -1.9999999999999931
decision_type=2 2 2 2 2 2 2 2 2 2 2 2 2 2 2 2 2 2 2
left_child=2 6 -1 -4 -3 -5 -2 8 -6 -10 -11 -9 13 15 -15 -13 -17 18 -14
right_child=1 4 3 5 7 -7 -8 11 9 10 -12 12 17 14 -16 16 -18 -19 -20
leaf_value=-0.0020968657451912874 0.00649709842271275 0.014378995549949734 0.015853291915522684 -0.010022318469626564 0.020683561229989642 0.0060495075495804063 -0.0053239150800638733 -0.001967312234707854 0.014865646976977587 0.011927834127483697 -0.0011480152454911446 0.0031550582237304401 0.0027076858170758718 -0.0015923832298493854 0.012225648512442906 0.00020420288910036503 0.011808408439998896 -0.0087257716091389357 -0.00036134843770441866
leaf_weight=1330 27 22 27 21 21 34 180 352 24 29 147 314 522 255 24 46 142 47 1366
leaf_count=1330 27 22 27 21 21 34 180 352 24 29 147 314 522 255 24 46 142 47 1366
internal_value=0 0.000819549 -0.00167534 0.00516163 0.00110724 -8.70078e-05 -0.00378204 0.00101846 0.00438135 0.00266962 0.00100653 0.000776218 0.00113179 0.00328327 -0.000403735 0.00533242 0.00896908 0.00026341 0.000487188
internal_weight=0 3518 1412 82 3311 55 207 3289 221 200 176 3068 2716 781 279 502 188 1935 1888
internal_count=4930 3518 1412 82 3311 55 207 3289 221 200 176 3068 2716 781 279 502 188 1935 1888
is_linear=0
shrinkage=0.05


Tree=25
num_leaves=20
num_cat=0
split_feature=5 4 14 3 6 21 5 16 21 6 8 0 5 14 1 5 3 3 18
split_gain=2.50826 1.49921 1.66461 1.60729 1.46344 1.43957 1.49023 1.38025 1.78006 1.55795 1.64239 1.73868 1.96338 2.44828 2.82822 2.21479 2.46259 1.65664 1.6564
threshold=4.3450000000000006 1.0000000180025095e-35 1.0150000000000003 0.56500000000000006 -3.0000000000000022 -0.0087593713257231292 8.3450000000000006 4.9999999999999973 -0.0015093924210979879 -4.0000000000000471 9.0000000000000053 0.00025403779665125493 6.5250000000000012 2.4750000000000005 0.00010319149710128877 6.1050000000000013 1.925 1.7750000000000001 -0.0077181620938143172
decision_type=2 2 2 2 2 2 2 2 2 2 2 2 2 2 2 2 2 2 2
left_child=1 3 4 -1 -3 6 -2 9 -9 -7 11 12 15 14 -14 16 17 -11 -13
right_child=5 2 -4 -5 -6 7 -8 8 -10 10 -12 18 13 -15 -16 -17 -18 -19 -20
leaf_value=0.01075505954027176 -0.0061611402571201332 0.01616744663566351 -0.004533848215056503 -0.0020101063550341854 0.0022273234465968943 -0.0018330115975285861 0.0049268636107444768 0.0081048430615588089 0.0016284983063076304 0.0016559122305395257 0.012726459233090282 -0.0074276803901382532 0.01223371877777772 -0.0084587631979957233 0.0030393495063360475 -0.0055757628112542831 0.018999223895370961 -0.011703221593052149 0.00080892129458094903
leaf_weight=25 125 20 92 1810 321 446 40 158 323 702 32 102 122 32 266 122 20 24 152
leaf_count=25 125 20 92 1810 321 446 40 158 323 702 32 102 122 32 266 122 20 24 152
internal_value=0 -0.00121173 0.00143466 -0.00183619 0.00304493 0.00105033 -0.00347314 0.00134876 0.00375586 0.00077558 0.00151474 0.00128207 0.00202765 0.00483405 0.00593036 0.000669717 0.0016911 0.00121429 -0.00249869
internal_weight=0 2268 433 1835 341 2666 165 2501 481 2020 1574 1542 1288 420 388 868 746 726 254
internal_count=4934 2268 433 1835 341 2666 165 2501 481 2020 1574 1542 1288 420 388 868 746 726 254
is_linear=0
shrinkage=0.05


Tree=26
num_leaves=20
num_cat=0
split_feature=5 1 21 18 15 2 1 5 13 16 2 8 14 15 0 21 1 7 15
split_gain=2.26657 1.43909 1.7127 1.56677 1.38237 1.55213 1.81854 2.11633 2.26883 1.48899 1.38958 1.34877 1.49858 1.498 1.64182 1.76977 1.58065 2.49464 2.43652
threshold=4.4350000000000014 0.00017417833392459109 -0.00053100667187366824 0.016235742539308821 -0.18499999999999997 0.00016749298101772475 0.00013105068880787764 3.1250000000000004 -2.249999999999996 9.4999999999999982 0.00020747431969647394 -1.0000000180025095e-35 2.6050000000000004 1.9950000000000003 0.00083847046510839821 -0.0070713046659072179 0.00011510416223810785 -0.019506638082234126 1.2050000000000003
decision_type=2 2 2 2 2 2 2 2 2 2 2 2 2 2 2 2 2 2 2
left_child=1 4 3 -3 -1 6 7 8 -6 -9 -7 12 -2 16 15 -15 17 -13 -19
right_child=11 2 -4 -5 5 10 -8 9 -10 -11 -12 13 -14 14 -16 -17 -18 18 -20
leaf_value=-0.0058003985456057958 0.0030159844245229452 0.015578605198278661 -0.0015820558194990283 0.00081585226580500609 0.019088986963033679 0.016682012897470726 -0.0080433704978541323 -0.0019000159182746433 0.0016850486777874889 0.010400934755802156 -0.00051653614888588588 0.010114133260289176 -0.0049579936951871899 -0.0060695643325646724 0.013348530515514571 0.0020092996109461951 -0.0036449644449852445 0.0051205940480376112 -0.0037050246012707553
leaf_weight=168 910 41 77 32 20 23 95 1542 294 25 24 61 63 75 29 705 394 116 240
leaf_count=168 910 41 77 32 20 23 95 1542 294 25 24 61 63 75 29 705 394 116 240
internal_value=0 -0.00111786 0.00362008 0.00910726 -0.00144222 -0.0010803 -0.0012939 -0.000953013 0.00279358 -0.00170377 0.00789978 0.00102826 0.00249968 0.000144491 0.00166681 0.00123249 -0.00137407 0.000771571 -0.000829261
internal_weight=0 2341 150 73 2191 2023 1976 1881 314 1567 47 2593 973 1620 809 780 811 417 356
internal_count=4934 2341 150 73 2191 2023 1976 1881 314 1567 47 2593 973 1620 809 780 811 417 356
is_linear=0
shrinkage=0.05


Tree=27
num_leaves=20
num_cat=0
split_feature=5 14 19 5 3 5 5 21 21 15 12 21 21 20 20 2 15 2 1
split_gain=2.0633 2.51753 1.83831 2.76465 1.88613 1.99235 1.91587 2.19855 2.2361 1.74519 1.69913 1.8044 3.07964 1.89746 1.61909 1.45935 1.45697 5.58925 2.01341
threshold=6.5250000000000012 2.6150000000000007 -0.006481287035640936 9.5050000000000008 1.7850000000000004 8.3150000000000031 6.9350000000000014 -0.0019019036692760614 0.00050356546738228325 1.5850000000000002 -2.249999999999996 0.0087793400632140157 0.0051910688482241793 -0.00294311408458181 -0.0068496445433767752 1.914409017084614e-05 2.9150000000000005 0.00020450453634981801 0.00013253604870266551
decision_type=2 2 2 2 2 2 2 2 2 2 2 2 2 2 2 2 2 2 2
left_child=15 2 3 -2 5 6 -4 -8 -9 -10 14 12 16 -13 -6 -1 18 -18 -12
right_child=1 -3 4 -5 10 -7 7 8 9 -11 11 13 -14 -15 -16 -17 17 -19 -20
leaf_value=-0.0036543549439949025 -0.0074113152093357509 -0.010209993491085565 -0.0023684349868978772 0.0081644618883728991 -0.0012450778403797665 -0.0062143688018505387 0.019371199369430544 -0.0021878807720812888 0.023094460740685465 0.0076036801338195811 0.0070965899702380682 0.020929013582922165 -0.010424263470552185 0.0022014783401238295 0.01148148961849027 -0.00022838683242341914 -0.0031909339129924776 0.020938159525394441 -0.0026590034584788717
leaf_weight=341 99 41 35 40 37 26 50 44 24 75 68 21 66 38 77 3514 60 40 238
leaf_count=341 99 41 35 40 37 26 50 44 24 75 68 21 66 38 77 3514 60 40 238
internal_value=0 0.00194215 0.00242215 -0.00292908 0.00324954 0.00689908 0.00839448 0.0103463 0.00719074 0.011359 0.00181235 0.000623276 -0.000407216 0.00886721 0.00735094 -0.000531436 0.00122117 0.0064607 -0.000491094
internal_weight=0 1079 1038 139 899 254 228 193 143 99 645 531 472 59 114 3855 406 100 306
internal_count=4934 1079 1038 139 899 254 228 193 143 99 645 531 472 59 114 3855 406 100 306
is_linear=0
shrinkage=0.05


Tree=28
num_leaves=20
num_cat=0
split_feature=5 4 20 14 3 15 15 17 19 8 20 21 19 19 20 12 1 13 16
split_gain=1.92315 1.30349 1.52806 1.59624 1.41032 1.26383 1.4019 1.39779 1.95037 1.37566 1.69813 1.24443 1.9382 1.96996 1.92052 1.73297 1.78047 1.61656 2.09656
threshold=4.3450000000000006 1.0000000180025095e-35 -0.0090143713578973977 1.0150000000000003 0.56500000000000006 1.6450000000000002 1.0650000000000002 1.9999999999999936 0.0011933721969419333 0.999999999999999 -0.0017282727360064529 0.0087793400632140157 0.0065163145618046822 0.006218798046389363 -0.00857201284284481 -1.0000000180025095e-35 8.0379583395404791e-05 6.4999999999999956 5.0000000000000169
decision_type=2 2 2 2 2 2 2 2 2 2 2 2 2 2 2 2 2 2 2
left_child=1 4 -3 5 -1 6 7 8 9 10 -4 12 13 14 -2 -13 -17 18 -16
right_child=11 2 3 -5 -6 -7 -8 -9 -10 -11 -12 15 -14 -15 17 16 -18 -19 -20
leaf_value=0.010151007652282716 -0.0045767908497732516 -0.011749938556126186 0.018396704135970634 -0.0039382585163774157 -0.0018064018878159603 0.012808978864375285 -0.0027812021883095017 -0.0018900929950177671 -0.0027785175997349955 0.018338782320681372 0.0019168428386803025 -0.0022025123238563538 -0.0036232485813050236 0.016708721481263639 0.00081940522307858755 -0.0018627385841682555 0.011849066336731336 -0.0086171573586761949 0.0051417396115582617
leaf_weight=25 147 21 22 87 1810 34 85 56 36 38 54 58 242 20 1700 32 91 40 336
leaf_count=25 147 21 22 87 1810 34 85 56 36 38 54 58 242 20 1700 32 91 40 336
internal_value=0 -0.00106122 0.00140639 0.00207697 -0.00164349 0.00368721 0.00262143 0.00485067 0.00736723 0.0105711 0.00668733 0.000919504 0.000627963 0.00108663 0.000946081 0.00492216 0.00828177 0.00133715 0.00153272
internal_weight=0 2268 433 412 1835 325 291 206 150 114 76 2666 2485 2243 2223 181 123 2076 2036
internal_count=4934 2268 433 412 1835 325 291 206 150 114 76 2666 2485 2243 2223 181 123 2076 2036
is_linear=0
shrinkage=0.05


Tree=29
num_leaves=20
num_cat=0
split_feature=5 14 18 3 20 20 5 12 14 14 2 1 8 15 22 12 3 12 15
split_gain=1.75612 2.26391 1.63742 1.53654 2.56435 3.20115 2.72979 2.76914 2.1117 1.52278 1.45005 2.47438 2.95886 2.33634 1.8463 1.52607 1.71917 2.04907 1.4296
threshold=6.5250000000000012 2.6150000000000007 0.14368172505351753 1.8050000000000004 -0.0019814472434987458 -0.006136655528357792 8.2650000000000023 -1.0000000180025095e-35 1.1150000000000004 0.33500000000000008 0.00020747431969647394 0.00016551897217423429 -1.0000000000000118 2.9150000000000005 0.00033773295707173473 -6.0000000000000018 2.4050000000000007 2.999999999999996 2.6125000000000003
decision_type=2 2 2 2 2 2 2 2 2 2 2 2 2 2 2 2 2 2 2
left_child=-1 2 3 4 5 -2 7 -6 9 -5 11 12 -10 15 -15 -12 18 -18 -17
right_child=1 -3 -4 8 6 -7 -8 -9 10 -11 13 -13 -14 14 -16 16 17 -19 -20
leaf_value=-0.00049047381439561513 -0.00073424016591161489 -0.0097322187227446861 -0.009264452705780666 0.0029039379309963535 -0.011127975550682649 0.018536084800055534 -0.011285153223622231 0.0076210410925593693 0.015843533221128827 -0.0097337521723846899 0.01523712837979907 -0.0066968782494465518 2.4435669183731081e-05 0.016402234845474119 -0.0011036189645528794 0.0088688783525001438 -0.006893296096097218 0.007386786639690399 -0.0047512286901474007
leaf_weight=3855 32 41 30 37 23 66 31 137 37 67 21 96 147 61 20 84 89 35 25
leaf_count=3855 32 41 30 37 23 66 31 137 37 67 21 96 147 61 20 84 89 35 25
internal_value=0 0.00179157 0.00224675 0.00258934 0.00566846 0.0122437 0.00229476 0.00492587 0.0013517 -0.00523765 0.00246599 -0.000189634 0.00320545 0.00468562 0.0120798 0.00232763 0.00116412 -0.00286263 0.005745
internal_weight=0 1079 1038 1008 289 98 191 160 719 104 615 280 184 335 81 254 233 124 109
internal_count=4934 1079 1038 1008 289 98 191 160 719 104 615 280 184 335 81 254 233 124 109
is_linear=0
shrinkage=0.05


end of trees

feature_importances:
f_2=63
f_3=61
f_5=56
f_15=54
f_14=53
f_1=41
f_0=30
f_21=28
f_8=25
f_6=23
f_18=20
f_19=15
f_10=12
f_13=12
f_20=12
f_22=12
f_7=10
f_4=9
f_12=9
f_17=9
f_16=8
f_9=6
f_11=2

parameters:
[boosting: gbdt]
[objective: regression]
[metric: binary_logloss]
[tree_learner: serial]
[device_type: cpu]
[data: ]
[valid: ]
[num_iterations: 10]
[learning_rate: 0.05]
[num_leaves: 20]
[num_threads: 0]
[deterministic: 0]
[force_col_wise: 0]
[force_row_wise: 0]
[histogram_pool_size: -1]
[max_depth: -1]
[min_data_in_leaf: 20]
[min_sum_hessian_in_leaf: 0.001]
[bagging_fraction: 0.7]
[pos_bagging_fraction: 1]
[neg_bagging_fraction: 1]
[bagging_freq: 5]
[bagging_seed: 3]
[feature_fraction: 0.9]
[feature_fraction_bynode: 1]
[feature_fraction_seed: 2]
[extra_trees: 0]
[extra_seed: 6]
[early_stopping_round: 0]
[first_metric_only: 0]
[max_delta_step: 0]
[lambda_l1: 0]
[lambda_l2: 0]
[linear_lambda: 0]
[min_gain_to_split: 0]
[drop_rate: 0.1]
[max_drop: 50]
[skip_drop: 0.5]
[xgboost_dart_mode: 0]
[uniform_drop: 0]
[drop_seed: 4]
[top_rate: 0.2]
[other_rate: 0.1]
[min_data_per_group: 100]
[max_cat_threshold: 32]
[cat_l2: 10]
[cat_smooth: 10]
[max_cat_to_onehot: 4]
[top_k: 20]
[monotone_constraints: ]
[monotone_constraints_method: basic]
[monotone_penalty: 0]
[feature_contri: ]
[forcedsplits_filename: ]
[refit_decay_rate: 0.9]
[cegb_tradeoff: 1]
[cegb_penalty_split: 0]
[cegb_penalty_feature_lazy: ]
[cegb_penalty_feature_coupled: ]
[path_smooth: 0]
[interaction_constraints: ]
[verbosity: 0]
[saved_feature_importance_type: 0]
[linear_tree: 0]
[max_bin: 255]
[max_bin_by_feature: ]
[min_data_in_bin: 3]
[bin_construct_sample_cnt: 200000]
[data_random_seed: 1]
[is_enable_sparse: 1]
[enable_bundle: 1]
[use_missing: 1]
[zero_as_missing: 0]
[feature_pre_filter: 1]
[pre_partition: 0]
[two_round: 0]
[header: 0]
[label_column: ]
[weight_column: ]
[group_column: ]
[ignore_column: ]
[categorical_feature: ]
[forcedbins_filename: ]
[precise_float_parser: 0]
[objective_seed: 5]
[num_class: 1]
[is_unbalance: 0]
[scale_pos_weight: 1]
[sigmoid: 1]
[boost_from_average: 1]
[reg_sqrt: 0]
[alpha: 0.9]
[fair_c: 1]
[poisson_max_delta_step: 0.7]
[tweedie_variance_power: 1.5]
[lambdarank_truncation_level: 30]
[lambdarank_norm: 1]
[label_gain: ]
[eval_at: ]
[multi_error_top_k: 1]
[auc_mu_weights: ]
[num_machines: 1]
[local_listen_port: 12400]
[time_out: 120]
[machine_list_filename: ]
[machines: ]
[gpu_platform_id: -1]
[gpu_device_id: -1]
[gpu_use_dp: 0]
[num_gpu: 1]

end of parameters

pandas_categorical:[]
