tree
version=v3
num_class=1
num_tree_per_iteration=1
label_index=0
max_feature_idx=22
objective=regression
feature_names=f_0 f_1 f_2 f_3 f_4 f_5 f_6 f_7 f_8 f_9 f_10 f_11 f_12 f_13 f_14 f_15 f_16 f_17 f_18 f_19 f_20 f_21 f_22
feature_infos=[2.811842593898112e-07:0.0089292451603560918] [2.1333248529010825e-06:0.0055990001705921817] [4.7857545124566229e-06:0.003721014941950642] [0.53000000000000003:6.5599999999999996] [-33.000000000000007:48] [2.4100000000000001:21.82] [-101.00000000000016:144.99999999999994] [-3.0196613872200984:0.53086419753086433] [-81:74] [-46:33.999999999999986] [-51.000000000000021:33.999999999999986] [-33.000000000000007:29.000000000000004] [-41:96.000000000000014] [-36.000000000000007:32.999999999999986] [-0.83999999999999997:2.9100000000000001] [-1.3200000000000001:3.8500000000000001] [-52:73.999999999999972] [-28.000000000000004:24.000000000000004] [-0.29572649572649579:1.1559792027729636] [-0.02958455728073861:0.047292143401983289] [-0.054746473503621829:0.033993115318416534] [-0.078445945945946005:0.045346674363414774] [-0.019984292877423981:0.018327052533256172]
tree_sizes=1828 1902 1897 1909 1897 1884 1901 1885 1898 1863 1913 1903 1883 1873 1906 1910 1889 1914 1918 1898 1894 1908 1923 1893 1919 1897 1893 1881 1898 1896

Tree=0
num_leaves=20
num_cat=0
split_feature=3 2 15 2 0 3 2 1 15 3 2 13 12 3 12 4 14 13 6
split_gain=13.1022 4.57061 4.21792 4.73104 3.46681 3.21951 3.10926 3.17779 3.06052 3.97137 2.87366 3.55224 3.1729 2.62057 2.43048 2.77257 2.22355 2.13674 2.03192
threshold=1.3950000000000002 1.5477804785130906e-05 0.21500000000000002 0.00039476482329121225 0.00019030696582264135 0.56500000000000006 0.00010391402751675768 9.299403609001784e-05 1.4450000000000001 2.2450000000000006 0.00024586357762412678 -1.9999999999999891 1.4999999999999793 0.79500000000000015 -0.50000000000000588 -1.0000000000000118 2.4450000000000007 1.0000000000000122 -1.0000000000001117
decision_type=2 2 2 2 2 2 2 2 2 2 2 2 2 2 2 2 2 2 2
left_child=1 -1 4 10 -2 -3 -7 -8 -5 -10 11 -4 14 -9 17 -16 -12 -13 -15
right_child=2 5 3 8 -6 6 7 13 9 -11 16 12 -14 18 15 -17 -18 -19 -20
leaf_value=0.24069241863755719 0.26481584079744502 0.26456674659454643 0.24806713967630745 0.24878856032003666 0.25088303447333432 0.24763141717677323 0.24271012894748764 0.24506307012395823 0.27862924659454646 0.25913100715792675 0.24564887469372002 0.2500972698503604 0.25030371183518818 0.2505725526054754 0.2497689524768994 0.25969542306513471 0.26191729007280734 0.2637618223521222 0.25740723166917334
leaf_weight=186 138 32 318 51 66 1958 85 85 32 142 242 215 374 183 85 408 23 33 268
leaf_count=186 138 32 318 51 66 1958 85 85 32 142 242 215 374 183 85 408 23 33 268
internal_value=0.250531 0.248265 0.253472 0.252747 0.260308 0.248805 0.248609 0.251692 0.25956 0.262717 0.251844 0.252729 0.254058 0.253116 0.255953 0.257984 0.247061 0.251916 0.254634
internal_weight=0 2797 2127 1923 204 2611 2579 621 225 174 1698 1433 1115 536 741 493 265 248 451
internal_count=4924 2797 2127 1923 204 2611 2579 621 225 174 1698 1433 1115 536 741 493 265 248 451
is_linear=0
shrinkage=1


Tree=1
num_leaves=20
num_cat=0
split_feature=3 2 2 3 13 12 2 4 5 1 14 21 14 14 17 19 2 18 16
split_gain=11.8247 4.12497 3.50545 2.90561 2.85731 3.38309 3.23379 2.83089 3.26158 2.77072 2.758 2.40178 2.19763 2.10185 2.58647 2.05113 1.97977 1.97153 1.89649
threshold=1.3950000000000002 1.5477804785130906e-05 0.00078946997405438511 0.56500000000000006 -1.0000000180025095e-35 1 0.00025539049897632785 0.99999999999998435 4.6850000000000014 3.179803051225268e-05 0.85500000000000009 -0.0070670695905462036 -0.044999999999999991 2.3950000000000005 -2.249999999999996 0.0015723778754588304 0.00039476482329121225 0.010787251942425248 -9.9999999999999911
decision_type=2 2 2 2 2 2 2 2 2 2 2 2 2 2 2 2 2 2 2
left_child=1 -1 4 -3 9 6 -6 8 18 -2 15 -11 -13 -14 -15 -9 -7 -17 -5
right_child=2 3 -4 7 5 16 -8 10 -10 11 -12 12 13 14 -16 17 -18 -19 -20
leaf_value=-0.009346449086743017 -0.0092554291444165368 0.013334163324907423 0.011885314899505957 0.0081705413977889458 0.0075136639043444494 -3.938546541046962e-05 -6.4645886746912053e-05 0.0018322513859854281 0.0021257563034693403 -0.007059509001941567 -0.0040000185816587803 0.015730257332324981 -0.00025433113190288445 0.018844624076570785 0.0013949185471843792 0.018677779436111451 0.012582151275692564 0.0028790200367952005 -0.0037560348469271978
leaf_weight=186 77 32 101 34 610 531 183 303 300 83 167 28 392 35 54 40 33 39 1696
leaf_count=186 77 32 101 34 610 531 183 303 300 83 167 28 392 35 54 40 33 39 1696
internal_value=0 -0.00215227 0.00279419 -0.00163978 0.00234098 0.0036594 0.00576482 -0.00182557 -0.00268705 -0.000333289 0.00135986 0.000827192 0.00211324 0.00132056 0.00825716 0.00370305 0.000699109 0.0108784 -0.00352164
internal_weight=0 2797 2127 2611 2026 1357 793 2579 2030 669 549 592 509 481 89 382 564 79 1730
internal_count=4924 2797 2127 2611 2026 1357 793 2579 2030 669 549 592 509 481 89 382 564 79 1730
is_linear=0
shrinkage=0.05


Tree=2
num_leaves=20
num_cat=0
split_feature=3 2 15 2 1 15 2 15 3 3 2 5 5 15 3 14 15 21 10
split_gain=10.6718 3.72279 3.62153 3.97062 3.28225 3.62407 3.68073 2.7474 3.63341 2.62231 2.6212 2.87079 3.68702 2.54764 2.89988 2.61938 3.07166 2.36304 2.34462
threshold=1.3950000000000002 1.5477804785130906e-05 0.21500000000000002 0.00039476482329121225 6.4893322253334278e-05 -0.054999999999999993 0.00019090314273465078 1.4450000000000001 2.2450000000000006 0.56500000000000006 0.00010391402751675768 2.9850000000000008 4.0650000000000004 2.8050000000000002 3.0250000000000004 1.9650000000000001 2.9450000000000007 -0.0035960217599210749 -6.9999999999999938
decision_type=2 2 2 2 2 2 2 2 2 2 2 2 2 2 2 2 2 2 2
left_child=1 -1 4 13 -2 -6 -7 -5 -9 -3 -11 -12 17 14 -4 -15 -17 -13 -18
right_child=2 9 3 7 5 6 -8 8 -10 10 11 12 -14 15 -16 16 18 -19 -20
leaf_value=-0.008879126239848394 0.023170519576353188 0.012667453987523914 -0.00041205365894108833 -0.0019814118450763181 -0.00041169500414361347 0.025568508538039953 0.0035539040962855022 0.026435455447062852 0.0077852948765519646 -0.0026319975119019432 -0.007440701731864144 -0.0028735556536250645 -0.00038847900416753064 0.012340092132004297 0.018332322190205256 0.011085834584775425 0.012048152579288735 0.011543801884960245 -0.0011603127574098522
leaf_weight=186 34 32 1183 51 94 37 39 32 142 1958 85 36 365 82 21 84 38 135 290
leaf_count=186 34 32 1183 51 94 37 39 32 142 1958 85 36 365 82 21 84 38 135 290
internal_value=0 -0.00204465 0.00265448 0.0019825 0.0089889 0.00615257 0.0142715 0.00822398 0.0112152 -0.00155779 -0.00173429 0.00109615 0.00244994 0.00115545 -8.51169e-05 0.00417902 0.00255473 0.00850857 0.000369936
internal_weight=0 2797 2127 1923 204 170 76 225 174 2611 2579 621 536 1698 1204 494 412 171 328
internal_count=4924 2797 2127 1923 204 170 76 225 174 2611 2579 621 536 1698 1204 494 412 171 328
is_linear=0
shrinkage=0.05


Tree=3
num_leaves=20
num_cat=0
split_feature=3 2 15 2 1 15 2 15 3 2 13 1 14 3 5 3 6 14 15
split_gain=9.63131 3.35982 3.26843 3.58348 2.96223 3.27072 3.32186 2.47953 3.27915 2.45489 3.00438 2.58361 3.6872 2.55895 3.63984 2.36664 2.4382 3.30284 2.52016
threshold=1.3950000000000002 1.5477804785130906e-05 0.21500000000000002 0.00039476482329121225 6.4893322253334278e-05 -0.054999999999999993 0.00019090314273465078 1.4450000000000001 2.2450000000000006 0.00024586357762412678 -1.9999999999999891 0.00015500212423841841 2.4350000000000005 1.7850000000000004 6.5950000000000006 0.56500000000000006 8.7499999999999929 0.40500000000000008 -0.094999999999999987
decision_type=2 2 2 2 2 2 2 2 2 2 2 2 2 2 2 2 2 2 2
left_child=1 -1 4 9 -2 -6 -7 -5 -9 10 -4 13 -13 14 -12 -3 18 -18 -17
right_child=2 15 3 7 5 6 -8 8 -10 -11 11 12 -14 -15 -16 16 17 -19 -20
leaf_value=-0.0084351699839356128 0.022011993430993138 0.012034082412719728 -0.0023717150396708425 -0.0018823411096544826 -0.00039111020717215038 0.024290083469571296 0.0033762087806677209 0.025113682402297857 0.0073960298068926379 -0.0033232882112826942 0.0014356293118534943 0.0091612566794667932 -0.012669376603194647 -0.0025317693037576368 0.010701907453310752 -0.0076400252547174849 0.011043201811438384 -0.0025863149729759799 -0.0015953897729906394
leaf_weight=186 34 32 318 51 94 37 39 32 142 265 468 245 21 244 137 187 86 92 2214
leaf_count=186 34 32 318 51 94 37 39 32 142 265 468 245 21 244 137 187 86 92 2214
internal_value=0 -0.00194242 0.00252176 0.00188338 0.00853945 0.00584495 0.013558 0.00781278 0.0106544 0.00109768 0.00191523 0.00313788 0.00743779 0.00179068 0.00353394 -0.0014799 -0.00164758 0.00399873 -0.00206617
internal_weight=0 2797 2127 1923 204 170 76 225 174 1698 1433 1115 266 849 605 2611 2579 178 2401
internal_count=4924 2797 2127 1923 204 170 76 225 174 1698 1433 1115 266 849 605 2611 2579 178 2401
is_linear=0
shrinkage=0.05


Tree=4
num_leaves=20
num_cat=0
split_feature=3 2 15 2 14 1 15 2 6 15 15 14 3 3 15 2 2 1 14
split_gain=8.69226 3.14732 2.94975 3.38239 2.72754 2.67341 2.95182 2.99798 2.65928 2.61786 2.51114 2.87202 2.59796 2.84698 2.42079 1.98772 1.93936 2.25081 2.37143
threshold=1.3950000000000002 7.1332188761906388e-05 0.21500000000000002 0.00078946997405438511 1.135 6.4893322253334278e-05 -0.054999999999999993 0.00019090314273465078 12.999999999999924 0.21500000000000002 2.8050000000000002 1.7950000000000002 3.0350000000000006 5.3650000000000011 2.7550000000000003 1.5477804785130906e-05 2.3984170933782831e-05 3.016518161855768e-05 2.0750000000000006
decision_type=2 2 2 2 2 2 2 2 2 2 2 2 2 2 2 2 2 2 2
left_child=1 15 5 10 8 -2 -7 -8 9 -3 12 -12 16 -14 -6 -1 -4 -18 -19
right_child=2 4 3 -5 14 6 7 -9 -10 -11 11 -13 13 -15 -16 -17 17 18 -20
leaf_value=-0.0080134113629659019 0.02091139366521555 -0.0052392007587672949 0.012256873697042467 0.010695673864666778 -0.0089984682166860223 -0.0003715545731656095 0.023075579227627936 0.0032073984543482463 0.014107603430747987 0.0022129776573448041 0.021960822425105359 0.0034883804326225269 0.02193061225116253 -0.0015375630309184393 0.0040989174070406934 -0.00254936538170729 -0.0076484763350051187 0.00093667284794607939 -0.0057947170260726228
leaf_weight=186 34 143 30 101 126 94 37 39 40 670 22 483 28 24 49 1583 104 980 151
leaf_count=186 34 143 30 101 126 94 37 39 40 670 22 483 28 24 49 1583 104 980 151
internal_value=0 -0.0018453 0.00239567 0.00178921 0.000354896 0.00811248 0.0055527 0.0128801 0.00152145 0.000902201 0.00129549 0.00429312 0.000146057 0.0110991 -0.0053312 -0.00312388 -0.000304188 -0.000609315 3.79639e-05
internal_weight=0 2797 2127 1923 1028 204 170 76 853 813 1822 505 1317 52 175 1769 1265 1235 1131
internal_count=4924 2797 2127 1923 1028 204 170 76 853 813 1822 505 1317 52 175 1769 1265 1235 1131
is_linear=0
shrinkage=0.05


Tree=5
num_leaves=20
num_cat=0
split_feature=5 0 14 14 10 12 1 13 2 1 22 7 22 1 5 11 11 5 11
split_gain=8.40554 4.21248 3.12884 3.00588 2.95117 2.72941 3.665 4.55267 2.49154 2.30565 2.28314 2.12523 2.59552 2.45411 1.97219 2.15839 1.88985 1.88223 1.87022
threshold=6.3650000000000011 5.0107054378740477e-05 2.4750000000000005 0.31500000000000006 10.000000000000034 -1 7.6556315092115882e-05 0.58333333333335802 6.5708049601884884e-05 8.1213471240786759e-05 0.0011317679838683816 -0.019446824081464083 -2.3980384053601252e-05 0.00010571619704765764 3.1050000000000004 5.0000000000000497 -8.4999999999999947 3.9250000000000003 0.75000000000002853
decision_type=2 2 2 2 2 2 2 2 2 2 2 2 2 2 2 2 2 2 2
left_child=1 14 3 4 16 9 7 -7 -4 -2 -11 12 13 -5 15 -1 -3 -16 -10
right_child=5 2 8 11 -6 6 -8 -9 18 10 -12 -13 -14 -15 17 -17 -18 -19 -20
leaf_value=-0.00031301751023247131 -0.01128624696717706 0.011549638347192245 0.019778051534119778 0.024680092315311018 0.019684220073015794 0.018848669622093441 0.0035233093206341382 -0.0031743829138576986 0.010568583384156227 -0.00051260441541671757 0.013293863986344898 -0.003200545711886315 -0.0010871419630875097 0.0018242926957706613 -0.0052174309836521843 0.016499079941284089 0.0008661517641575041 -0.0019025975696477793 -0.0061314873645702999
leaf_weight=210 43 44 34 23 23 88 705 32 38 251 34 798 107 24 938 21 699 788 30
leaf_count=210 43 44 34 23 23 88 705 32 38 251 34 798 107 24 938 21 699 788 30
internal_value=0 -0.00151308 0.00021843 -0.000286713 0.00204486 0.00336431 0.00489823 0.0129759 0.00872662 -0.000493844 0.00113448 -0.00216275 0.00321494 0.013009 -0.00312338 0.00121535 0.00149882 -0.00370405 0.00320091
internal_weight=0 3777 1820 1718 766 1153 825 120 102 328 285 952 154 47 1957 231 743 1726 68
internal_count=4930 3777 1820 1718 766 1153 825 120 102 328 285 952 154 47 1957 231 743 1726 68
is_linear=0
shrinkage=0.05


Tree=6
num_leaves=20
num_cat=0
split_feature=5 0 14 14 14 15 14 2 14 1 2 5 7 22 1 6 2 15 8
split_gain=7.586 3.80176 2.82377 2.71281 2.57482 2.41516 2.38633 2.24861 2.08208 2.12 2.59143 2.01351 1.91802 2.34246 2.21483 1.85804 1.81378 2.30421 2.00034
threshold=6.3650000000000011 5.0107054378740477e-05 2.4750000000000005 0.31500000000000006 -0.17499999999999996 -0.034999999999999996 -0.40499999999999997 6.5708049601884884e-05 2.5850000000000004 3.8032418738573883e-05 7.9074921495892296e-05 6.8250000000000011 -0.019446824081464083 -2.3980384053601252e-05 0.00010571619704765764 -21.999999999999925 0.00027858242344636644 1.6725000000000001 -1.1666666666667156
decision_type=2 2 2 2 2 2 2 2 2 2 2 2 2 2 2 2 2 2 2
left_child=1 -1 3 5 -2 -3 -7 -4 9 -6 11 -11 13 14 -5 -12 17 18 -8
right_child=4 2 7 12 8 6 16 -9 -10 10 15 -13 -14 -15 -16 -17 -18 -19 -20
leaf_value=-0.0029672087415268545 0.01845475082044248 -0.0043848972767591482 0.018789148856611815 0.023446088122284933 -0.012384321540594101 0.017202495989100685 -0.0022082450489203137 0.0030408597715637265 -0.0061535610893710714 0.0037838767524118778 -0.0064396510927044615 0.022324145678430798 -0.0030405185220384956 -0.0010327849502318374 0.0017330780004461606 0.0035483624220976973 -0.0037865332560613751 0.019167804912380553 0.0049367749557441692
leaf_weight=1957 27 126 34 23 21 29 135 68 61 27 49 32 798 107 24 936 96 23 357
leaf_count=1957 27 126 34 23 21 29 135 68 61 27 49 32 798 107 24 936 96 23 357
internal_value=0 -0.00143743 0.000207508 -0.000272378 0.0031961 0.00194262 0.00318834 0.00829029 0.00283022 0.00334478 0.00366117 0.0138396 -0.00205461 0.00305419 0.0123586 0.0030515 0.00252319 0.00369937 0.00297625
internal_weight=0 3777 1820 1718 1153 766 640 102 1126 1065 1044 59 952 154 47 985 611 515 492
internal_count=4930 3777 1820 1718 1153 766 640 102 1126 1065 1044 59 952 154 47 985 611 515 492
is_linear=0
shrinkage=0.05


Tree=7
num_leaves=20
num_cat=0
split_feature=5 0 3 14 12 5 19 7 5 14 5 12 19 14 3 20 10 14 7
split_gain=6.91918 3.62715 2.36249 3.75438 1.87347 1.84681 1.83494 1.68939 1.68627 2.12351 1.95194 2.27107 1.65746 1.94622 2.5585 2.87662 2.13113 1.73437 2.2844
threshold=7.0250000000000012 5.0107054378740477e-05 1.7550000000000001 1.9650000000000001 -6.4999999999999938 10.735000000000001 0.00022285781679565189 -0.017960788498397325 3.1050000000000004 0.78500000000000014 3.9250000000000003 -1 -0.008806653933714546 0.31500000000000006 2.0150000000000001 -0.00078306120749166419 10.000000000000034 2.3750000000000004 -0.02828416697314495
decision_type=2 2 2 2 2 2 2 2 2 2 2 2 2 2 2 2 2 2 2
left_child=1 8 3 6 5 -4 -2 -6 9 -1 -10 -12 -3 16 17 -16 -14 18 -15
right_child=2 12 4 -5 7 -7 -8 -9 10 -11 11 -13 13 14 15 -17 -18 -19 -20
leaf_value=-0.00098974626669858369 0.0070175438554901069 0.0063661758418915408 0.020114116636770114 -0.001691365135567529 -0.0035015408537889779 0.0014172152876853943 0.018559580306626029 0.0028337088768326103 -0.004808198743219823 0.011326819536990898 -0.0047701005555369378 0.00055097211545579959 0.0015021878163074855 0.0045873380256326582 0.017763587004608578 -0.00085177052081847685 0.018048193156719208 0.0030575944362459958 -0.0035893562411473804
leaf_weight=188 66 106 28 63 133 25 72 504 938 43 326 521 722 95 36 49 20 148 847
leaf_count=188 66 106 28 63 133 25 72 504 938 43 326 521 722 95 36 49 20 148 847
internal_value=0 -0.00121586 0.00365208 0.00842235 0.00226248 0.0112948 0.0130395 0.00151096 -0.00271682 0.00130295 -0.00323702 -0.00149704 0.000279905 -5.66342e-05 -0.00132265 0.00703238 0.00194817 -0.00197419 -0.00276474
internal_weight=0 4039 891 201 690 53 138 637 2016 231 1785 847 2023 1917 1175 85 742 1090 942
internal_count=4930 4039 891 201 690 53 138 637 2016 231 1785 847 2023 1917 1175 85 742 1090 942
is_linear=0
shrinkage=0.05


Tree=8
num_leaves=20
num_cat=0
split_feature=5 0 3 14 22 21 18 22 3 20 14 15 1 7 22 3 3 2 14
split_gain=6.24456 3.2735 2.13215 3.38833 2.00233 1.70158 1.56684 1.56261 1.58494 2.28971 1.72197 2.39438 1.8492 2.71991 3.48111 1.69598 1.58667 2.66771 3.17107
threshold=7.0250000000000012 5.0107054378740477e-05 1.7550000000000001 1.9650000000000001 0.0011317679838683816 0.0012630287488784033 -0.058116338314387721 0.0040813817885165813 2.0150000000000001 -0.00078306120749166419 0.31500000000000006 2.7550000000000003 8.2329128809409947e-05 -0.018320286718427 -1.6081088423325337e-05 0.6150000000000001 1.1850000000000003 6.4359864905169672e-05 2.7250000000000005
decision_type=2 2 2 2 2 2 2 2 2 2 2 2 2 2 2 2 2 2 2
left_child=1 6 3 5 -4 -2 -1 8 10 -10 15 12 13 14 -12 -3 -13 -18 -19
right_child=2 7 4 -5 -6 -7 -8 -9 9 -11 11 16 -14 -15 -16 -17 17 18 -20
leaf_value=0.0023177967462318623 0.0077992871767137116 0.015968104749917982 0.0014991037284761118 -0.0016067968356230902 0.013306286989858277 0.019105960002967291 -0.0029776073928333164 0.00992769826112724 0.016088464916557878 0.00011547124176694635 0.025943007355644587 -0.0022007962992024975 -0.0046051837968663634 -0.0019604894774040318 0.0015354996857543787 0.0012109511229907461 0.02123146951198578 0.0080670263925019439 -0.011080677499031199
leaf_weight=151 82 20 652 63 38 56 1865 41 37 57 21 86 513 327 48 734 25 85 29
leaf_count=151 82 20 652 63 38 56 1865 41 37 57 21 86 513 327 48 734 25 85 29
internal_value=0 -0.00115507 0.00346947 0.00800123 0.00214935 0.0123875 -0.00258098 0.000265909 6.60439e-05 0.00640271 -0.000249447 -0.00148074 -0.0026238 -5.70023e-05 0.00896387 0.00160239 0.00313723 0.00643989 0.00319612
internal_weight=0 4039 891 201 690 138 2016 2023 1982 94 1888 1134 909 396 69 754 225 139 114
internal_count=4930 4039 891 201 690 138 2016 2023 1982 94 1888 1134 909 396 69 754 225 139 114
is_linear=0
shrinkage=0.05


Tree=9
num_leaves=20
num_cat=0
split_feature=5 0 3 14 22 5 21 3 5 15 0 2 13 15 15 3 5 16 8
split_gain=5.63572 2.95434 1.92426 3.05797 1.8071 1.55221 1.53568 1.47754 4.11141 3.77028 1.8321 1.71353 1.69712 2.17759 1.88512 1.59178 1.73848 1.39426 1.95447
threshold=7.0250000000000012 5.0107054378740477e-05 1.7550000000000001 1.9650000000000001 0.0011317679838683816 2.6950000000000007 0.0012630287488784033 1.0050000000000001 3.7050000000000005 1.175 0.00011716914107221306 9.3502832755591956e-05 0.58333333333335802 2.7750000000000004 2.9250000000000003 0.57500000000000007 3.4650000000000003 -15.99999999999998 4.9999999999999885
decision_type=2 2 2 2 2 2 2 2 2 2 2 2 2 2 2 2 2 2 2
left_child=1 5 3 6 17 -1 -2 10 9 11 -3 -9 -10 -14 -15 -12 -17 -4 -19
right_child=2 7 4 -5 -6 -7 -8 8 12 -11 15 -13 13 14 -16 16 -18 18 -20
leaf_value=0.0052102020941674713 0.0074093225434785949 8.7172366259245072e-05 0.014098416410741353 -0.0015264572960043711 0.012640972357047232 -0.0027031459219631604 0.018150662098612106 0.010292176678776742 0.0015938752005125751 0.020010568749792172 0.0049999121842639787 -0.010157332001697451 -0.0038529981032348753 0.017755536464127628 0.00052478363116582232 -0.010732650641745669 0.0018971648599420275 0.0015312408346358584 -0.013638527488166637
leaf_weight=64 82 373 21 63 38 1952 56 20 935 53 28 21 356 22 57 123 35 609 22
leaf_count=64 82 373 21 63 38 1952 56 20 935 53 28 21 356 22 57 123 35 609 22
internal_value=0 -0.00109731 0.003296 0.00760117 0.00204189 -0.00245193 0.0117681 0.000252614 0.0010876 0.0112032 -0.00193417 -0.000181962 0.000393533 -0.00218651 0.00532322 -0.00598773 -0.00793491 0.00142415 0.00100234
internal_weight=0 4039 891 201 690 2016 138 2023 1464 94 559 41 1370 435 79 186 158 652 631
internal_count=4930 4039 891 201 690 2016 138 2023 1464 94 559 41 1370 435 79 186 158 652 631
is_linear=0
shrinkage=0.05


Tree=10
num_leaves=20
num_cat=0
split_feature=3 3 15 0 2 15 14 6 15 15 2 6 13 19 2 13 0 0 0
split_gain=5.30287 2.47351 2.49205 2.33675 2.33167 2.23605 2.06906 2.5929 2.99242 2.45425 3.54909 2.02364 1.94625 1.7328 2.11878 1.64948 1.64595 2.21299 1.76845
threshold=1.3950000000000002 6.0750000000000002 0.21500000000000002 0.00019030696582264135 1.5477804785130906e-05 1.925 1.0750000000000004 8.7499999999999929 -0.094999999999999987 2.2750000000000004 2.3984170933782831e-05 2.000000000000091 -1.4166666666666436 0.00017574701128142414 9.2082441453057313e-05 3.0000000000000142 0.00015034471674109208 0.00025403779665125493 1.4729214500440588e-05
decision_type=2 2 2 2 2 2 2 2 2 2 2 2 2 2 2 2 2 2 2
left_child=4 2 3 -2 -1 12 7 8 -6 -8 -11 -7 -4 -9 -15 -10 18 -18 -13
right_child=1 -3 5 -5 6 11 9 13 15 10 -12 16 -14 14 -16 -17 17 -19 -20
leaf_value=-0.0067792608893366274 0.010720223479944727 0.018620596690611405 -0.0056513394697530741 -0.00071855479794921294 -0.0066161681464649144 0.0010708797032823701 -0.006929648638407955 0.0017661616608903215 -0.00024594641652517989 0.016654464133359768 -0.0020982891282477936 -0.004008440434932709 0.00045214783627053971 0.0056451593836148589 0.025961377223332721 0.0082724936053914545 -0.0054014070217426012 0.0060705836142311582 0.010150933389198334
leaf_weight=186 138 22 169 66 187 761 281 74 1544 27 385 25 575 33 21 59 65 119 187
leaf_count=186 138 22 169 66 187 761 281 74 1544 27 385 25 575 33 21 59 65 119 187
internal_value=0 0.00194207 0.00176776 0.00701944 -0.00137042 0.00120419 -0.000985107 -0.000139058 -0.000630663 -0.0033267 -0.000869347 0.00257931 -0.000934263 0.00673574 0.0135459 6.75832e-05 0.00547808 0.00201798 0.0084812
internal_weight=0 2127 2105 204 2797 1901 2611 1918 1790 693 412 1157 744 128 54 1603 396 184 212
internal_count=4924 2127 2105 204 2797 1901 2611 1918 1790 693 412 1157 744 128 54 1603 396 184 212
is_linear=0
shrinkage=0.05


Tree=11
num_leaves=20
num_cat=0
split_feature=3 2 15 1 15 2 14 3 5 5 3 6 15 5 0 3 5 1 14
split_gain=4.78584 2.30699 2.44518 2.17282 2.5278 2.57432 2.12863 4.24474 3.79054 3.11645 2.91055 2.86107 1.9511 4.66937 1.86254 2.51033 2.98147 2.54948 2.47284
threshold=1.3950000000000002 0.00078946997405438511 0.21500000000000002 6.4893322253334278e-05 -0.054999999999999993 0.00019090314273465078 0.32500000000000007 0.9850000000000001 3.3350000000000004 2.5550000000000002 0.90500000000000014 2.9999999999999587 1.4450000000000001 4.3850000000000007 0.00027221972456570873 1.7850000000000004 6.9750000000000005 7.9446527261533341e-05 2.3850000000000002
decision_type=2 2 2 2 2 2 2 2 2 2 2 2 2 2 2 2 2 2 2
left_child=6 2 3 -2 -5 -6 7 9 -9 -1 -11 -10 13 -4 15 16 17 -14 -19
right_child=1 -3 12 4 5 -7 -8 8 11 10 -12 -13 14 -15 -16 -17 -18 18 -20
leaf_value=0.01236058412804719 0.018024954361512382 0.0091278705716428196 0.016628258757807057 -0.001110284324893926 0.020383255514744167 0.0021564628521983441 -0.0024031847088180035 0.02211395208120346 4.2471181429349456e-05 -0.00083403002937309069 -0.0086644979565939379 0.0076015149362843142 0.0032070837421042304 -0.0040989348779152512 0.0057743333204284967 -0.0016393492053110874 0.0084012287704043846 -0.0085235262002064799 0.0050978955758061821
leaf_weight=31 34 101 29 94 37 39 1679 25 390 305 188 179 372 326 230 533 178 107 47
leaf_count=31 34 101 29 94 37 39 1679 25 390 305 188 179 372 326 230 533 178 107 47
internal_value=0 0.00182652 0.00146253 0.00660179 0.00431715 0.01103 -0.00128888 0.000384577 0.0032493 -0.00286284 -0.00382009 0.00242045 0.000887117 -0.00240573 0.00168395 0.000923415 0.00286369 0.00098977 -0.00436634
internal_weight=0 2127 2026 204 170 76 2797 1118 594 524 493 569 1822 355 1467 1237 704 526 154
internal_count=4924 2127 2026 204 170 76 2797 1118 594 524 493 569 1822 355 1467 1237 704 526 154
is_linear=0
shrinkage=0.0495


Tree=12
num_leaves=20
num_cat=0
split_feature=3 3 2 15 1 15 2 16 15 15 2 3 3 14 3 15 3 2 17
split_gain=4.32377 2.13066 2.1174 2.03569 1.97535 2.4913 2.65926 1.91238 1.99828 2.45817 3.15586 2.21554 2.07408 1.77682 2.2255 2.32779 2.26629 2.86988 2.54331
threshold=1.3950000000000002 6.0750000000000002 1.5477804785130906e-05 0.21500000000000002 8.4152315464236564e-05 -0.054999999999999993 0.00019410851792757848 -16.5 1.4450000000000001 1.2550000000000001 0.00024586357762412678 1.8750000000000002 1.5150000000000003 1.0750000000000004 0.99500000000000011 0.19500000000000003 1.0550000000000004 4.396904889266225e-05 -2.9999999999999942
decision_type=2 2 2 2 2 2 2 2 2 2 2 2 2 2 2 2 2 2 2
left_child=2 3 -1 4 -2 -6 -7 -5 9 10 11 12 -9 14 15 -4 17 -16 -19
right_child=1 -3 13 7 5 6 -8 8 -10 -11 -12 -13 -14 -15 16 -17 -18 18 -20
leaf_value=-0.0062645914400597255 0.014564587121360443 0.016890233262777329 -0.00629105502770296 0.013335702126927675 -0.0020913201033575246 0.02072319763590116 0.0011775901694617101 0.0063630352949537346 0.0016579430944935361 -0.010155925838808928 -0.006543694774313615 0.017052405095650602 -0.005395147711219358 -0.0029797041726325238 -0.003556147088158876 -0.00046729403818714988 0.00066047337719911771 -0.0030965853894927677 0.016143099780135922
leaf_weight=186 51 22 205 30 86 32 35 88 1502 77 117 26 61 693 40 841 734 21 77
leaf_count=186 51 22 205 30 86 32 35 88 1502 77 117 26 61 693 40 841 734 21 77
internal_value=0 0.00171875 -0.00121283 0.00156018 0.00621225 0.00342813 0.0105128 0.00106096 0.000864146 -0.00236697 -0.000313037 0.0038526 0.00154928 -0.000852954 -8.453e-05 -0.00160866 0.00174373 0.00750539 0.0120203
internal_weight=0 2127 2797 2105 204 153 67 1901 1871 369 292 175 149 2611 1918 1046 872 138 98
internal_count=4924 2127 2797 2105 204 153 67 1901 1871 369 292 175 149 2611 1918 1046 872 138 98
is_linear=0
shrinkage=0.049005


Tree=13
num_leaves=20
num_cat=0
split_feature=3 19 4 16 12 12 14 19 17 3 5 2 5 15 7 8 0 5 5
split_gain=3.91038 2.05491 1.95901 2.18791 1.95035 2.45041 1.94252 2.29381 1.97732 1.82784 1.83272 2.03924 1.9095 2.59036 2.01999 1.81417 1.78555 1.90205 3.55504
threshold=1.3950000000000002 -0.014430441381920954 0.99999999999998435 -10.499999999999996 -1 1 0.65500000000000014 0.0031346558658533756 -1.0000000000000118 0.56500000000000006 4.6650000000000009 0.00020477772997301913 4.0650000000000004 2.8250000000000006 0.053213808109384371 2.0000000000000013 3.2189375683329002e-05 4.0850000000000009 3.2950000000000004
decision_type=2 2 2 2 2 2 2 2 2 2 2 2 2 2 2 2 2 2 2
left_child=2 -2 3 -1 -3 -6 7 15 -8 -5 12 -12 13 14 -11 16 -4 18 -18
right_child=1 4 6 9 5 -7 8 -9 -10 10 11 -13 -14 -15 -16 -17 17 -19 -20
leaf_value=0.0093068295346536642 0.012651862150729963 -0.00080073828792241069 -0.003627785996979264 0.010781141898992829 0.0042602226008876887 0.00024750369777481096 -0.0078913360017521632 0.014540185878278855 0.0015015259971601861 -0.0026404320037370999 9.0552868605711727e-05 0.014058234626079353 -0.0064796716543140077 0.0088950876887355836 0.012879803243479619 -0.0044385974341868547 0.00044450679681092183 0.00082864456408917903 0.01824512756270686
leaf_weight=41 39 647 53 26 775 666 87 40 134 1507 277 27 273 49 20 74 46 81 62
leaf_count=41 39 647 53 26 775 666 87 40 134 1507 277 27 273 49 20 74 46 81 62
internal_value=0 0.00161817 -0.00114186 -0.00179643 0.00141208 0.00240563 0.00137661 0.00359451 -0.00219612 -0.00200535 -0.00215976 0.0013311 -0.00273371 -0.00208482 -0.00243715 0.00220898 0.00424171 0.00644849 0.0106634
internal_weight=0 2127 2797 2220 2088 1441 577 356 221 2179 2153 304 1849 1576 1527 316 242 189 108
internal_count=4924 2127 2797 2220 2088 1441 577 356 221 2179 2153 304 1849 1576 1527 316 242 189 108
is_linear=0
shrinkage=0.048515


Tree=14
num_leaves=20
num_cat=0
split_feature=3 2 15 2 1 15 2 19 1 15 5 0 22 5 2 3 3 16 12
split_gain=3.54016 2.0212 1.93972 1.86108 1.79447 2.06794 2.0936 1.64708 1.93647 1.62505 4.04337 1.65821 2.33595 2.32746 2.62964 2.04865 1.9584 1.92922 2.09521
threshold=1.3950000000000002 0.00078946997405438511 0.21500000000000002 1.5477804785130906e-05 6.4893322253334278e-05 -0.054999999999999993 0.00019090314273465078 -0.002385909427070176 0.00088222965584378379 1.4450000000000001 4.3850000000000007 0.00027221972456570873 -0.00023829058822666391 7.4150000000000009 0.00020755779600017919 2.0050000000000003 3.0350000000000006 9.4999999999999982 -0.50000000000000588
decision_type=2 2 2 2 2 2 2 2 2 2 2 2 2 2 2 2 2 2 2
left_child=3 2 4 -1 -2 -6 -7 -3 -9 10 -4 12 -11 15 -15 -13 -16 18 -14
right_child=1 7 9 -5 5 6 -8 8 -10 11 -12 13 17 14 16 -17 -18 -19 -20
leaf_value=-0.0057174766489390275 0.015707853973919095 0.015278844068884205 0.014966648038979676 -0.00074492288022918096 -0.0011426516948096497 0.017696163054416732 0.0017472398837613766 0.013700419827831919 -0.0042399909572012643 -0.0028803589857624621 -0.0037483002121779028 0.0071834207900114463 -0.00079300158271510392 0.014679270279529782 -0.0049523471320864904 0.025596348244042732 0.0074346533078361926 -0.0086766814979985004 0.0040969941128508377
leaf_weight=186 34 43 29 2611 94 37 39 23 35 313 326 46 312 31 89 20 44 38 574
leaf_count=186 34 43 29 2611 94 37 39 23 35 313 326 46 312 31 89 20 44 38 574
internal_value=0 0.00152427 0.00119369 -0.0010756 0.00563509 0.00362054 0.00951185 0.00815545 0.00287431 0.000696414 -0.00221947 0.00140203 0.000705733 0.0051469 0.00208185 0.0127631 -0.000854392 0.0019205 0.00237501
internal_weight=0 2127 2026 2797 204 170 76 101 58 1822 355 1467 1237 230 164 66 133 924 886
internal_count=4924 2127 2026 2797 204 170 76 101 58 1822 355 1467 1237 230 164 66 133 924 886
is_linear=0
shrinkage=0.0480298


Tree=15
num_leaves=20
num_cat=0
split_feature=1 19 5 1 14 3 5 14 3 9 21 21 2 0 18 19 18 17 1
split_gain=3.51375 2.41108 2.12128 2.68988 3.10048 2.17787 3.13753 2.84826 2.2299 1.90554 1.841 1.85079 1.97625 1.99597 1.79793 1.78377 1.69201 2.10766 1.87601
threshold=3.752594617286381e-05 -0.009111260146781484 7.0250000000000012 7.0353678257307478e-05 1.9650000000000001 2.0150000000000001 6.2250000000000005 0.31500000000000006 0.57500000000000007 0.50000000000005607 0.00096442353336723141 -0.0026304646575928676 0.00013860079488136717 6.8838257008139577e-05 -0.060280570880928412 -0.0085317064742584919 -0.013340748980348592 -1.9999999999999993 0.00025056338400596405
decision_type=2 2 2 2 2 2 2 2 2 2 2 2 2 2 2 2 2 2 2
left_child=1 -1 5 4 -4 7 -7 8 -2 14 11 -10 13 -13 -3 -9 17 -14 -18
right_child=2 9 3 -5 -6 6 -8 15 10 -11 -12 12 16 -15 -16 -17 18 -19 -20
leaf_value=0.010268925324474593 0.015620609619410248 0.0072563333683155085 0.019957363361160763 0.0018411286749718393 -0.002605052486474481 0.022378661088440069 0.0024508323062281401 0.0056526254646047866 -6.4310305726304429e-07 -0.0045753045281501648 -0.0014948442426662915 0.0072684170629058976 0.027656552312854587 -0.0030389787924403858 -0.0016467970767822923 -0.0020650076972976504 0.009941735310873041 0.0092787923680605709 -0.0065196990993304877
leaf_weight=34 25 55 40 822 21 22 95 71 268 601 349 83 21 87 759 1462 49 43 23
leaf_count=34 25 55 40 822 21 22 95 71 268 601 349 83 21 87 759 1462 49 43 23
internal_value=0 -0.00224392 0.000542645 0.00255605 0.01219 -0.000141666 0.00619795 -0.000440632 0.00160812 -0.00254458 0.00122858 0.00288446 0.00541129 0.00199346 -0.00104523 -0.00170757 0.00968359 0.015309 0.00468322
internal_weight=0 1449 3481 883 61 2598 117 2481 948 1415 923 574 306 170 814 1533 136 64 72
internal_count=4930 1449 3481 883 61 2598 117 2481 948 1415 923 574 306 170 814 1533 136 64 72
is_linear=0
shrinkage=0.0475495


Tree=16
num_leaves=20
num_cat=0
split_feature=1 19 5 2 6 22 3 5 14 3 8 9 13 15 3 2 14 2 20
split_gain=3.18754 2.18724 1.92434 2.53046 2.19211 2.05069 1.93556 2.56957 2.14506 2.12843 1.88008 1.72863 1.78385 1.62913 1.74669 2.2812 2.91896 1.93835 1.538
threshold=3.752594617286381e-05 -0.009111260146781484 7.0250000000000012 8.8200375163159317e-05 0.99999999999988998 0.0037621032367426426 2.0150000000000001 6.2250000000000005 0.31500000000000006 0.57500000000000007 0.999999999999999 0.50000000000005607 3.0000000000000142 2.7550000000000003 1.1850000000000003 5.6381397125602986e-05 2.7250000000000005 4.0505935972499496e-05 -0.0012601260534375045
decision_type=2 2 2 2 2 2 2 2 2 2 2 2 2 2 2 2 2 2 2
left_child=1 -1 5 4 -4 6 8 -8 9 -2 -7 12 -3 -10 -15 17 -17 -16 -9
right_child=2 11 3 -5 -6 10 7 18 13 -11 -12 -13 -14 14 15 16 -18 -19 -20
leaf_value=0.0096828365015256181 0.014729078469139265 -0.0014015049271528179 0.0039919523012925898 0.0018262074517052898 0.024900986334883923 0.016261183842612447 0.020506651865764398 0.010520815492556615 -0.0024818551429264838 0.00080148825842836816 -0.0006058500323589159 -0.0043141736474752845 0.010690069527258692 -0.0028288903574648339 0.0040752727804049911 0.0054542413666032775 -0.01053265336783814 0.024069771365765269 -0.0020588117508844226
leaf_weight=34 25 786 25 838 20 32 21 33 1208 887 27 601 28 127 22 99 34 21 62
leaf_count=34 25 786 25 838 20 32 21 33 1208 887 27 601 28 127 22 99 34 21 62
internal_value=0 -0.00211585 0.000511674 0.00241017 0.0132849 -0.00013358 -0.000335188 0.005605 -0.000619572 0.00118328 0.00854237 -0.00239935 -0.000985579 -0.00170772 0.00137859 0.00441466 0.00136737 0.01384 0.00231095
internal_weight=0 1449 3481 883 45 2598 2539 116 2423 912 59 1415 814 1511 303 176 133 43 95
internal_count=4930 1449 3481 883 45 2598 2539 116 2423 912 59 1415 814 1511 303 176 133 43 95
is_linear=0
shrinkage=0.047074


Tree=17
num_leaves=20
num_cat=0
split_feature=0 3 6 22 3 0 15 14 2 2 19 7 20 19 3 17 21 13 17
split_gain=2.69495 2.3271 2.24631 1.62475 1.48022 2.06923 1.50445 1.89196 2.07236 2.21777 1.83899 1.64127 1.47817 1.57436 1.45159 1.84352 1.43527 1.38717 1.7144
threshold=2.9149867462583683e-05 0.56500000000000006 11.999999999999945 -2.4163490175310717e-05 0.99500000000000011 0.00011716914107221306 0.19500000000000003 0.14250000000000004 7.3472481342789632e-05 4.3105760947881402e-05 -0.0044033094864393543 -0.0068232057460203546 -0.0061261232458233441 0.0019550345562214804 1.0550000000000004 1.0000000000000007 0.00078806311756229885 0.58333333333335802 -3.4999999999999996
decision_type=2 2 2 2 2 2 2 2 2 2 2 2 2 2 2 2 2 2 2
left_child=-1 -2 4 17 5 6 -3 8 9 -8 11 -9 -5 -14 15 -6 -17 18 -4
right_child=1 2 3 12 14 -7 7 10 -10 -11 -12 -13 13 -15 -16 16 -18 -19 -20
leaf_value=-0.0020329645237368802 0.014881641835337767 -0.0063942454921291653 0.0013452798691854367 -0.0051579400843305727 0.00088734964992142446 -0.0064338383909531335 0.011504312455503006 -0.0018459295924596582 0.01347824019023674 -0.0070218593907124156 -0.0019073936179518462 0.015301984589732597 0.00092376609483695938 0.011113748750345633 0.00029794916898890576 0.021582610307155952 0.004748647622513748 -0.0021253148966291326 0.015944435845828879
leaf_weight=1336 24 85 25 51 67 163 23 22 45 36 447 27 110 47 2300 22 22 20 58
leaf_count=1336 24 85 25 51 67 163 23 22 45 36 447 27 110 47 2300 22 22 20 58
internal_value=0 0.000418485 0.000321254 0.00410549 -3.98687e-05 -0.00171457 -0.000591591 0.000230452 0.00594551 0.000200208 -0.000967867 0.00760292 0.00173512 0.00397427 0.000549159 0.00575442 0.0131656 0.00889226 0.0115471
internal_weight=0 3594 3570 311 3259 848 685 600 104 59 496 49 208 157 2411 111 44 103 83
internal_count=4930 3594 3570 311 3259 848 685 600 104 59 496 49 208 157 2411 111 44 103 83
is_linear=0
shrinkage=0.0466033


Tree=18
num_leaves=20
num_cat=0
split_feature=1 2 5 2 15 14 13 18 18 12 19 1 2 13 2 19 8 12 5
split_gain=2.75489 2.15275 1.70433 1.8268 2.50255 3.16609 2.29364 1.73225 1.68565 1.55889 1.52257 2.21316 1.678 1.48946 1.70615 1.69689 2.02953 1.58385 2.51432
threshold=2.8973978905358932e-05 3.0522140841855645e-05 2.6650000000000005 4.3105760947881402e-05 2.0750000000000006 2.0950000000000002 3.0000000000000142 -0.0073310621551659896 -0.068580859056979346 1.0000000000000122 -0.0085317064742584919 7.3038308045583481e-05 0.00010663005454206996 1.5833333333333368 3.4225625116619342e-05 -0.0045794901721651895 0.999999999999999 -0.75000000000000611 4.6850000000000014
decision_type=2 2 2 2 2 2 2 2 2 2 2 2 2 2 2 2 2 2 2
left_child=2 -2 -1 4 6 7 8 -6 -4 -7 11 -3 -13 17 -15 16 -16 -12 -19
right_child=1 10 3 -5 5 9 -8 -9 -10 -11 13 12 -14 14 15 -17 -18 18 -20
leaf_value=0.010089584088672514 -0.004174622657655498 0.012344537973775901 0.0075176515754900525 -0.0069625997389588081 0.023368079898428151 -0.0053451322893539512 0.010341245573314891 0.0058387130992550327 -0.0038485431172933702 0.0074662569511722253 -0.00070974840418504671 -0.0088684893880086359 0.0037389276124257832 0.01049176268873961 0.010291881823903918 -0.0028701042859828997 -0.0059784591921872177 -0.00030553342516969847 0.00312865950347694
leaf_weight=23 213 55 29 171 21 62 27 28 657 30 939 27 134 24 47 576 25 810 1032
leaf_count=23 213 55 29 171 21 62 27 28 657 30 939 27 134 24 47 576 25 810 1032
internal_value=0 0.000334632 -0.00233111 -0.00260982 -0.00173825 0.00387804 -0.0028489 0.0133513 -0.00336805 -0.00116751 0.000596412 0.00435424 0.00162464 0.000361344 -0.00158798 -0.00203538 0.00464246 0.000832377 0.00161851
internal_weight=0 3882 1048 1025 854 141 713 49 686 92 3669 216 161 3453 672 648 72 2781 1842
internal_count=4930 3882 1048 1025 854 141 713 49 686 92 3669 216 161 3453 672 648 72 2781 1842
is_linear=0
shrinkage=0.0461372


Tree=19
num_leaves=20
num_cat=0
split_feature=5 0 19 3 1 21 0 0 14 14 18 1 7 5 6 15 5 3 3
split_gain=2.56643 3.35137 2.11978 1.77914 1.53611 1.58401 1.41397 1.97415 1.95914 1.4044 2.86023 1.29636 1.26291 1.90101 1.93638 1.91638 1.21574 1.72032 2.08746
threshold=7.6050000000000013 0.00016359906105946779 -0.008806653933714546 0.56500000000000006 1.7400073872590275e-05 -0.0070670695905462036 5.1548532182170153e-05 0.00011895179967741881 2.0450000000000004 -0.40499999999999997 0.0087915190081646628 0.00014124441176194499 -0.017277415655304548 7.8750000000000009 4.0000000000001821 2.9650000000000003 16.830000000000002 3.6400000000000001 2.5450000000000004
decision_type=2 2 2 2 2 2 2 2 2 2 2 2 2 2 2 2 2 2 2
left_child=2 6 -1 -4 -5 -6 8 12 -2 10 -7 -9 -8 -14 15 -15 17 18 -3
right_child=1 16 3 4 5 9 7 11 -10 -11 -12 -13 13 14 -16 -17 -18 -19 -20
leaf_value=0.0043461692742118481 0.021077846334656692 0.0013739543698333084 0.010428274880310135 -0.0034447395017573978 -0.0044707608988465049 -0.00023889834633099267 -0.0090918323172712312 0.017349412092578464 0.0027591136503324416 -0.00051149530131640298 0.01922365190678841 0.0052866070867157869 -0.0080482150753241558 0.0089537634801781681 0.017524380854405226 -0.0069613729557680215 -0.0079143786326768256 0.006754695334789498 -0.0071721589099819991
leaf_weight=171 29 226 29 449 209 50 20 34 21 3319 23 41 24 38 24 27 38 77 81
leaf_count=171 29 226 29 449 209 50 20 34 21 3319 23 41 24 38 24 27 38 77 81
internal_value=0 0.00238624 -0.00063598 -0.000844842 -0.000925563 -0.000611453 0.00648724 0.00482937 0.013384 -0.00037366 0.00589314 0.0107551 0.0014878 0.0033603 0.00643675 0.00234286 -0.00012101 0.000650209 -0.000880883
internal_weight=0 680 4250 4079 4050 3601 258 208 50 3392 73 75 133 113 89 65 422 384 307
internal_count=4930 680 4250 4079 4050 3601 258 208 50 3392 73 75 133 113 89 65 422 384 307
is_linear=0
shrinkage=0.0456759


Tree=20
num_leaves=20
num_cat=0
split_feature=2 15 14 15 2 14 3 3 2 0 6 6 1 4 2 0 19 11 2
split_gain=2.52787 1.86934 3.16906 3.25759 2.15633 2.04355 1.90946 2.46936 1.87661 1.74828 1.6846 2.75066 1.51702 1.94812 1.42776 2.45557 1.59187 1.41689 1.34428
threshold=0.00078946997405438511 2.8050000000000002 1.9950000000000003 3.1250000000000004 0.00027109543416519263 -0.15499999999999997 3.0350000000000006 5.3650000000000011 0.00021627578868432511 0.0007605480737970299 -4.9999999999999369 2.0000000000000244 0.00088222965584378379 0.50000000000000611 0.00017114974158166031 6.3268634903891686e-05 -0.00067688656398329206 -0.50000000000000033 7.9074921495892296e-05
decision_type=2 2 2 2 2 2 2 2 2 2 2 2 2 2 2 2 2 2 2
left_child=1 5 14 4 10 -1 9 -8 18 -7 -4 17 -2 -14 15 -3 -17 -12 -5
right_child=12 2 3 8 -6 6 7 -9 -10 -11 11 -13 13 -15 -16 16 -18 -19 -20
leaf_value=0.0040352535398700566 0.01653507676194696 0.015464799432083965 0.017178474089433984 -0.00016517883336002179 -0.0048113754640022911 -0.00076458834836409069 0.018856421006577358 -0.0030000183731317522 0.010958298820036429 -0.011022414657331649 0.008416911888690223 0.013962149766145968 -0.006494435295462609 0.010791926811902951 0.021369812176341103 -0.011241621486842632 0.0061857407030306366 -0.0078438925179275306 -0.0062217151046178908
leaf_weight=237 34 48 43 220 36 3773 28 24 27 42 21 51 28 39 21 20 38 37 157
leaf_count=237 34 48 43 220 36 3773 28 24 27 42 21 51 28 39 21 20 38 37 157
internal_value=0 -5.95699e-05 0.0022922 0.000754715 0.00619184 -0.000471588 -0.000747803 0.00876883 -0.00177543 -0.000877519 0.00879786 0.00549175 0.00793301 0.00356778 0.00945907 0.0070994 0.000176305 -0.00195636 -0.0026874
internal_weight=0 4823 719 592 188 4104 3867 52 404 3815 152 109 101 67 127 106 58 58 377
internal_count=4924 4823 719 592 188 4104 3867 52 404 3815 152 109 101 67 127 106 58 58 377
is_linear=0
shrinkage=0.05


Tree=21
num_leaves=20
num_cat=0
split_feature=2 2 14 17 2 2 6 21 2 3 4 13 5 11 1 7 10 0 2
split_gain=2.2814 1.62968 1.52689 1.78465 1.53448 1.45362 1.42862 2.02705 1.36109 2.15188 1.34197 1.71643 1.56399 1.92019 1.71002 1.93977 1.8316 1.82776 2.13145
threshold=0.00078946997405438511 3.099531025765254e-05 -0.13499999999999998 1.999999999999998 0.00016498481657639953 2.9127358074871045e-05 25.499999999999993 0.0019475761371747782 0.00015434170027515273 1.4750000000000003 0.50000000000000611 -1.9999999999999891 4.6850000000000014 -1.0000000180025095e-35 3.179803051225268e-05 0.032103033532023269 -3.9999999999999698 0.00010742471933670478 0.00013705418082801888
decision_type=2 2 2 2 2 2 2 2 2 2 2 2 2 2 2 2 2 2 2
left_child=1 5 3 8 -5 -1 7 -2 -3 -10 11 -4 -13 14 -14 16 -16 18 -18
right_child=6 2 10 4 -6 -7 -8 -9 9 -11 -12 12 13 -15 15 -17 17 -19 -20
leaf_value=-0.001374035085084652 0.018070049306680991 0.0072580579555395876 -0.0035683616505641693 0.003030803749958674 0.018441134201628819 -0.0086889732931111317 -0.0031150515501697858 0.0017329707303467919 0.0092303281830203154 -0.0064005620973674876 0.0016773461666111864 -0.0012453335770873525 -0.0081441028250588323 -0.000208750388986396 0.001872635790361808 -0.0062101293769147668 0.0085597890469691039 0.014508354359052398 -0.0076533821912912227
leaf_weight=826 43 66 380 30 35 74 24 34 31 76 1018 1145 27 717 156 36 92 88 26
leaf_count=826 43 66 380 30 35 74 24 34 31 76 1018 1145 27 717 156 36 92 88 26
internal_value=0 -5.65914e-05 0.000383634 0.0042651 0.0113287 -0.00197549 0.00753636 0.0108563 0.00161115 -0.00187199 0.000132945 -0.000456556 6.04909e-05 0.00136975 0.00403276 0.00485883 0.00595961 0.0090546 0.0049874
internal_weight=0 4823 3923 238 65 900 101 77 173 107 3685 2667 2287 1142 425 398 362 206 118
internal_count=4924 4823 3923 238 65 900 101 77 173 107 3685 2667 2287 1142 425 398 362 206 118
is_linear=0
shrinkage=0.05


Tree=22
num_leaves=20
num_cat=0
split_feature=2 15 14 15 2 14 3 5 14 5 2 3 14 14 0 5 15 3 0
split_gain=2.05896 1.67373 2.8354 2.90085 1.93648 1.69377 1.99286 3.66514 1.977 2.28392 3.76121 1.87255 1.81883 3.10167 1.92797 1.75829 1.93013 1.75471 2.2822
threshold=0.00078946997405438511 2.8050000000000002 1.9950000000000003 3.1250000000000004 0.00027109543416519263 2.0750000000000006 0.99500000000000011 3.3350000000000004 0.28500000000000009 3.8250000000000006 2.6189010325240015e-05 1.1950000000000001 0.19500000000000003 -0.13499999999999998 0.00016075660054446622 2.5550000000000002 0.19500000000000003 1.3950000000000002 0.00010878919686774466
decision_type=2 2 2 2 2 2 2 2 2 2 2 2 2 2 2 2 2 2 2
left_child=1 5 -3 4 -4 6 15 -8 9 10 -9 -12 13 -11 -14 -1 -17 18 -10
right_child=-2 2 3 -5 -6 -7 7 8 17 12 11 -13 14 -15 -16 16 -18 -19 -20
leaf_value=0.0085656605660915375 0.0071595376228341962 0.0089506579959017091 0.0083176518692389921 -0.0016703318454103896 -0.0045791753050353793 -0.0040349048047669629 0.016284863650798797 -0.0019353630849056774 -0.0040827899572311666 0.0042479306522836078 0.029319979312519236 0.0095686858519911776 0.0098680808944137475 -0.0035361188109234985 -0.00022078462772899207 -0.0066261733622115281 -0.0012339178738091407 0.00070819957838172008 0.0036333666577682659
leaf_weight=40 101 127 152 404 36 304 37 36 510 235 24 24 114 281 81 197 1053 1050 118
leaf_count=40 101 127 152 404 36 304 37 36 510 235 24 24 114 281 81 197 1053 1050 118
internal_value=0 -5.37618e-05 0.00217156 0.000717261 0.00584805 -0.000443627 -0.000156325 0.000664546 0.000430841 0.00248471 0.0102816 0.0194443 0.00156356 8.94248e-06 0.00567732 -0.00175352 -0.00208374 -0.000542238 -0.00263294
internal_weight=0 4823 719 592 188 4104 3800 2510 2473 795 84 48 711 516 195 1290 1250 1678 628
internal_count=4924 4823 719 592 188 4104 3800 2510 2473 795 84 48 711 516 195 1290 1250 1678 628
is_linear=0
shrinkage=0.05


Tree=23
num_leaves=20
num_cat=0
split_feature=2 15 14 15 5 9 18 11 3 3 14 2 2 2 19 18 12 7 9
split_gain=1.85821 1.51054 2.56086 2.79909 2.46566 1.70666 1.6584 1.58931 1.5743 2.21042 1.78577 2.57733 2.71119 2.05654 1.56063 1.53748 1.4175 1.55444 2.11522
threshold=0.00078946997405438511 2.8050000000000002 1.9350000000000003 3.1250000000000004 7.955000000000001 -6.9999999999999885 -0.0037042697132061981 -2.9999999999999578 3.0350000000000006 5.3650000000000011 1.5950000000000004 2.3984170933782831e-05 1.5477804785130906e-05 2.237121215092041e-05 0.0055783650303553598 -0.0050826659777835062 -9.9999999999999734 -0.015366981851872017 9.0000000000000195
decision_type=2 2 2 2 2 2 2 2 2 2 2 2 2 2 2 2 2 2 2
left_child=1 8 4 14 7 6 -5 -3 10 -10 13 12 -12 -1 15 -4 -15 18 -18
right_child=-2 2 3 5 -6 -7 -8 -9 9 -11 11 -13 -14 16 -16 -17 17 -19 -20
leaf_value=-0.0034495765319610678 0.0068015608457055428 0.024784862185301987 0.0029465622405211132 0.016242454081773758 -0.0048783220026804054 -0.002692656539482613 -0.00061864495277404782 0.0090899494649083531 0.017767159534352168 -0.0029116205871105197 -0.0079436939954757695 -0.003748196083038443 0.014602886773645879 -0.012543852130572001 -0.0031001551220050227 0.012911271322518587 0.002138243163541212 -9.890822874272193e-05 0.017280856799334287
leaf_weight=393 101 23 75 25 23 365 35 54 28 24 20 643 40 21 39 80 590 2321 24
leaf_count=393 101 23 75 25 23 365 35 54 28 24 20 643 40 21 39 80 590 2321 24
internal_value=0 -5.10738e-05 0.00206298 0.000863614 0.00948708 -0.00140803 0.00640681 0.013778 -0.000421446 0.00822311 -0.000532383 -0.0028234 0.00708736 -5.1468e-05 0.00584014 0.00808964 0.00040031 0.000492926 0.00273014
internal_weight=0 4823 719 619 100 425 60 77 4104 52 4052 703 60 3349 194 155 2956 2935 614
internal_count=4924 4823 719 619 100 425 60 77 4104 52 4052 703 60 3349 194 155 2956 2935 614
is_linear=0
shrinkage=0.05


Tree=24
num_leaves=20
num_cat=0
split_feature=3 3 6 14 15 2 15 7 1 6 19 15 7 21 21 20 15 15 2
split_gain=1.76595 1.51279 1.72477 1.41326 2.41042 1.94262 1.85259 1.83669 1.67194 1.73927 1.94908 1.41767 1.40659 1.61855 1.32647 1.31769 1.22261 1.92566 2.07612
threshold=6.0750000000000002 1.3950000000000002 -18.999999999999989 1.1850000000000003 2.2550000000000003 2.237121215092041e-05 1.7550000000000001 -0.029120345314734838 6.6369600382642664e-05 7.0000000000000071 -0.0080580718334899975 -0.094999999999999987 -0.035784399018146833 0.0018086826332984753 -0.0013085941410914124 -0.0095787686478105965 0.19500000000000003 0.03500000000000001 0.00019090314273465078
decision_type=2 2 2 2 2 2 2 2 2 2 2 2 2 2 2 2 2 2 2
left_child=1 3 -3 5 -5 -1 7 12 9 10 -6 -9 13 -7 -14 -13 17 -4 -19
right_child=-2 2 16 4 8 6 -8 11 -10 -11 -12 15 14 -15 -16 -17 -18 18 -20
leaf_value=-0.0035256709209656651 0.014219354499470106 -0.0060300907636263289 0.0020938379345116793 -0.0069071813702062754 0.014358361234719104 -0.002858407289854118 0.0098521468157951667 -0.0047540601488057672 -0.0054737538159374266 0.012066437523154651 -0.0011551992923725309 -0.0061163970612381638 0.021560044485059653 0.013418600176061904 0.0057099638111663591 0.00064731278313414882 0.00093387451365581982 0.02507469566030936 0.0045493489929607943
leaf_weight=349 22 83 135 229 22 56 52 154 124 34 254 76 22 21 33 1371 1837 22 28
leaf_count=349 22 83 135 229 22 56 52 154 124 34 254 76 22 21 33 1371 1837 22 28
internal_value=0 2.15773e-05 0.00103407 -0.000740419 -0.00275681 -0.000113957 0.000553096 0.00027407 -0.000566874 0.00139588 8.13889e-05 -0.00019332 0.00594295 0.00158078 0.01205 0.000292066 0.00132405 0.00519834 0.0135805
internal_weight=0 4902 2105 2797 663 2134 1785 1733 434 310 276 1601 132 77 55 1447 2022 185 50
internal_count=4924 4902 2105 2797 663 2134 1785 1733 434 310 276 1601 132 77 55 1447 2022 185 50
is_linear=0
shrinkage=0.05


Tree=25
num_leaves=20
num_cat=0
split_feature=5 0 19 3 0 0 14 21 5 3 3 3 13 1 9 9 8 1 7
split_gain=1.81357 3.19628 1.74876 1.55826 1.33652 1.70287 1.65623 1.32555 1.31685 1.39912 1.86653 1.4996 1.72865 1.25839 1.36459 1.91895 1.37329 1.16067 1.11744
threshold=7.6050000000000013 0.00016359906105946779 -0.008806653933714546 0.56500000000000006 5.1548532182170153e-05 0.00011895179967741881 2.0450000000000004 -0.0070670695905462036 16.830000000000002 3.6400000000000001 2.5450000000000004 5.1950000000000012 2.9999999999999862 1.7216635706978502e-05 -0.50000000000000588 -3.4166666666666563 0.50000000000004496 0.00014124441176194499 -0.017277415655304548
decision_type=2 2 2 2 2 2 2 2 2 2 2 2 2 2 2 2 2 2 2
left_child=2 4 -1 -4 6 18 -2 -5 9 10 -3 -11 -13 14 15 -9 -17 -7 -6
right_child=1 8 3 7 5 17 -8 13 -10 11 -12 12 -14 -15 -16 16 -18 -19 -20
leaf_value=0.0043324472785693166 0.021627884178326048 0.0011807493436916741 0.010720131160884069 -0.0045726978535815879 -0.0095114549621939659 0.017634602066348582 0.0031902111002377106 -0.0064372645279803841 -0.0093992459538735848 0.014231637032592998 -0.007665510070912632 -0.010081092516581219 0.009974551065401599 -0.00037435825007402305 -0.0060924943923106739 -7.922602817416191e-06 0.011536035902406041 0.0051399707430746502 0.0033104574258348584
leaf_weight=171 29 226 29 233 20 34 21 77 38 34 81 21 22 3410 212 80 38 41 113
leaf_count=171 29 226 29 233 20 34 21 77 38 34 81 21 22 3410 212 80 38 41 113
internal_value=0 0.00215993 -0.000621132 -0.000828796 0.00654407 0.00477965 0.0138841 -0.000911492 -0.000520416 0.000358218 -0.00115328 0.00638458 0.000179934 -0.000688002 -0.00331583 -0.000297096 0.00370962 0.0108042 0.00138235
internal_weight=0 680 4250 4079 258 208 50 4050 422 384 307 77 43 3817 407 195 118 75 133
internal_count=4930 680 4250 4079 258 208 50 4050 422 384 307 77 43 3817 407 195 118 75 133
is_linear=0
shrinkage=0.05


Tree=26
num_leaves=20
num_cat=0
split_feature=6 6 19 17 3 12 8 9 3 19 16 18 21 9 22 12 19 7 20
split_gain=1.78818 1.94533 1.65084 1.70392 1.70548 1.71956 1.56168 1.58703 1.40788 1.37798 1.81578 1.49848 1.70655 1.72842 1.54125 1.5734 1.61275 1.35358 1.63041
threshold=12.999999999999924 13.999999999999925 -0.0053771648952276032 -4.0000000000000009 1.6950000000000001 -1.0000000180025095e-35 0.50000000000004496 -5.5000000000000151 0.56500000000000006 0.0046928281401410485 -7.0000000000000044 -0.056032210787061824 0.0018086826332984753 -1.9999999999999682 -2.4162906315405849e-05 1.0000000180025095e-35 0.0074926090888127747 -0.017960788498397325 0.0030528614479378162
decision_type=2 2 2 2 2 2 2 2 2 2 2 2 2 2 2 2 2 2 2
left_child=2 -2 3 4 -1 -6 7 -5 -4 -10 -11 12 -12 -14 -13 16 -16 -9 -19
right_child=1 -3 8 6 5 -7 -8 17 9 10 11 14 13 -15 15 -17 -18 18 -20
leaf_value=0.016949226934876709 0.014296084360496418 0.0020184707014806688 0.010184124523195727 -0.0074528668324152633 -0.0086631305888295179 0.010394206848637812 -0.0028705368981216898 -0.0023071426325119459 -0.0012772449067758771 0.008476243952387259 0.01886749278753996 -0.0037580739379427922 0.012988496488995022 -0.002412805213992085 0.00011650062231130379 -0.0033531510942084817 0.010113156224159819 0.012086250531820605 0.002430849671363831
leaf_weight=36 37 252 29 30 20 29 165 52 3431 76 20 239 27 56 86 93 76 81 95
leaf_count=36 37 252 29 30 20 29 165 52 3431 76 20 239 27 56 86 93 76 81 95
internal_value=0 0.00359035 -0.000463286 0.0022265 0.00868637 0.0026157 0.000928418 0.00335798 -0.000793897 -0.00087147 0.0011972 0.00027055 0.00575653 0.00259726 -0.000873287 0.00183049 0.00480629 0.00478046 0.00687453
internal_weight=0 289 4641 508 85 49 423 258 4133 4104 673 597 103 83 494 255 162 228 176
internal_count=4930 289 4641 508 85 49 423 258 4133 4104 673 597 103 83 494 255 162 228 176
is_linear=0
shrinkage=0.05


Tree=27
num_leaves=20
num_cat=0
split_feature=6 6 17 19 12 5 12 20 20 18 4 3 17 9 0 12 17 13 2
split_gain=1.61383 1.75566 1.51034 1.40165 1.56966 1.86434 2.28447 1.84678 2.1525 1.78309 1.36483 1.36246 1.33819 1.36605 1.33678 1.23546 1.22364 1.50963 1.35386
threshold=12.999999999999924 13.999999999999925 -10.499999999999996 -0.0045062947197641026 -1 5.495000000000001 2.1666666666666616 -0.005248994484569002 -0.0077341455095485947 -0.00611541025418083 0.99999999999999545 0.56500000000000006 -4.0000000000000009 -3.9999999999999698 0.00069695212487127427 3.2499999999999978 -0.99999999999998412 3.9999999999999707 0.00033129451259031827
decision_type=2 2 2 2 2 2 2 2 2 2 2 2 2 2 2 2 2 2 2
left_child=2 -2 -1 12 -5 11 7 8 10 -10 -7 -6 13 -4 -9 -8 -17 -18 -19
right_child=1 -3 3 4 5 6 15 14 9 -11 -12 -13 -14 -15 -16 16 17 18 -20
leaf_value=0.012938530849558967 0.013581280591520105 0.0019175471974507211 -0.0015956670045852662 -0.0025380707223240924 0.0096749179835977223 0.0088142924476414929 -0.0090362131852528144 0.0025172389616016991 0.0084220313395445175 0.028010901276554381 -0.0078359778225421915 -0.0012394638966847543 0.00067889365747271339 0.010903025915225347 -0.0097909053382666221 -0.0073858259974614445 0.011686738171885092 -0.0055206801676959327 0.0084351729750633247
leaf_weight=21 37 252 32 1025 29 32 58 540 26 21 20 2039 547 69 23 46 31 57 25
leaf_count=21 37 252 32 1025 29 32 58 540 26 21 20 2039 547 69 23 46 31 57 25
internal_value=0 0.00341083 -0.000440122 -0.000500934 -0.000852698 -0.000266507 0.00166246 0.00312184 0.00941959 0.0171745 0.00241034 -0.00108641 0.00165525 0.00694304 0.00201442 -0.00278967 -0.00051106 0.00228752 -0.00126585
internal_weight=0 289 4641 4620 3972 2947 879 662 99 47 52 2068 648 101 563 217 159 113 82
internal_count=4930 289 4641 4620 3972 2947 879 662 99 47 52 2068 648 101 563 217 159 113 82
is_linear=0
shrinkage=0.05


Tree=28
num_leaves=20
num_cat=0
split_feature=5 0 19 3 3 14 15 2 2 5 21 15 3 21 3 22 19 5 15
split_gain=1.46098 2.83533 1.3609 1.29457 1.88542 1.25818 2.27532 2.04054 2.99793 2.10365 1.4418 1.26781 1.21815 2.21923 1.64545 1.95873 1.41077 1.28081 3.2442
threshold=7.6050000000000013 0.00016359906105946779 -0.008806653933714546 2.5750000000000006 2.4750000000000005 0.31500000000000006 0.89500000000000013 0.0001142602778564658 6.6620715029906861e-05 3.9850000000000008 -0.0090804529193960742 1.135 0.9850000000000001 0.00096442353336723141 0.90500000000000014 0.00018554482155763721 0.008444696833966427 3.9050000000000007 0.31500000000000006
decision_type=2 2 2 2 2 2 2 2 2 2 2 2 2 2 2 2 2 2 2
left_child=2 -2 -1 4 5 6 12 8 -8 -9 -7 -11 14 17 15 -4 -15 18 -14
right_child=1 -3 3 -5 -6 10 7 9 -10 11 -12 -13 13 16 -16 -17 -18 -19 -20
leaf_value=0.003821908556229887 0.0060773533617341242 -0.00057629991093235565 -0.0012462519836844877 -0.013113495530117127 0.01226273322744029 -0.0078162286253202536 -0.00057719036422926805 0.014103558510541916 0.01995019958071087 0.0051335454425391032 -0.0011623576190463534 -0.0072831492441204878 0.020695207487134375 -0.0036660505883526389 -0.0056418620820703176 0.011696568244334425 0.0098771183973266966 0.0021899226531143685 -0.0011471339008387398
leaf_weight=171 258 422 256 21 28 84 29 25 46 34 2644 52 34 228 203 33 21 307 34
leaf_count=171 258 422 256 21 28 84 29 25 46 34 2644 52 34 228 203 33 21 307 34
internal_value=0 0.00194817 -0.000547951 -0.000731144 -0.000667066 -0.000756901 0.000521909 0.00564181 0.0120129 0.00133699 -0.00136724 -0.00237422 -0.000331408 0.00113542 -0.00219177 0.000231648 -0.00252386 0.00356518 0.00977404
internal_weight=0 680 4250 4079 4058 4030 1302 186 75 111 2728 86 1116 624 492 289 249 375 68
internal_count=4930 680 4250 4079 4058 4030 1302 186 75 111 2728 86 1116 624 492 289 249 375 68
is_linear=0
shrinkage=0.05


Tree=29
num_leaves=20
num_cat=0
split_feature=6 5 1 6 9 9 22 5 20 13 12 22 5 0 5 12 18 18 18
split_gain=1.44766 1.6539 1.19785 1.18277 1.11356 1.92637 1.22187 1.20466 1.05318 1.1426 1.15468 2.33291 2.15674 1.89492 2.01011 1.82694 1.72489 1.83744 1.87467
threshold=12.999999999999924 3.7350000000000008 1.7400073872590275e-05 13.999999999999925 -0.50000000000000588 -3.4166666666666563 -0.0012291903818581471 3.9850000000000008 -0.0095787686478105965 7.0000000000000187 -1 0.00078651848043032057 4.6650000000000009 5.3533099890074501e-05 7.7950000000000008 -6.4999999999999938 -0.019808241363765296 0.017557437308211358 0.035986763588241606
decision_type=2 2 2 2 2 2 2 2 2 2 2 2 2 2 2 2 2 2 2
left_child=2 -2 4 -3 5 -1 -7 -8 -4 10 11 15 -12 14 16 -10 -14 -18 -19
right_child=1 3 8 -5 -6 6 7 -9 9 -11 12 -13 13 -15 -16 -17 17 18 -20
leaf_value=-0.0058819007899226818 0.017111934013664724 0.010925079290481176 -0.00373004504503348 0.00094755719316766624 -0.0051337694924096676 -0.0068636819381605501 0.0022862260394236624 0.013813016410259641 0.0048478666406411401 -0.007058546080120973 -0.0006876749430326808 0.0037527653719148326 0.0097468229551469134 0.0010351236017465157 0.017483413027178856 -0.0031883748724938696 -0.0026439297523187556 0.014776409508251563 0.00021795231538514296
leaf_weight=87 20 34 195 235 245 22 68 34 78 56 1490 186 93 1094 31 758 115 41 48
leaf_count=87 20 34 195 235 245 22 68 34 78 56 1490 186 93 1094 31 758 115 41 48
internal_value=0 0.00324003 -0.000407283 0.00220866 -0.00284078 -0.000178296 0.00382343 0.00612849 -0.000142128 3.32215e-05 0.000134172 -0.00131178 0.000641646 0.00203453 0.00536794 -0.00243858 0.00410336 0.0015306 0.00692466
internal_weight=0 289 4641 269 456 211 124 102 4185 3990 3934 1022 2912 1422 328 836 297 204 89
internal_count=4930 289 4641 269 456 211 124 102 4185 3990 3934 1022 2912 1422 328 836 297 204 89
is_linear=0
shrinkage=0.05


end of trees

feature_importances:
f_3=75
f_2=74
f_15=57
f_5=52
f_14=51
f_1=32
f_0=31
f_19=25
f_6=21
f_12=19
f_13=16
f_21=15
f_7=14
f_18=14
f_22=14
f_9=11
f_17=11
f_20=9
f_8=7
f_4=6
f_11=6
f_16=6
f_10=4

parameters:
[boosting: gbdt]
[objective: regression]
[metric: binary_logloss]
[tree_learner: serial]
[device_type: cpu]
[data: ]
[valid: ]
[num_iterations: 10]
[learning_rate: 0.05]
[num_leaves: 20]
[num_threads: 0]
[deterministic: 0]
[force_col_wise: 0]
[force_row_wise: 0]
[histogram_pool_size: -1]
[max_depth: -1]
[min_data_in_leaf: 20]
[min_sum_hessian_in_leaf: 0.001]
[bagging_fraction: 0.7]
[pos_bagging_fraction: 1]
[neg_bagging_fraction: 1]
[bagging_freq: 5]
[bagging_seed: 3]
[feature_fraction: 0.9]
[feature_fraction_bynode: 1]
[feature_fraction_seed: 2]
[extra_trees: 0]
[extra_seed: 6]
[early_stopping_round: 0]
[first_metric_only: 0]
[max_delta_step: 0]
[lambda_l1: 0]
[lambda_l2: 0]
[linear_lambda: 0]
[min_gain_to_split: 0]
[drop_rate: 0.1]
[max_drop: 50]
[skip_drop: 0.5]
[xgboost_dart_mode: 0]
[uniform_drop: 0]
[drop_seed: 4]
[top_rate: 0.2]
[other_rate: 0.1]
[min_data_per_group: 100]
[max_cat_threshold: 32]
[cat_l2: 10]
[cat_smooth: 10]
[max_cat_to_onehot: 4]
[top_k: 20]
[monotone_constraints: ]
[monotone_constraints_method: basic]
[monotone_penalty: 0]
[feature_contri: ]
[forcedsplits_filename: ]
[refit_decay_rate: 0.9]
[cegb_tradeoff: 1]
[cegb_penalty_split: 0]
[cegb_penalty_feature_lazy: ]
[cegb_penalty_feature_coupled: ]
[path_smooth: 0]
[interaction_constraints: ]
[verbosity: 0]
[saved_feature_importance_type: 0]
[linear_tree: 0]
[max_bin: 255]
[max_bin_by_feature: ]
[min_data_in_bin: 3]
[bin_construct_sample_cnt: 200000]
[data_random_seed: 1]
[is_enable_sparse: 1]
[enable_bundle: 1]
[use_missing: 1]
[zero_as_missing: 0]
[feature_pre_filter: 1]
[pre_partition: 0]
[two_round: 0]
[header: 0]
[label_column: ]
[weight_column: ]
[group_column: ]
[ignore_column: ]
[categorical_feature: ]
[forcedbins_filename: ]
[precise_float_parser: 0]
[objective_seed: 5]
[num_class: 1]
[is_unbalance: 0]
[scale_pos_weight: 1]
[sigmoid: 1]
[boost_from_average: 1]
[reg_sqrt: 0]
[alpha: 0.9]
[fair_c: 1]
[poisson_max_delta_step: 0.7]
[tweedie_variance_power: 1.5]
[lambdarank_truncation_level: 30]
[lambdarank_norm: 1]
[label_gain: ]
[eval_at: ]
[multi_error_top_k: 1]
[auc_mu_weights: ]
[num_machines: 1]
[local_listen_port: 12400]
[time_out: 120]
[machine_list_filename: ]
[machines: ]
[gpu_platform_id: -1]
[gpu_device_id: -1]
[gpu_use_dp: 0]
[num_gpu: 1]

end of parameters

pandas_categorical:[]
