tree
version=v3
num_class=1
num_tree_per_iteration=1
label_index=0
max_feature_idx=22
objective=regression
feature_names=f_0 f_1 f_2 f_3 f_4 f_5 f_6 f_7 f_8 f_9 f_10 f_11 f_12 f_13 f_14 f_15 f_16 f_17 f_18 f_19 f_20 f_21 f_22
feature_infos=[2.811842593898112e-07:0.0089292451603560918] [2.1333248529010825e-06:0.0055990001705921817] [4.7857545124566229e-06:0.003721014941950642] [0.53000000000000003:6.5599999999999996] [-33.000000000000007:48] [2.4100000000000001:21.82] [-101.00000000000016:144.99999999999994] [-3.0196613872200984:0.53086419753086433] [-81:74] [-46:33.999999999999986] [-51.000000000000021:33.999999999999986] [-33.000000000000007:29.000000000000004] [-41:96.000000000000014] [-36.000000000000007:32.999999999999986] [-0.83999999999999997:2.9100000000000001] [-1.3200000000000001:3.8500000000000001] [-52:73.999999999999972] [-28.000000000000004:24.000000000000004] [-0.29572649572649579:1.1559792027729636] [-0.02958455728073861:0.047292143401983289] [-0.054746473503621829:0.033993115318416534] [-0.078445945945946005:0.045346674363414774] [-0.019984292877423981:0.018327052533256172]
tree_sizes=1825 1862 1871 1848 1890 1870 1872 1892 1849 1873 1901 1874 1906 1901 1910 1888 1908 1916 1911 1889 1895 1915 1901 1889 1895 1879 1889 1873 1907 1882

Tree=0
num_leaves=20
num_cat=0
split_feature=1 3 8 15 4 3 3 2 16 3 1 14 15 1 1 19 7 15 15
split_gain=5.43535 2.18984 2.95602 2.71207 2.57478 1.21484 1.1851 3.30494 3.743 1.43602 1.39096 1.17277 9.52128 1.08131 0.992616 1.26347 1.42857 0.822358 0.78233
threshold=7.051173263101513e-05 4.1000000000000005 1.5000000000000009 0.48500000000000004 2.9999999999999862 1.1650000000000003 1.385 0.00013876960915127493 1.999999999999998 1.5250000000000001 0.00020927240088546888 1.2750000000000001 2.0050000000000003 0.00032148717581161789 0.00053737710335938812 0.00094575860396683986 0.0076597608867174935 -1.0000000180025095e-35 2.6125000000000003
decision_type=2 2 2 2 2 2 2 2 2 2 2 2 2 2 2 2 2 2 2
left_child=-1 3 18 4 6 -5 -2 8 17 10 -9 12 -7 -13 15 16 -15 -8 -3
right_child=1 2 -4 5 -6 11 7 9 -10 -11 -12 13 -14 14 -16 -17 -18 -19 -20
leaf_value=0.048434599957125124 0.051286351282117476 0.062627814739001864 0.072627814776254768 0.048363108803508754 0.068595556696717311 0.051547306223147488 0.05012781469243574 0.053510167646212456 0.083342100530454308 0.049953396087134817 0.070127814766941549 0.049472346969308821 0.081556386238087725 0.05596114804749993 0.047627814683122514 0.050191917256777102 0.072627814776254768 0.064294481411877352 0.05135915798060494
leaf_weight=2417 246 20 28 476 31 472 20 34 21 129 20 759 28 36 39 39 20 21 67
leaf_count=2417 246 20 28 476 31 472 20 34 21 129 20 759 28 36 39 39 20 21 67
internal_value=0.0501345 0.0517579 0.0584974 0.0514338 0.0546202 0.0505438 0.0537378 0.0561992 0.0661762 0.0528191 0.0596649 0.051289 0.0532278 0.0502034 0.0543442 0.0571015 0.0619135 0.0573839 0.0539497
internal_weight=0 2506 115 2391 522 1869 491 245 62 183 54 1393 500 893 134 95 56 41 87
internal_count=4923 2506 115 2391 522 1869 491 245 62 183 54 1393 500 893 134 95 56 41 87
is_linear=0
shrinkage=1


Tree=1
num_leaves=20
num_cat=0
split_feature=1 3 8 3 5 3 18 6 14 2 3 3 0 17 14 1 3 6 14
split_gain=4.90541 1.97633 2.66781 1.37466 4.19317 2.4199 1.87498 1.59668 1.14424 3.66563 2.90803 1.78497 1.25949 1.01302 0.987962 0.817619 1.43581 0.774258 0.70068
threshold=7.051173263101513e-05 4.1000000000000005 1.5000000000000009 1.2950000000000002 4.5050000000000008 1.3550000000000002 0.017590151028111903 -1.9999999999999793 1.2750000000000001 0.00014007797011958686 1.7150000000000001 1.8050000000000004 0.0010988899644920446 1.999999999999998 1.7750000000000001 0.00020606935975095905 1.7950000000000002 7.9999999999999858 0.29500000000000004
decision_type=2 2 2 2 2 2 2 2 2 2 2 2 2 2 2 2 2 2 2
left_child=-1 3 -3 17 5 -5 7 -7 9 10 13 -12 -11 -6 -10 -16 -17 -2 -19
right_child=1 2 -4 4 8 6 -8 -9 14 12 11 -13 -14 -15 15 16 -18 18 -20
leaf_value=-0.0016149447527265175 -0.00086996671033768083 0.0036243564138809838 0.021368608623743058 -0.00087978860496410306 0.0014604584443279438 0.012376020686781924 0.0058964411129376719 0.030303438552827751 -0.0021427393063435571 9.0479861779753216e-05 0.02802808539321025 0.010307404156774284 0.011878269437390071 0.013142782270908357 -9.8491924396459616e-06 0.014083572713037333 0.0022445579064743859 0.007801195703303585 -0.0011309898899574029
leaf_weight=2417 774 87 28 28 72 23 28 27 287 406 27 30 24 25 345 30 175 52 38
leaf_count=2417 774 87 28 28 72 23 28 27 287 406 27 30 24 25 345 30 175 52 38
internal_value=0 0.00154219 0.0079447 0.00123425 0.00213606 0.0117293 0.0162557 0.0220568 0.00142045 0.00311903 0.00973833 0.0187014 0.000748403 0.00447137 0.000235294 0.00147619 0.0039771 -0.000359571 0.00402983
internal_weight=0 2506 115 2391 1527 106 78 50 1421 584 154 57 430 97 837 550 205 864 90
internal_count=4923 2506 115 2391 1527 106 78 50 1421 584 154 57 430 97 837 550 205 864 90
is_linear=0
shrinkage=0.05


Tree=2
num_leaves=20
num_cat=0
split_feature=1 15 3 8 6 2 10 3 5 10 15 14 14 11 2 3 15 5 15
split_gain=4.43248 2.22703 2.32828 2.44556 1.49214 1.09944 1.3715 1.03431 2.40479 2.83165 0.951809 0.902064 0.897722 0.863231 0.742385 1.47227 1.25341 3.25794 1.02865
threshold=6.5550421819952293e-05 0.48500000000000004 3.6400000000000001 2.0000000000000013 18.999999999999975 7.5432331574283457e-05 1.7500000000000073 1.1650000000000003 4.3650000000000011 4.7499999999999885 2.6125000000000003 0.45500000000000007 0.40500000000000008 -1.0000000000000451 0.00016989107176649385 1.5250000000000001 -0.054999999999999993 4.8550000000000013 0.16500000000000004
decision_type=2 2 2 2 2 2 2 2 2 2 2 2 2 2 2 2 2 2 2
left_child=-1 4 7 10 5 6 13 -3 9 12 -4 14 -9 -2 -7 16 -16 -18 -19
right_child=1 2 3 -5 -6 11 -8 8 -10 -11 -12 -13 -14 -15 15 -17 17 18 -20
leaf_value=-0.0016044141913552736 0.010625656644025675 -0.001694011364816106 0.011946726447114579 0.021300179362297059 0.017007390011779287 0.00010250055481894659 0.018900152623653414 0.0087055398993903695 0.00038529661771422426 0.024853749786104478 0.0007648461117920742 0.011825558134856133 -0.0026190365167955559 -0.0028315845114940952 -0.00099975619321832293 0.00022680553342771092 0.024291429674673466 0.012157261213287711 -0.0026894241305334228
leaf_weight=2308 26 512 26 25 22 208 25 42 1345 21 71 26 30 22 26 109 31 20 28
leaf_count=2308 26 512 26 25 22 208 25 42 1345 21 71 26 30 22 26 109 31 20 28
internal_value=0 0.00140204 0.000655069 0.00735593 0.00425235 0.00371375 0.00940378 0.000235836 0.000922958 0.00869882 0.00376205 0.00278658 0.00398697 0.00445775 0.00222968 0.00429721 0.00852269 0.0116567 0.00349669
internal_weight=0 2615 2072 122 543 521 73 1950 1438 93 97 448 72 48 422 214 105 79 48
internal_count=4923 2615 2072 122 543 521 73 1950 1438 93 97 448 72 48 422 214 105 79 48
is_linear=0
shrinkage=0.05


Tree=3
num_leaves=20
num_cat=0
split_feature=1 15 3 8 6 5 1 3 5 20 15 18 3 3 5 2 3 5 3
split_gain=4.00757 1.69359 2.03825 2.20712 1.37393 0.971563 3.51451 0.901541 2.29845 2.58959 0.859007 0.809286 0.614517 2.00036 1.26726 0.923257 0.606087 1.69965 0.593186
threshold=7.051173263101513e-05 0.48500000000000004 3.6400000000000001 2.0000000000000013 18.999999999999975 6.6550000000000011 0.00012829066726206004 1.1650000000000003 4.3650000000000011 0.0032451072874724045 2.6125000000000003 -0.022593057156417348 1.5250000000000001 1.385 4.5750000000000011 0.00035122480228746712 1.155 3.5850000000000004 2.5050000000000003
decision_type=2 2 2 2 2 2 2 2 2 2 2 2 2 2 2 2 2 2 2
left_child=-1 4 7 10 5 12 -7 -3 9 11 -4 -9 13 15 -15 16 17 -2 -10
right_child=1 2 3 -5 -6 6 -8 8 18 -11 -12 -13 -14 14 -16 -17 -18 -19 -20
leaf_value=-0.0014596793201802486 -0.00014438919271483568 -0.0015603803196029753 0.011349390045954632 0.020235169887542728 0.016157021051780743 0.026007382953096004 0.0022411859563241402 0.0091828789885925223 0.00084927814580559836 0.019582182245657727 0.00072660377170418356 -0.0031131082097999754 -0.001139605940973505 0.017816622407339954 0.004529283509442681 0.011667471937835218 -0.0022703591665184058 0.014220454644125241 -0.0022881303260895028
leaf_weight=2417 99 476 26 25 22 21 60 23 1123 34 71 32 94 34 38 20 108 26 174
leaf_count=2417 99 476 26 25 22 21 60 23 1123 34 71 32 94 34 38 20 108 26 174
internal_value=0 0.00139394 0.000727216 0.00698813 0.00392801 0.00338994 0.00840279 0.000316995 0.00096175 0.00873462 0.00357395 0.00202885 0.00242087 0.00345066 0.0108039 0.00135806 0.000473127 0.0028435 0.000428377
internal_weight=0 2506 1984 122 522 500 81 1862 1386 89 97 55 419 325 72 253 233 125 1297
internal_count=4923 2506 1984 122 522 500 81 1862 1386 89 97 55 419 325 72 253 233 125 1297
is_linear=0
shrinkage=0.05


Tree=4
num_leaves=20
num_cat=0
split_feature=2 3 8 22 3 0 3 3 3 1 1 3 14 18 6 15 14 15 1
split_gain=3.64133 1.39012 1.96592 1.14637 0.832369 0.955517 0.845074 1.61228 0.670081 0.778564 0.868134 0.809023 2.5687 2.74447 1.00323 0.637976 0.613151 0.846809 1.33579
threshold=8.6449931848688096e-05 4.1000000000000005 2.0000000000000013 0.0040813817885165813 2.5050000000000003 0.0010988899644920446 0.77500000000000013 0.90500000000000014 1.3550000000000002 7.051173263101513e-05 7.6624224229424311e-05 1.4850000000000001 0.42500000000000004 0.013165773715726472 -1.0000000000001117 2.6125000000000003 -0.20499999999999999 0.25500000000000006 0.00017760069550276205
decision_type=2 2 2 2 2 2 2 2 2 2 2 2 2 2 2 2 2 2 2
left_child=-1 3 15 4 5 6 -2 -8 -9 -10 -11 12 13 14 -12 -3 -13 18 -18
right_child=1 2 -4 -5 -6 -7 7 8 9 10 11 16 -14 -15 -16 -17 17 -19 -20
leaf_value=-0.0012645713338341258 -0.0022582919708241714 0.010559036096800929 0.019223411202430728 0.0087378314715258944 -0.0022110492142889161 0.01122332492377609 0.01495674021372741 -7.7013361287560866e-05 -0.0022114021910561456 0.011112866291244116 0.012566312828234264 -0.0022376159847610527 -0.0027159988500025812 8.4943078192217014e-05 0.028021580238072649 0.00090759496079452018 0.017294902467857236 0.0016687095433808666 0.0016931641244274731
leaf_weight=2653 163 23 25 49 184 24 22 564 99 28 21 90 49 28 21 67 23 756 34
leaf_count=2653 163 23 25 49 184 24 22 564 99 28 21 90 49 28 21 67 23 756 34
internal_value=0 0.00146336 0.00681958 0.00117753 0.00100162 0.00130918 0.00118382 0.0015072 0.00133447 0.00202731 0.00242696 0.00218899 0.0060642 0.0122103 0.0202939 0.00337407 0.0016783 0.0021118 0.0079886
internal_weight=0 2270 115 2155 2106 1922 1898 1735 1713 1149 1050 1022 119 70 42 90 903 813 57
internal_count=4923 2270 115 2155 2106 1922 1898 1735 1713 1149 1050 1022 119 70 42 90 903 813 57
is_linear=0
shrinkage=0.05


Tree=5
num_leaves=20
num_cat=0
split_feature=5 3 5 1 14 14 2 3 8 5 1 7 19 4 6 3 3 22 10
split_gain=3.74505 1.43253 2.15465 2.24755 1.35525 1.25933 1.20711 1.20109 1.02311 1.40086 1.0084 0.851449 0.88943 0.924303 1.17867 1.64197 1.27509 0.733214 1.07131
threshold=6.9350000000000014 3.6400000000000001 17.240000000000006 0.0010535365846643973 2.0950000000000002 1.9450000000000001 0.00012393654908096307 2.3850000000000002 -0.99999999999999878 8.8850000000000033 0.00029424454832396879 0.024330444654630305 -0.006920586090244484 1.9999999999999687 -6.4999999999999494 1.7250000000000003 1.8650000000000004 -0.0018034813772382916 1.0000000180025095e-35
decision_type=2 2 2 2 2 2 2 2 2 2 2 2 2 2 2 2 2 2 2
left_child=6 4 3 5 7 -3 -1 8 -2 11 -11 12 -10 14 -14 -16 -17 18 -8
right_child=1 2 -4 -5 -6 -7 17 -9 9 10 -12 -13 13 -15 15 16 -18 -19 -20
leaf_value=-0.0012341045094029883 0.0016016247796821086 0.01355144700099682 -0.0028457640303355277 0.023789789827008332 -0.0014246341547271089 -0.0016028120325734981 0.010385834588173857 -0.00090957199119859268 0.015870309346133756 0.0069804158706504573 0.021044631719589233 -0.0016321012447046682 -0.0027053765307825349 -0.0028246204038300821 0.001936834965917197 0.022970345172171409 0.0080632541619706909 0.00032529947171105615 0.00026756259218110878
leaf_weight=3104 187 29 33 28 211 26 47 135 21 26 25 43 26 31 44 26 32 790 59
leaf_count=3104 187 29 33 28 211 26 47 135 21 26 25 43 26 31 44 26 32 790 59
internal_value=0 0.00276588 0.0079614 0.0122582 0.00201907 0.00638762 -0.000767438 0.00323823 0.00445288 0.00639881 0.0138746 0.00468909 0.00619915 0.00492183 0.00679792 0.00922033 0.0147457 0.000849227 0.00475397
internal_weight=0 923 116 83 807 55 4000 596 461 274 51 223 180 159 128 102 58 896 106
internal_count=4923 923 116 83 807 55 4000 596 461 274 51 223 180 159 128 102 58 896 106
is_linear=0
shrinkage=0.05


Tree=6
num_leaves=20
num_cat=0
split_feature=5 3 5 19 2 15 15 2 14 14 3 1 2 17 5 15 3 14 15
split_gain=3.37991 1.29286 1.94458 2.03613 2.85615 1.27632 2.1211 1.08942 0.841076 0.863713 1.06958 1.44769 2.45615 0.809612 0.771388 0.779358 1.09863 0.785196 1.13078
threshold=6.9350000000000014 3.6400000000000001 17.240000000000006 -0.0056582385090357947 0.0005349959132697346 0.28500000000000009 1.0000000180025095e-35 0.00012393654908096307 2.0950000000000002 1.0950000000000004 2.4450000000000007 0.00032148717581161789 0.00036205603313222437 1.0000000000000007 7.1150000000000011 1.5650000000000002 2.2850000000000006 1.9450000000000001 3.2650000000000001
decision_type=2 2 2 2 2 2 2 2 2 2 2 2 2 2 2 2 2 2 2
left_child=7 5 3 -3 -5 6 13 -1 9 -7 11 14 -13 -2 -11 -16 17 -17 -19
right_child=1 2 -4 4 -6 8 -8 -9 -10 10 -12 12 -14 -15 15 16 -18 18 -20
leaf_value=-0.0011723993304689636 0.0095431082436571949 0.00036696645396727104 -0.0027034758223277149 0.0040443506635104622 0.026862149953376505 -0.0023350037838809376 0.022153722736984491 0.00080676524230511866 -0.0013534024428417332 0.010442151071038097 -0.00093016581479133222 0.023278605500952558 0.0027301341746792649 -0.00345544857531786 0.0093182500000252872 -0.0018178684209045526 0.012188361035659909 0.014484366849064829 -0.0023291922174394132
leaf_weight=3104 23 27 33 24 32 82 20 896 211 32 114 26 33 25 33 148 20 20 20
leaf_count=3104 23 27 33 24 32 82 20 896 211 32 114 26 33 25 33 148 20 20 20
internal_value=0 0.00262759 0.00756333 0.0116453 0.0170831 0.00191811 0.00847323 -0.000729066 0.00131494 0.00238126 0.00324838 0.00468318 0.0117854 0.00277303 0.00314827 0.00217979 0.00104724 -0.000137984 0.00607759
internal_weight=0 923 116 83 56 807 68 4000 739 528 446 332 59 48 273 241 208 188 40
internal_count=4923 923 116 83 56 807 68 4000 739 528 446 332 59 48 273 241 208 188 40
is_linear=0
shrinkage=0.05


Tree=7
num_leaves=20
num_cat=0
split_feature=5 13 15 5 2 20 14 14 14 1 15 0 8 2 1 20 3 14 18
split_gain=3.05037 1.18845 1.01024 1.98418 0.983197 0.972683 0.637193 0.96356 0.770187 1.01264 3.02674 0.933007 1.5902 0.905973 1.16021 0.702788 0.623016 0.644309 1.12621
threshold=6.9350000000000014 -8.4999999999999947 0.28500000000000009 7.7550000000000008 0.00012393654908096307 0.013368093330861976 2.0950000000000002 1.0950000000000004 1.2350000000000001 0.00017190774420111076 2.9150000000000005 0.00022350120394665335 -0.99999999999999878 0.00013876960915127493 9.9975804741638335e-05 -0.0061261232458233441 2.0450000000000004 0.35500000000000004 0.14368172505351753
decision_type=2 2 2 2 2 2 2 2 2 2 2 2 2 2 2 2 2 2 2
left_child=4 -2 3 -3 -1 6 7 -4 13 15 11 12 -11 14 -9 -10 17 18 -6
right_child=1 2 5 -5 16 -7 -8 8 9 10 -12 -13 -14 -15 -16 -17 -18 -19 -20
leaf_value=-0.0011137792994820313 0.013034458630360091 0.018904917737325798 -0.0028667292342736172 0.0013295924778850307 0.0011350985846537002 0.011422793313860894 -0.00081550084216439219 0.0037442291421549661 0.0070048323259330721 -0.00092031409820685019 0.017582068255020157 0.00029119628922132676 0.016404341168149754 -0.00059317059814929969 0.019999394946448184 -0.001904010110153448 0.0075088216386961218 -0.0012149572708048263 0.013230396918952465
leaf_weight=3104 26 26 78 42 510 25 230 21 26 26 37 167 27 20 23 149 33 333 20
leaf_count=3104 26 26 78 42 510 25 230 21 26 26 37 167 27 20 23 149 33 333 20
internal_value=0 0.00249621 0.00219075 0.00804957 -0.000692613 0.00171017 0.00140817 0.00229918 0.00311156 0.0023532 0.0043508 0.00212554 0.00790545 0.00823049 0.0122412 -0.000580411 0.000766427 0.000508607 0.00159152
internal_weight=0 923 897 68 4000 829 804 574 496 432 257 220 53 64 44 175 896 863 530
internal_count=4923 923 897 68 4000 829 804 574 496 432 257 220 53 64 44 175 896 863 530
is_linear=0
shrinkage=0.05


Tree=8
num_leaves=20
num_cat=0
split_feature=5 3 5 1 15 3 3 14 5 0 17 15 2 22 9 3 1 3 3
split_gain=2.75296 1.12315 1.75734 1.91401 1.41994 1.14745 1.38569 1.99983 3.74608 2.17453 1.50939 1.39162 0.887336 0.662154 0.909212 1.16123 0.549531 0.950811 1.12456
threshold=6.9350000000000014 3.6400000000000001 17.240000000000006 0.0010535365846643973 2.6050000000000004 1.925 1.7250000000000003 1.9550000000000003 7.7550000000000008 0.00015449454465602541 0.50000000000000611 1.5650000000000002 0.00012393654908096307 -0.0018034813772382916 0.99999999999999267 1.3050000000000004 0.00025056338400596405 2.3850000000000002 2.2450000000000006
decision_type=2 2 2 2 2 2 2 2 2 2 2 2 2 2 2 2 2 2 2
left_child=12 5 3 4 -3 6 11 8 9 10 -8 -2 -1 14 15 -14 -7 18 -18
right_child=1 2 -4 -5 -6 16 7 -9 -10 -11 -12 -13 13 -15 -16 -17 17 -19 -20
leaf_value=-0.0010580904473377797 0.01043283676664377 0.015274196372113445 -0.002788216242510261 0.021493849663862162 -0.0011248463595455343 -0.0015100431804523223 0.028648414843432279 0.017325442599960501 -0.0024916083625193394 0.001368933156132698 0.0098670698422938588 -0.0016161428319047327 -0.00071298855356872082 0.00023021394363309766 -0.00037009373088093368 0.01438994729093143 0.00035720007466291318 -0.0025710176046885237 0.010004863657734613
leaf_weight=3104 29 22 33 28 33 254 23 36 89 25 20 138 20 790 51 35 67 71 55
leaf_count=3104 29 22 33 28 33 254 23 36 89 25 20 138 20 790 51 35 67 71 55
internal_value=0 0.0023714 0.0069718 0.0108523 0.00543477 0.00171013 0.00381102 0.00669659 0.0042594 0.0130953 0.0199129 0.000476195 -0.000657983 0.000728106 0.00443881 0.00889797 1.81358e-05 0.00202931 0.00470656
internal_weight=0 923 116 83 55 807 360 193 157 68 43 167 4000 896 106 55 447 193 122
internal_count=4923 923 116 83 55 807 360 193 157 68 43 167 4000 896 106 55 447 193 122
is_linear=0
shrinkage=0.05


Tree=9
num_leaves=20
num_cat=0
split_feature=5 14 13 3 1 16 14 10 15 2 5 15 3 1 4 15 15 5 15
split_gain=2.48455 1.01929 1.48364 1.01435 0.827546 0.916376 1.18367 1.80021 0.870877 0.734946 1.25163 1.39323 1.71822 1.41285 1.18335 0.916516 1.73057 0.618098 1.36387
threshold=6.9350000000000014 2.0950000000000002 -8.0000000000000018 5.4250000000000016 0.0002559813062970176 -2.249999999999996 0.47500000000000003 1.0000000180025095e-35 0.46500000000000002 0.00069406867351463257 8.8850000000000033 2.7350000000000008 2.0150000000000001 0.0005691685285342925 -1.0000000180025095e-35 0.28500000000000009 1.0000000180025095e-35 7.1150000000000011 1.9550000000000003
decision_type=2 2 2 2 2 2 2 2 2 2 2 2 2 2 2 2 2 2 2
left_child=4 2 -2 -3 -1 -6 7 -7 -9 10 15 12 -12 14 -14 16 -4 18 -17
right_child=1 3 9 -5 5 6 -8 8 -10 -11 11 -13 13 -15 -16 17 -18 -19 -20
leaf_value=-0.00080597360298069226 0.016669966625049711 -0.0014587023394363645 0.00074807573752156623 0.010289241997525097 -0.0016742182389387619 0.018770990374365026 -0.0010103400464036637 -0.0017086526857955115 0.010243012362884151 -0.0023812150552136001 -0.0029680208371179861 0.019033503354611722 0.022676313028711342 -0.00052963909693062308 0.007902282809443547 -0.0030571505004032096 0.019866344630718232 0.00055873027568767691 0.013333122922728461
leaf_weight=3762 20 226 29 20 92 28 56 35 27 61 41 22 23 24 33 22 20 352 30
leaf_count=3762 20 226 29 20 92 28 56 35 27 61 41 22 23 24 33 22 20 352 30
internal_value=0 0.00225283 0.00325442 -0.000503585 -0.000625083 0.0022342 0.00469704 0.00824829 0.0034961 0.00284603 0.00338104 0.00745921 0.0053548 0.00962024 0.0139702 0.00209367 0.00855145 0.00131042 0.00639878
internal_weight=0 923 677 246 4000 238 146 90 62 657 596 143 121 80 56 453 49 404 52
internal_count=4923 923 677 246 4000 238 146 90 62 657 596 143 121 80 56 453 49 404 52
is_linear=0
shrinkage=0.05


Tree=10
num_leaves=20
num_cat=0
split_feature=1 15 4 2 10 3 8 11 7 18 3 14 15 1 1 19 18 22 19
split_gain=2.34593 1.60508 1.91728 1.05892 1.22584 1.00912 1.49483 0.632756 0.618596 0.869473 0.610616 0.689472 7.37184 0.68355 0.823093 1.05346 1.21183 0.67548 0.572843
threshold=6.5550421819952293e-05 0.48500000000000004 2.9999999999999862 7.5432331574283457e-05 1.7500000000000073 4.1000000000000005 1.5000000000000009 -1.0000000000000451 -0.0097985875525400373 0.032200419715999302 1.1650000000000003 1.2750000000000001 2.0050000000000003 0.00032148717581161789 0.00053737710335938812 0.00094575860396683986 0.003800844969297779 -0.0026064309797120817 -0.0028026361827148678
decision_type=2 2 2 2 2 2 2 2 2 2 2 2 2 2 2 2 2 2 2
left_child=-1 2 3 4 7 10 -7 -2 9 18 -3 12 17 -13 15 16 -15 -12 -5
right_child=1 5 -4 8 -6 6 -8 -9 -10 -11 11 13 -14 14 -16 -17 -18 -19 -20
leaf_value=-0.0011423784176588215 0.0091717649406443044 -0.0013405463294475341 0.015539056897884415 0.0018926108127524115 0.017312410093843936 0.0017285997840179796 0.015010982991329261 -0.00256774669343775 0.00056403421269925799 -0.00064358359947800639 0.0078417865138861436 -0.00069625845440385639 0.027086476183363368 0.016673006243523091 -0.002953010033338498 -0.00063542581330507239 0.0018773755729198456 0.00021329816914930741 0.01049926456963194
leaf_weight=2308 24 512 31 29 25 87 28 22 304 50 31 798 28 31 39 39 25 454 58
leaf_count=2308 24 512 31 29 25 87 28 22 304 50 31 798 28 31 39 39 25 454 58
internal_value=0 0.00104482 0.00346461 0.00273354 0.00840059 0.000410678 0.00496257 0.00355722 0.00182116 0.00461069 0.000143193 0.000668919 0.00214104 -0.000141379 0.00316305 0.00567385 0.0100678 0.000700892 0.00763038
internal_weight=0 2615 543 512 71 2072 115 46 441 137 1957 1445 513 932 134 95 56 485 87
internal_count=4923 2615 543 512 71 2072 115 46 441 137 1957 1445 513 932 134 95 56 485 87
is_linear=0
shrinkage=0.05


Tree=11
num_leaves=20
num_cat=0
split_feature=1 15 6 2 10 3 20 2 11 6 22 15 3 5 9 9 6 21 15
split_gain=2.1172 1.44858 1.06763 1.01635 1.00775 0.910727 1.3866 1.62586 0.687726 0.60197 0.559133 1.25265 0.488759 1.32087 0.479951 1.0949 0.722763 0.673533 0.523318
threshold=6.5550421819952293e-05 0.48500000000000004 18.999999999999975 7.5432331574283457e-05 1.7500000000000073 4.1000000000000005 0.0013163833382745518 0.00069406867351463257 -1.0000000000000451 4.0000000000001821 0.001808816193886176 1.7150000000000001 1.3650000000000004 4.2250000000000005 -2.9999999999999578 -2 3.9999999999999818 -0.00044557611133438918 -0.094999999999999987
decision_type=2 2 2 2 2 2 2 2 2 2 2 2 2 2 2 2 2 2 2
left_child=-1 2 3 4 8 10 9 -8 -2 -7 12 -12 -3 -14 16 -16 17 -5 -17
right_child=1 5 -4 14 -6 6 7 -9 -10 -11 11 -13 13 -15 15 18 -18 -19 -20
leaf_value=-0.001074406876988173 0.0094765018133733149 -0.0010631935966799188 0.013939744479954243 0.010060812016250566 0.016282321799844506 -0.0037832585492959389 0.021965965857636185 0.0030308346267789604 -0.0024149657366797331 0.0054579426380655461 -0.00030798248273711053 0.01162995633110404 0.013192201512772591 0.00035823373883351169 0.012580143385256332 -0.0012943324430200918 -0.0035300535727292299 -0.00020746174976229669 0.0035101521540182243
leaf_weight=2308 26 721 22 24 25 39 20 25 22 31 62 33 20 1121 27 78 81 45 193
leaf_count=2308 26 721 22 24 25 39 20 25 22 31 62 33 20 1121 27 78 81 45 193
internal_value=0 0.000982654 0.00325847 0.00280743 0.00822353 0.000386242 0.0046673 0.0114464 0.00402625 0.000309273 0.000134673 0.00383888 -5.43171e-05 0.000583194 0.0019249 0.00307438 -0.000358738 0.00336411 0.00212731
internal_weight=0 2615 543 521 73 2072 115 45 48 70 1957 95 1862 1141 448 298 150 69 271
internal_count=4923 2615 543 521 73 2072 115 45 48 70 1957 95 1862 1141 448 298 150 69 271
is_linear=0
shrinkage=0.0495


Tree=12
num_leaves=20
num_cat=0
split_feature=1 15 4 2 10 3 8 7 18 15 2 15 14 15 3 0 6 2 22
split_gain=1.91278 1.30872 1.65323 0.863816 1.00386 0.822796 1.31197 0.557898 0.774016 0.530214 0.528013 0.723843 3.32661 3.61952 1.47032 0.706751 0.87125 1.11984 0.645944
threshold=6.5550421819952293e-05 0.48500000000000004 2.9999999999999862 7.5432331574283457e-05 1.7500000000000073 4.1000000000000005 2.0000000000000013 -0.0097985875525400373 0.032200419715999302 2.6125000000000003 8.6449931848688096e-05 1.6250000000000002 1.2350000000000001 2.0050000000000003 1.4350000000000003 0.00014817706423536872 7.0000000000000071 0.00013876960915127493 -0.0013412787126649282
decision_type=2 2 2 2 2 2 2 2 2 2 2 2 2 2 2 2 2 2 2
left_child=-1 2 3 4 -2 10 9 8 -5 -7 -3 15 13 14 -13 16 18 -18 -12
right_child=1 5 -4 7 -6 6 -8 -9 -10 -11 11 12 -14 -15 -16 -17 17 -19 -20
leaf_value=-0.0010110115065749823 0.0031216575508261016 -0.0014613867188322824 0.014055286012992505 0.0069820291458243698 0.015321583416116237 0.0080529709087053068 0.014323172133421897 0.00042309259444395518 -0.00066919632679224013 -0.00057057632118769324 0.0068882260350566354 0.012085454535638805 0.00035350829661292518 0.025544426213585988 -0.0014829430819675326 -0.0021317701757512988 0.01557530151567821 -0.00062730714995786548 -0.0006860050752217861
leaf_weight=2308 46 400 31 87 25 23 25 304 50 67 30 34 745 26 44 363 21 20 274
leaf_count=2308 46 400 31 87 25 23 25 304 50 67 30 34 745 26 44 363 21 20 274
internal_value=0 0.000924673 0.0030662 0.00240085 0.00741741 0.000363452 0.0043919 0.00159319 0.00418961 0.00163322 0.000126727 0.00053472 0.00149962 0.00970972 0.00443149 -0.000622339 0.000965845 0.00767159 6.14519e-05
internal_weight=0 2615 543 512 71 2072 115 441 137 90 1957 1557 849 104 78 708 345 41 304
internal_count=4923 2615 543 512 71 2072 115 441 137 90 1957 1557 849 104 78 708 345 41 304
is_linear=0
shrinkage=0.049005


Tree=13
num_leaves=20
num_cat=0
split_feature=1 15 4 2 2 6 3 20 2 6 7 18 19 9 3 5 20 18 3
split_gain=1.72991 1.1836 1.49517 0.781228 0.932685 0.961453 0.74413 1.2108 1.45505 0.548697 0.504558 0.700013 0.516882 0.967068 0.483492 1.5403 1.96891 0.61299 0.412881
threshold=6.5550421819952293e-05 0.48500000000000004 2.9999999999999862 7.5432331574283457e-05 6.1892377198762631e-05 0.99999999999988998 4.1000000000000005 0.0013163833382745518 0.00069406867351463257 4.0000000000001821 -0.0097985875525400373 0.032200419715999302 -0.0028026361827148678 -2.2500000000000182 1.1650000000000003 4.3650000000000011 0.0032451072874724045 -0.022593057156417348 1.4950000000000003
decision_type=2 2 2 2 2 2 2 2 2 2 2 2 2 2 2 2 2 2 2
left_child=-1 2 3 4 -2 -6 14 9 -9 -8 11 12 -5 -14 -3 16 17 -16 -17
right_child=1 6 -4 10 5 -7 7 8 -10 -11 -12 -13 13 -15 15 18 -18 -19 -20
leaf_value=-0.00095185227259105411 -0.0013151430632687175 -0.0011617620442398828 0.01323284175039758 0.001285046761236526 0.016594592568364194 0.0028621110980359306 -0.0036859298464475632 0.020097226054171344 0.0025408322156984658 0.0049613179588688357 0.00039833535318973867 -0.00063003825787292058 0.00058260047510912637 0.013762475029831332 0.0069546575355315899 -0.0014230524434006354 0.015296994348199661 -0.0033628618401842195 0.00061248060161143384
leaf_weight=2308 22 512 31 29 28 21 39 20 25 31 304 50 20 38 23 302 37 33 1050
leaf_count=2308 22 512 31 29 28 21 39 20 25 31 304 50 20 38 23 302 37 33 1050
internal_value=0 0.000870566 0.00288678 0.00226036 0.00698338 0.0107092 0.000342185 0.00413491 0.0103437 0.000143566 0.00149996 0.00394446 0.00657348 0.00921769 0.000119311 0.000573228 0.0066126 0.000874691 0.000157798
internal_weight=0 2615 543 512 71 49 2072 115 45 70 441 137 87 58 1957 1445 93 56 1352
internal_count=4923 2615 543 512 71 49 2072 115 45 70 441 137 87 58 1957 1445 93 56 1352
is_linear=0
shrinkage=0.048515


Tree=14
num_leaves=20
num_cat=0
split_feature=2 22 0 5 12 5 1 3 16 3 3 5 3 5 17 18 5 2 8
split_gain=1.57285 0.824776 0.761086 1.25535 1.34982 0.680878 1.5474 0.706379 0.55055 0.530079 1.43292 0.655076 0.613832 2.44571 1.50837 0.68633 0.495455 0.488884 1.70476
threshold=8.7326476801528771e-05 0.0040813817885165813 0.0010988899644920446 16.380000000000003 -1.0000000180025095e-35 15.805000000000001 0.00078516156776800323 2.5050000000000003 2.0000000000000013 0.77500000000000013 0.90500000000000014 3.2650000000000001 1.3550000000000002 4.5050000000000008 0.50000000000000033 -0.013698630136986299 7.4750000000000005 0.00011215935371918587 -2.0000000000000235
decision_type=2 2 2 2 2 2 2 2 2 2 2 2 2 2 2 2 2 2 2
left_child=16 2 5 4 -4 7 -7 9 -3 -2 -11 -12 -13 14 15 -14 -1 18 -15
right_child=1 8 3 -5 -6 6 -8 -9 -10 10 11 12 13 17 -16 -17 -18 -19 -20
leaf_value=-0.00085303098338021283 -0.0018420179171198126 0.0026418424044660216 0.018711880913403232 -0.0042122529328152717 0.002934895389478916 0.012898124430633451 -0.003987715369732958 -0.0022066646382281731 0.013010876835732444 0.013227279729721819 0.0093208748008008439 -0.00055419713606560386 0.010554660522680089 0.015913694626015572 0.018798084643896637 -0.0020281417445741842 0.0046004727715850098 0.00034879940051840111 0.0014926333668144123
leaf_weight=2631 160 27 22 21 29 31 21 199 21 22 21 537 20 21 28 20 39 863 190
leaf_count=2631 160 27 22 21 29 31 21 199 21 22 21 537 20 21 28 20 39 863 190
internal_value=0 0.000949817 0.000814231 0.00567106 0.00974065 0.000650288 0.00607884 0.000514639 0.00717829 0.000802386 0.00104809 0.000890478 0.000785036 0.00141478 0.0102482 0.00426326 -0.000773373 0.000855495 0.0029279
internal_weight=0 2253 2205 72 51 2133 52 2081 48 1882 1722 1700 1679 1142 68 40 2670 1074 211
internal_count=4923 2253 2205 72 51 2133 52 2081 48 1882 1722 1700 1679 1142 68 40 2670 1074 211
is_linear=0
shrinkage=0.0480298


Tree=15
num_leaves=20
num_cat=0
split_feature=5 14 13 3 2 5 15 3 1 4 15 15 3 5 2 0 1 16 14
split_gain=1.74008 0.846181 1.17782 0.749192 0.688093 0.911231 1.22453 1.37081 1.25185 1.02034 0.727051 1.51661 0.511963 0.642384 1.6765 1.89597 0.475666 0.752424 0.861391
threshold=6.9350000000000014 2.0950000000000002 -8.0000000000000018 5.4250000000000016 0.00069406867351463257 8.8850000000000033 2.7350000000000008 2.0150000000000001 0.0005691685285342925 -1.0000000180025095e-35 0.28500000000000009 1.0000000180025095e-35 1.5350000000000004 7.2350000000000012 0.00011317741618619609 0.00012336192984327749 0.0002559813062970176 -2.249999999999996 0.47500000000000003
decision_type=2 2 2 2 2 2 2 2 2 2 2 2 2 2 2 2 2 2 2
left_child=16 2 -2 -3 5 10 7 -7 9 -9 11 -4 -12 14 -14 -16 -1 -18 -19
right_child=1 3 4 -5 -6 6 -8 8 -10 -11 12 -13 13 -15 15 -17 17 18 -20
leaf_value=-0.00064685728572111151 0.01400917980978396 -0.001395010068034942 0.00026624449850830311 0.0082065270173950332 -0.0025141945947187039 -0.0028485504465184416 0.016416422498798145 0.019426252192279673 -0.0012416043129271155 0.0063797987939640055 0.0068513405230805208 0.017286522749807812 -0.0027351718971600184 -0.00051628036181631479 0.019252067329645059 -0.00012827206668419448 -0.001822909193286471 0.0065483768358404713 -0.00096278939507798901
leaf_weight=3762 20 226 29 20 61 41 22 23 24 33 32 20 42 284 25 21 92 90 56
leaf_count=3762 20 226 29 20 61 41 22 23 24 33 32 20 42 284 25 21 92 90 56
internal_value=0 0.00177398 0.00264184 -0.000614397 0.00229581 0.00278811 0.00609727 0.00422106 0.00784423 0.0117382 0.00174349 0.0072133 0.00108007 0.000583621 0.0041333 0.0104045 -0.000516437 0.00154508 0.00366738
internal_weight=0 923 677 246 657 596 143 121 80 56 453 49 404 372 88 46 4000 238 146
internal_count=4923 923 677 246 657 596 143 121 80 56 453 49 404 372 88 46 4000 238 146
is_linear=0
shrinkage=0.0475495


Tree=16
num_leaves=20
num_cat=0
split_feature=3 3 20 5 1 15 14 15 2 2 19 19 18 13 14 15 2 5 3
split_gain=1.61683 1.08216 1.09002 1.1857 0.77545 1.63913 0.717427 1.16007 2.83221 0.635359 0.600701 0.597724 0.634738 0.546326 0.512893 0.659383 0.525221 0.531735 0.963228
threshold=1.7250000000000003 1.7650000000000003 0.0017546748212172727 7.0250000000000012 0.0010535365846643973 3.0150000000000001 2.0950000000000002 2.9150000000000005 0.00017303006931530977 0.0021274087123722908 0.00038094303773483778 -0.0005537606386465942 -0.01815342245423612 0.58333333333335802 0.35500000000000004 1.8950000000000002 4.1995832888164003e-05 4.8950000000000005 1.3950000000000002
decision_type=2 2 2 2 2 2 2 2 2 2 2 2 2 2 2 2 2 2 2
left_child=14 2 3 -2 6 9 7 10 -9 -6 11 13 -13 -3 15 16 -1 18 -18
right_child=1 4 -4 -5 5 -7 -8 8 -10 -11 -12 12 -14 -15 -16 -17 17 -19 -20
leaf_value=-0.0012777436100971913 0.0021809730977821939 0.0028473625786013855 -6.6867268055643947e-05 0.016978132269281514 0.0065771919882941388 0.016518298943672953 -0.001336547469186825 -0.0032008614970983401 0.019224337458674669 -0.0048701309726040072 -0.0004856004747375167 0.013417420353865948 0.0024139160185629367 -0.0018743387306359705 -0.00095698023992391446 0.0086567266814574773 0.00073900278209892295 -0.00090139878979885488 0.0061202110519033544
leaf_weight=450 20 204 32 30 21 22 263 24 26 22 306 21 26 74 2404 20 555 318 85
leaf_count=450 20 204 32 30 21 22 263 24 26 22 306 21 26 74 2404 20 555 318 85
internal_value=0 0.00151677 0.00671736 0.0110593 0.00109413 0.0060674 0.00075169 0.00155816 0.00846024 0.000720422 0.00101124 0.00242058 0.00733038 0.00159051 -0.000537242 0.000169376 4.88175e-05 0.000671941 0.00145369
internal_weight=0 1091 82 50 1009 65 944 681 50 43 631 325 47 278 3832 1428 1408 958 640
internal_count=4923 1091 82 50 1009 65 944 681 50 43 631 325 47 278 3832 1428 1408 958 640
is_linear=0
shrinkage=0.047074


Tree=17
num_leaves=20
num_cat=0
split_feature=3 3 20 9 13 20 14 15 2 9 22 4 16 11 16 14 15 2 2
split_gain=1.46819 0.982672 0.989808 0.842674 0.668803 0.60224 0.465742 0.598764 0.476936 0.493639 0.660751 0.657487 0.87624 0.861853 1.47611 0.438195 1.33658 2.47899 0.503466
threshold=1.7250000000000003 1.7650000000000003 0.0017546748212172727 -1.9999999999999682 -8.4999999999999947 0.013368093330861976 0.35500000000000004 1.8950000000000002 4.1995832888164003e-05 2.0000000000000244 -0.0021986761127467665 0.99999999999998435 1.9999999999999936 -3.4999999999999472 -4.2499999999999973 2.0950000000000002 2.9150000000000005 0.00017303006931530977 0.00069406867351463257
decision_type=2 2 2 2 2 2 2 2 2 2 2 2 2 2 2 2 2 2 2
left_child=6 2 3 -2 -3 15 7 8 -1 10 -10 -12 13 14 -13 16 18 -18 -6
right_child=1 4 -4 -5 5 -7 -8 -9 9 -11 11 12 -14 -15 -16 -17 17 -19 -20
leaf_value=-0.0012054192652678629 0.0030234726390842809 0.0081341130565699138 -6.308231043847319e-05 0.015373147823956301 0.0010572142320102141 0.0075659869003481635 -0.00090281208251261633 0.0081667277747070471 0.0073280038146339224 -0.0008955764389252923 -5.4612881021189466e-05 0.00067243194067111221 0.011372600105031412 -0.0008851065787060968 0.014244116869656627 -0.00096194510999085471 -0.0030196823008396857 0.016930570170061172 -0.0036103421936534048
leaf_weight=450 20 28 32 30 574 28 2404 20 38 310 415 46 25 96 28 269 24 31 55
leaf_count=450 20 28 32 30 574 28 2404 20 38 310 415 46 25 96 28 269 24 31 55
internal_value=0 0.00143092 0.00633714 0.0104333 0.0010322 0.000829492 -0.000506832 0.000159789 4.60542e-05 0.000633907 0.0013656 0.000994176 0.00322621 0.00202822 0.00580766 0.000631568 0.00125826 0.00822501 0.000649081
internal_weight=0 1091 82 50 1009 981 3832 1428 1408 958 648 610 195 170 74 953 684 55 629
internal_count=4923 1091 82 50 1009 981 3832 1428 1408 958 648 610 195 170 74 953 684 55 629
is_linear=0
shrinkage=0.0466033


Tree=18
num_leaves=20
num_cat=0
split_feature=5 14 13 2 5 8 5 1 0 14 1 5 2 1 22 20 6 19 22
split_gain=1.36312 0.695452 0.986951 0.572016 0.790479 0.996969 1.40572 1.89103 0.680994 1.22055 0.867266 1.34395 0.737367 0.533982 0.428565 1.26663 0.451718 0.342573 0.321741
threshold=6.9350000000000014 2.0950000000000002 -8.0000000000000018 0.00069406867351463257 8.8850000000000033 -1.0000000000000118 10.195000000000002 0.00032148717581161789 0.00015049934725291182 0.51500000000000012 8.2477874438369346e-05 7.2350000000000012 0.00011215935371918587 0.0014096884168331022 0.0045021924253456644 0.0027906560811470364 25.499999999999993 0.0012815813946154277 -0.0040953319172195015
decision_type=2 2 2 2 2 2 2 2 2 2 2 2 2 2 2 2 2 2 2
left_child=14 2 -2 4 8 17 7 -7 9 -4 -11 -12 -13 -3 16 -16 18 -6 -1
right_child=1 13 3 -5 5 6 -8 -9 -10 10 11 12 -14 -15 15 -17 -18 -19 -20
leaf_value=0.0026590508386090919 0.012385102679258643 -0.0012324747439748103 0.013049366616589682 -0.0022741004992967327 0.0044072989382997214 0.0055614540825953233 0.0012720086142328408 0.022582077942781147 -0.00039283161527941824 -0.0019581572078573371 0.011896486966606827 0.0092318043727976761 -0.0004697479884560353 0.0064602701627768768 -0.0028677943586793934 0.010800942428941789 0.0064164002594307165 -0.0034497143123775648 -0.00058970999323806092
leaf_weight=66 20 225 24 61 21 33 38 24 217 74 36 21 81 21 31 27 20 27 3856
leaf_count=66 20 225 24 61 21 33 38 24 217 74 36 21 81 21 31 27 20 27 3856
internal_value=0 0.00152515 0.00228856 0.00198121 0.00241673 0.00540731 0.00814562 0.012728 0.00147269 0.00318802 0.00207164 0.00423255 0.00152763 -0.000575777 -0.000441843 0.00349524 -0.000499771 -1.2271e-05 -0.000535039
internal_weight=0 923 677 657 596 143 95 57 453 236 212 138 102 246 4000 58 3942 48 3922
internal_count=4923 923 677 657 596 143 95 57 453 236 212 138 102 246 4000 58 3942 48 3922
is_linear=0
shrinkage=0.0461372


Tree=19
num_leaves=20
num_cat=0
split_feature=5 14 13 3 2 5 15 3 1 4 0 14 1 5 2 3 22 20 6
split_gain=1.24024 0.63276 0.897981 0.535945 0.520451 0.71922 0.930291 1.20525 1.09538 0.865341 0.619605 1.11053 0.789086 1.2228 0.670896 0.449515 0.389932 1.15245 0.410997
threshold=6.9350000000000014 2.0950000000000002 -8.0000000000000018 5.4250000000000016 0.00069406867351463257 8.8850000000000033 2.7350000000000008 2.0150000000000001 0.0005691685285342925 -1.0000000180025095e-35 0.00015049934725291182 0.51500000000000012 8.2477874438369346e-05 7.2350000000000012 0.00011215935371918587 1.7050000000000003 0.0045021924253456644 0.0027906560811470364 25.499999999999993
decision_type=2 2 2 2 2 2 2 2 2 2 2 2 2 2 2 2 2 2 2
left_child=16 2 -2 -3 5 10 7 -7 9 -9 11 -4 -13 -14 -15 -12 18 -18 -1
right_child=1 3 4 -5 -6 6 -8 8 -10 -11 15 12 13 14 -16 -17 17 -19 -20
leaf_value=-0.00050525057504737739 0.011695551455545905 -0.0011779403796159877 0.01232283183620372 0.0066229689703956223 -0.0021474879663051735 -0.0028323837999239092 0.013746166802221392 0.017098861839607616 -0.0013653410090827068 0.005557591437160881 0.0061535342226997801 -0.0018491351060748529 0.01123413968932375 0.0087178157026414366 -0.00044359432892287869 -0.0010333455903069858 -0.002708127441662786 0.010199590767431708 0.006059161612640614
leaf_weight=3922 20 226 24 20 61 41 22 23 24 33 20 74 36 21 81 197 31 27 20
leaf_count=3922 20 226 24 20 61 41 22 23 24 33 20 74 36 21 81 197 31 27 20
internal_value=0 0.00144024 0.00216114 -0.00054372 0.0018709 0.00228218 0.00510625 0.00353536 0.00679883 0.0102978 0.0013907 0.00301053 0.0019563 0.0039969 0.00144258 -0.00037096 -0.000417243 0.00330064 -0.000471946
internal_weight=0 923 677 246 657 596 143 121 80 56 453 236 212 138 102 217 4000 58 3942
internal_count=4923 923 677 246 657 596 143 121 80 56 453 236 212 138 102 217 4000 58 3942
is_linear=0
shrinkage=0.0456759


Tree=20
num_leaves=20
num_cat=0
split_feature=1 15 4 2 10 16 15 14 13 1 3 15 8 2 0 6 7 18 18
split_gain=1.0584 0.908504 1.26668 0.770044 0.830102 0.525409 0.465792 2.5609 2.97476 0.771572 0.953491 2.74127 1.18252 1.14192 0.567127 0.76296 0.726108 0.717437 0.542379
threshold=6.5550421819952293e-05 0.48500000000000004 2.9999999999999862 7.5432331574283457e-05 1.7500000000000073 -1.0000000000000118 1.655 1.2350000000000001 0.49999999999999495 0.00019129264492752891 1.7950000000000002 2.8250000000000006 2.0000000000000013 0.00039476482329121225 0.00015049934725291182 7.0000000000000071 -0.0048152665634532124 -0.10038258768250784 -0.024675610985134763
decision_type=2 2 2 2 2 2 2 2 2 2 2 2 2 2 2 2 2 2 2
left_child=-1 2 3 4 5 -2 14 8 18 -9 11 -11 -12 -14 15 17 -17 -3 -8
right_child=1 6 -4 -5 -6 -7 7 9 -10 10 12 -13 13 -15 -16 16 -18 -19 -20
leaf_value=-0.00074751105278962832 0.0076924341730773456 0.0084450704491008891 0.012356365303839406 0.0011698532498984381 0.014114088401198389 -0.0030355437215240227 0.0083500825969333014 -0.00089295831435748894 0.019800343877963117 -0.0012489863340893099 -0.00024552645022654304 0.022147832757660323 -0.00017849092930555344 0.014290498315046233 -0.0020222019197733638 0.00043380138360791739 0.012140648199531895 -0.00061666241907063998 -0.0013410727449116252
leaf_weight=2308 25 23 31 441 25 21 22 649 37 31 308 21 25 30 397 27 26 434 42
leaf_count=2308 25 23 31 441 25 21 22 649 37 31 308 21 25 30 397 27 26 434 42
internal_value=0 0.000721608 0.00254212 0.00194789 0.00678052 0.00279488 0.000244516 0.000905988 0.00851475 0.000183728 0.00186751 0.00819973 0.000960415 0.00771369 -0.000605115 0.000497989 0.00617678 -0.000160601 0.00199026
internal_weight=0 2615 543 512 71 46 2072 1165 101 1064 415 52 363 55 907 510 53 457 64
internal_count=4923 2615 543 512 71 46 2072 1165 101 1064 415 52 363 55 907 510 53 457 64
is_linear=0
shrinkage=0.05


Tree=21
num_leaves=20
num_cat=0
split_feature=1 22 0 5 3 18 4 6 9 22 0 3 8 21 3 2 19 21 19
split_gain=0.95521 0.583762 0.800398 0.968299 1.11215 0.532705 0.912933 1.45619 0.692328 0.488003 0.640515 0.770884 0.846354 0.61653 0.536186 1.08245 0.4727 0.368872 0.29608
threshold=6.5550421819952293e-05 0.0016776350577486501 0.00051712285860586768 4.5050000000000008 1.2750000000000001 -0.083201481211072612 1.0000000000000122 3.9999999999999818 -6.9999999999999885 -0.00056913302525052323 0.00013277087368627696 1.6450000000000002 1.583333333333359 0.0037080166010378117 1.5150000000000003 0.00016336588843036197 0.00012469794527836256 -0.0051742627627345264 -0.0048074485248141832
decision_type=2 2 2 2 2 2 2 2 2 2 2 2 2 2 2 2 2 2 2
left_child=-1 5 3 4 -3 6 8 -8 -2 10 11 12 -7 16 15 -12 -13 -16 -11
right_child=1 2 -4 -5 -6 9 7 -9 -10 18 14 13 -14 -15 17 -17 -18 -19 -20
leaf_value=-0.00071013549841501377 0.010180389801971616 0.0014444783707526891 0.012232424148722837 -0.0015276062182891063 0.015264565614052117 -0.000365062452852726 0.018706322368234395 8.6101401774656209e-05 0.00040513056107253464 0.0013444698146925678 -0.0029650771138923508 0.010562520129606129 0.0097610958780233684 0.015769140953198073 0.0038470918046576638 0.0093835489772674113 -0.00017811614310457593 -0.0034422918669879433 -0.00037896383600248302
leaf_weight=2308 20 37 23 78 24 100 21 21 192 298 35 20 26 20 21 36 21 100 1522
leaf_count=2308 20 37 23 78 24 100 21 21 192 298 35 20 26 20 21 36 21 100 1522
internal_value=0 0.000685528 0.00359252 0.00216289 0.00688189 0.000493546 0.00266155 0.00939621 0.00132732 0.000243126 0.00187537 0.00395816 0.00172446 0.00857201 -0.000153178 0.0032962 0.00506122 -0.00217719 -9.67752e-05
internal_weight=0 2615 162 139 61 2453 254 42 212 2199 379 187 126 61 192 71 41 121 1820
internal_count=4923 2615 162 139 61 2453 254 42 212 2199 379 187 126 61 192 71 41 121 1820
is_linear=0
shrinkage=0.05


Tree=22
num_leaves=20
num_cat=0
split_feature=1 15 6 2 8 21 15 6 3 5 5 5 14 16 22 2 22 14 13
split_gain=0.862077 0.810954 0.695217 0.744304 0.842422 0.881857 0.456314 0.696617 1.00071 0.66149 0.722026 1.82674 4.59109 0.419162 1.12594 0.398529 0.367932 0.823673 0.36123
threshold=6.5550421819952293e-05 0.48500000000000004 18.999999999999975 7.5432331574283457e-05 -1.9999999999999682 -0.00049061819818629882 -0.094999999999999987 -6.9999999999999609 1.5450000000000002 7.5450000000000008 4.7750000000000012 3.8250000000000006 0.14250000000000004 -13.999999999999991 -0.00012359030394287759 0.00039476482329121225 0.0016776350577486501 0.41500000000000004 -3.0000000000000133
decision_type=2 2 2 2 2 2 2 2 2 2 2 2 2 2 2 2 2 2 2
left_child=-1 2 3 4 -2 -6 -5 8 -8 10 11 -9 -13 14 -3 -12 18 -18 -15
right_child=1 13 -4 6 5 -7 7 9 -10 -11 15 12 -14 16 -16 -17 17 -19 -20
leaf_value=-0.00067462872934125799 -0.0020584111381322149 0.01345522798420418 0.011077630892395975 -0.0011635281866158012 0.0020233003378269218 0.01520958257606253 0.016376864751800897 -0.0015206451314900603 0.00074926144665195835 0.010127646178007127 -0.0030308634342093555 0.028540811998148757 -0.003171453282237053 -0.0021291456819165755 -0.0022493748180568217 0.0043300511400130668 0.010315538829724705 0.00033516635340225849 0.0001623054863928162
leaf_weight=2308 20 21 22 137 21 32 20 70 21 20 112 21 25 191 25 22 28 79 1728
leaf_count=2308 20 21 22 137 21 32 20 70 21 20 112 21 25 191 25 22 28 79 1728
internal_value=0 0.000651251 0.00237125 0.00200361 0.00668531 0.00998483 0.00124074 0.00229985 0.00837248 0.00137771 0.00067772 0.00356574 0.0113059 0.0002005 0.00492012 -0.00182236 9.33417e-05 0.00294685 -6.5765e-05
internal_weight=0 2615 543 521 73 53 448 311 41 270 250 116 46 2072 46 134 2026 107 1919
internal_count=4923 2615 543 521 73 53 448 311 41 270 250 116 46 2072 46 134 2026 107 1919
is_linear=0
shrinkage=0.05


Tree=23
num_leaves=20
num_cat=0
split_feature=2 12 3 20 6 2 3 16 5 5 2 3 0 7 15 10 9 9 20
split_gain=0.802003 0.483545 0.805794 0.400971 0.880451 1.22291 0.750172 0.343567 0.733336 0.341198 0.322288 0.679209 0.297913 0.286836 0.277851 0.72706 1.1793 1.20009 0.842085
threshold=8.7326476801528771e-05 -9.9999999999999911 5.5100000000000007 0.0066656490020644563 7.9999999999999858 0.00036205603313222437 1.7750000000000001 2.8333333333333215 4.5550000000000006 7.4750000000000005 9.1431882998899678e-05 1.635 0.00029732115266176942 0.044414908591463916 0.48500000000000004 0.99999999999998435 -2.9999999999999578 -1.9999999999999682 -0.0035069208862332775
decision_type=2 2 2 2 2 2 2 2 2 2 2 2 2 2 2 2 2 2 2
left_child=9 2 12 10 5 7 -6 -5 -9 -1 11 -3 -2 14 15 16 -12 -18 -19
right_child=1 3 -4 4 6 -7 -8 8 -10 -11 13 -13 -14 -15 -16 -17 17 18 -20
leaf_value=-0.00062687615341857706 0.0045942394668236379 0.00033795599542234256 -0.0031829478405416018 -0.0018722999706864358 0.016060188980773091 0.0099103862206850746 0.0023655581474304201 0.010362764643061729 -0.00023988292820445478 0.0040843770361672612 6.9258085815078113e-05 0.01119022203964137 0.013025903769514777 -0.002593185809365977 3.4379173015526301e-05 -0.0013013051462952387 0.018429926158860327 0.013471288816072048 0.0015191440071378435
leaf_weight=2631 20 46 20 125 20 35 20 21 73 39 118 21 22 87 1397 132 20 20 56
leaf_count=2631 20 46 20 125 20 35 20 21 73 39 118 21 22 87 1397 132 20 20 56
internal_value=0 0.000722903 0.00507735 0.000599683 0.00231785 0.00123202 0.00921287 -0.000154936 0.00212879 -0.00055806 0.000333399 0.00373941 0.00901083 0.000208698 0.000348551 0.00161704 0.00341714 0.00753225 0.00466445
internal_weight=0 2253 62 2191 294 254 40 219 94 2670 1897 67 42 1830 1743 346 214 96 76
internal_count=4923 2253 62 2191 294 254 40 219 94 2670 1897 67 42 1830 1743 346 214 96 76
is_linear=0
shrinkage=0.05


Tree=24
num_leaves=20
num_cat=0
split_feature=2 15 2 15 7 4 1 15 3 3 0 0 15 3 13 3 3 22 7
split_gain=0.728476 0.803524 1.31616 1.1307 0.902647 0.75685 0.624503 0.451413 0.809166 0.794173 0.605451 0.418319 0.968375 0.572559 0.539131 0.448142 0.429615 0.35372 0.781387
threshold=5.9558416824714021e-05 0.25500000000000006 7.2985222617134423e-05 -0.034999999999999996 -0.014707449810024141 0.99999999999999545 0.00015506521994236672 0.14500000000000005 1.405 1.5550000000000004 0.00032234490137473257 0.00069695212487127427 2.9250000000000003 5.5500000000000007 -1.0000000000000118 5.1500000000000012 2.5050000000000003 0.0014785678498531187 0.0095772964517490972
decision_type=2 2 2 2 2 2 2 2 2 2 2 2 2 2 2 2 2 2 2
left_child=-1 2 3 -2 5 6 -4 10 -9 -10 -6 15 13 14 -13 16 17 -3 -19
right_child=1 11 4 -5 7 -7 -8 8 9 -11 -12 12 -14 -15 -16 -17 -18 18 -20
leaf_value=-0.0007066798571437776 0.0021839125712792718 -1.297277963521357e-05 0.0075963481628735152 0.015387149924850642 -0.0026366825250226152 0.011878659314243124 -0.0028724466611085267 -0.0032070879117938982 0.014580753849198422 0.0011320528938718465 0.0045359468346254693 0.009296862635275592 0.010658201304895263 -0.0052359520674993597 -1.3393285917118193e-05 0.005734630652210292 -0.0023390959225040166 0.00059789510709898819 0.0097477599947402883
leaf_weight=2006 31 2004 28 34 161 32 29 29 21 23 36 23 31 30 48 34 188 105 30
leaf_count=2006 31 2004 28 34 161 32 29 29 21 23 36 23 31 30 48 34 188 105 30
internal_value=0 0.000531144 0.00254338 0.00909022 0.00135802 0.00572488 0.00227012 -8.14233e-05 0.00327709 0.00755075 -0.00132595 0.00018891 0.00292811 0.000555509 0.00300261 3.57652e-05 -4.75014e-05 0.00015391 0.0026312
internal_weight=0 2917 424 65 359 89 57 270 73 44 197 2493 132 101 71 2361 2327 2139 135
internal_count=4923 2917 424 65 359 89 57 270 73 44 197 2493 132 101 71 2361 2327 2139 135
is_linear=0
shrinkage=0.05


Tree=25
num_leaves=20
num_cat=0
split_feature=3 3 5 10 1 19 1 5 14 12 19 19 5 21 0 1 0 14 2
split_gain=1.02781 0.849122 0.771771 1.5085 0.481522 0.887567 0.501207 1.20836 0.436718 0.573595 0.544041 0.761618 0.834629 0.587065 0.930099 0.9625 0.56049 0.41059 0.616955
threshold=1.7250000000000003 1.7650000000000003 7.0250000000000012 -1.4999999999999956 0.0010535365846643973 -0.001675695611362493 0.00059874566246757713 15.805000000000001 2.0950000000000002 1 0.00038094303773483778 -0.0005537606386465942 8.8850000000000033 -0.0017152024707230427 0.00013082340192774921 7.5990569951812114e-05 0.00018430535555251731 1.7950000000000002 0.00017303006931530977
decision_type=2 2 2 2 2 2 2 2 2 2 2 2 2 2 2 2 2 2 2
left_child=-1 2 -2 -4 6 -6 7 8 9 10 11 12 13 14 15 -3 -14 -12 -19
right_child=1 4 3 -5 5 -7 -8 -9 -10 -11 17 -13 16 -15 -16 -17 -18 18 -20
leaf_value=-0.00045998542344038198 0.00095289659833437527 0.00068819534964859486 0.00099163476732515169 0.019526728570623243 -0.0012664399358133477 0.010453692608113801 -0.0044379398583414709 0.011927026417106391 -0.0011719435146583836 -0.0010855241462547148 -0.0012439139173331117 0.011698336423640807 0.0021114717282000044 -0.0032501423872023263 -0.0014148832143594822 0.015685933747369311 0.012761940074463685 -0.0014778018722103703 0.007442262848573071
leaf_weight=3832 38 20 21 23 30 35 47 24 258 181 133 28 21 53 48 23 30 36 42
leaf_count=3832 38 20 21 23 30 35 47 24 258 181 133 28 21 53 48 23 30 36 42
internal_value=0 0.00127948 0.00617255 0.0106804 0.000881828 0.0050444 0.000595211 0.000858932 0.000554654 0.00127898 0.0022651 0.00398709 0.00287983 0.000933114 0.00336952 0.00871024 0.00837645 0.000445183 0.00332531
internal_weight=0 1091 82 44 1009 65 944 897 873 615 434 223 195 144 91 43 51 211 78
internal_count=4923 1091 82 44 1009 65 944 897 873 615 434 223 195 144 91 43 51 211 78
is_linear=0
shrinkage=0.05


Tree=26
num_leaves=20
num_cat=0
split_feature=3 3 20 5 1 15 2 1 5 6 14 15 2 3 5 22 1 3 18
split_gain=0.927598 0.766333 0.788896 0.902855 0.434574 1.22622 0.535209 0.452339 1.09054 0.423782 0.419355 1.02417 2.52233 0.514691 0.642512 0.466922 0.774562 1.17869 1.27134
threshold=1.7250000000000003 1.7650000000000003 0.0017546748212172727 7.0250000000000012 0.0010535365846643973 3.0150000000000001 0.0021274087123722908 0.00059874566246757713 15.805000000000001 -6.4999999999999494 2.0950000000000002 2.9150000000000005 0.00017303006931530977 1.9950000000000003 6.1050000000000013 -0.0018034813772382916 0.00025056338400596405 2.3850000000000002 0.012416491696888745
decision_type=2 2 2 2 2 2 2 2 2 2 2 2 2 2 2 2 2 2 2
left_child=-1 2 3 -2 7 6 -6 8 9 -3 11 13 -13 -11 -15 -16 -17 18 -18
right_child=1 4 -4 -5 5 -7 -8 -9 -10 10 -12 12 -14 14 15 16 17 -19 -20
leaf_value=-0.00043698613901791751 0.0015584651473909616 -0.0014366419295196615 -0.00026639479328878225 0.015273234260578951 0.0055895162391520689 0.01439325807785446 -0.0055699898141690282 -0.0042160429060459142 0.011330674805988868 -0.0011637342631135113 -0.00093130549897303737 -0.0033482442476919722 0.020619321663094603 0.01044016648893771 0.0090763321658596397 -0.00088816037240587635 0.016912761916007317 -0.0025217818765668198 0.0012301844234267872
leaf_weight=3832 20 209 32 30 21 22 22 47 24 153 178 21 23 23 20 162 28 32 24
leaf_count=3832 20 209 32 30 21 22 22 47 24 153 178 21 23 23 20 162 28 32 24
internal_value=0 0.00121551 0.00586392 0.00978733 0.000837737 0.00479218 -0.000119998 0.00056545 0.000815985 0.000526922 0.00114497 0.00190542 0.00918026 0.00118123 0.00242268 0.00172943 0.00113213 0.00502839 0.00967465
internal_weight=0 1091 82 50 1009 65 43 944 897 873 664 486 44 442 289 266 246 84 52
internal_count=4923 1091 82 50 1009 65 43 944 897 873 664 486 44 442 289 266 246 84 52
is_linear=0
shrinkage=0.05


Tree=27
num_leaves=20
num_cat=0
split_feature=3 3 20 5 20 6 14 15 2 14 14 3 3 2 14 20 5 14 3
split_gain=0.837157 0.691615 0.711979 0.814827 0.419637 0.442409 0.530796 1.86301 2.84602 0.465138 0.671904 1.10534 1.27524 0.532643 1.77643 0.350413 0.333471 0.321888 0.386564
threshold=1.7250000000000003 1.7650000000000003 0.0017546748212172727 7.0250000000000012 0.013368093330861976 -6.4999999999999494 2.0950000000000002 2.9150000000000005 0.00017303006931530977 1.925 1.7550000000000001 2.2050000000000005 2.3850000000000002 0.00013876960915127493 1.2350000000000001 -0.0051307906198363997 5.9850000000000012 -0.052499999999999998 3.1350000000000002
decision_type=2 2 2 2 2 2 2 2 2 2 2 2 2 2 2 2 2 2 2
left_child=-1 2 3 -2 5 15 7 9 -9 10 13 -12 -13 14 -7 -3 -16 -15 -19
right_child=1 4 -4 -5 -6 6 -8 8 -10 -11 11 12 -14 17 16 -17 -18 18 -20
leaf_value=-0.00041513683698247023 0.0014805418252944948 0.004109055952479442 -0.00025307498290203515 0.014509572697182498 0.0065231508094697232 0.013797528144593042 -0.00098075975105166454 -0.003180831972332228 0.020658820434924095 -0.0031693780549654836 -0.0026052034363664434 0.017385290335449909 0.0029227178384150778 0.0035818406070272125 0.005699695805087686 -0.0019389092184181483 -0.0015186692180577666 -0.0027079353352485141 0.0042443435963081281
leaf_weight=3832 20 27 32 30 31 30 200 21 31 57 29 27 35 33 20 212 80 153 23
leaf_count=3832 20 27 32 30 31 30 200 21 31 57 29 27 35 33 20 212 80 153 23
internal_value=0 0.00115473 0.00557073 0.00929796 0.00079585 0.00061431 0.00121908 0.00203535 0.0110313 0.0010748 0.00163739 0.00545217 0.00922093 0.000613371 0.00312636 -0.00125567 -7.49962e-05 -0.000949729 -0.0017994
internal_weight=0 1091 82 50 1009 978 739 539 52 487 430 91 62 339 130 239 100 209 176
internal_count=4923 1091 82 50 1009 978 739 539 52 487 430 91 62 339 130 239 100 209 176
is_linear=0
shrinkage=0.05


Tree=28
num_leaves=20
num_cat=0
split_feature=5 5 3 20 5 1 8 22 15 22 19 5 3 0 20 14 6 15 3
split_gain=0.762591 0.841184 0.471126 0.53824 0.453776 0.53487 0.395157 0.351403 0.956922 0.448441 0.34787 0.471744 0.462148 0.666124 0.419593 0.475022 0.423732 0.340745 0.320723
threshold=7.5850000000000009 7.6250000000000009 1.5350000000000004 0.013368093330861976 17.240000000000006 0.0010535365846643973 -14.000000000000005 0.0040813817885165813 1.8750000000000002 0.0050447455341909872 -0.010109059727602008 15.805000000000001 2.3350000000000004 0.00043325905704161266 0.0050908273584874273 2.2850000000000006 0.99999999999988998 3.6350000000000002 2.2850000000000006
decision_type=2 2 2 2 2 2 2 2 2 2 2 2 2 2 2 2 2 2 2
left_child=6 -2 -3 4 5 10 -1 17 9 -9 -4 12 13 14 15 -12 -16 18 -8
right_child=1 2 3 -5 -6 -7 7 8 -10 -11 11 -13 -14 -15 16 -17 -18 -19 -20
leaf_value=0.0056048444738345492 0.011329990829385463 0.0071869673327572886 -0.004707091286157569 0.0087474216219215178 -0.0053904546254004045 0.0068188813928928647 -0.00052672475371458554 0.0053549223357722874 0.012094133639974254 -0.0038872236545596803 -0.00068001659646023459 0.0083601438067853456 -0.0015261151406935044 0.008271541753235986 0.00058575292456556456 0.0063454449659696337 0.010515289731501114 0.0044952806298221865 0.0024434748866785597
leaf_weight=28 21 31 30 21 30 36 3999 21 21 35 221 20 177 34 22 27 21 35 93
leaf_count=28 21 31 30 21 30 36 3999 21 21 35 221 20 177 34 22 27 21 35 93
internal_value=0 0.00147618 0.00116733 0.000875294 0.000607795 0.000913828 -0.000315331 -0.000354761 0.00299191 -0.000421419 0.000528716 0.000829624 0.000529604 0.00164918 0.000875433 8.48522e-05 0.00543506 -0.000417202 -0.00045922
internal_weight=0 691 670 639 618 588 4232 4204 77 56 552 522 502 325 291 248 43 4127 4092
internal_count=4923 691 670 639 618 588 4232 4204 77 56 552 522 502 325 291 248 43 4127 4092
is_linear=0
shrinkage=0.05


Tree=29
num_leaves=20
num_cat=0
split_feature=3 3 9 2 5 3 1 22 2 1 5 5 15 21 15 15 14 2 14
split_gain=0.700146 0.614545 0.657892 0.957864 0.359017 0.782426 1.16584 0.823502 0.319429 0.802333 0.92774 0.787225 0.786682 1.40537 0.362724 0.766706 0.357097 0.328052 0.615074
threshold=1.7250000000000003 1.7650000000000003 -4.2499999999999973 0.00012909050375636223 17.965000000000003 3.6400000000000001 0.0010535365846643973 0.00016774128704588612 0.00035846880364770207 0.00033002821698263244 8.7050000000000018 7.5450000000000008 0.69500000000000006 -0.0003747989295963538 1.8350000000000002 1.905 1.3950000000000002 0.00016593327783818318 2.0125000000000002
decision_type=2 2 2 2 2 2 2 2 2 2 2 2 2 2 2 2 2 2 2
left_child=-1 2 -2 -4 5 8 7 -7 9 12 11 -11 13 -3 -14 -16 -17 -18 -19
right_child=1 4 3 -5 -6 6 -8 -9 -10 10 -12 -13 14 -15 15 16 17 18 -20
leaf_value=-0.00037884115457042882 -0.0026658462267369031 0.013926466155265058 0.0028241604419523164 0.015583270012090603 -0.0054567440352200174 -0.0033862798241898421 0.013543566213599569 0.008098153280163254 -0.0017944256698029289 0.0091477152122103663 0.014999731108546258 -0.0033365104879651756 -0.0023395691375405372 -0.001527178347591431 0.010035601877607407 0.0059648330168177686 -0.0015019343066655223 0.0042417577152243915 -0.0015719621087950859
leaf_weight=3832 20 28 38 24 23 37 29 27 139 23 20 28 154 31 20 24 244 90 92
leaf_count=3832 20 28 38 24 23 37 29 27 139 23 20 28 154 31 20 24 244 90 92
internal_value=0 0.00105683 0.00521951 0.00776317 0.000718533 0.000862581 0.00522711 0.00145872 0.000408044 0.000814069 0.00587281 0.00229363 0.000288197 0.00580675 -0.00023359 0.000456455 3.07149e-05 -0.000303602 0.00130295
internal_weight=0 1091 82 62 1009 986 93 64 893 754 71 51 683 59 624 470 450 426 182
internal_count=4923 1091 82 62 1009 986 93 64 893 754 71 51 683 59 624 470 450 426 182
is_linear=0
shrinkage=0.05


end of trees

feature_importances:
f_3=95
f_15=62
f_5=61
f_2=55
f_1=50
f_14=46
f_6=22
f_22=20
f_20=19
f_0=18
f_8=15
f_18=15
f_19=15
f_4=12
f_9=10
f_10=10
f_13=10
f_7=9
f_16=9
f_21=6
f_11=4
f_17=4
f_12=3

parameters:
[boosting: gbdt]
[objective: regression]
[metric: binary_logloss]
[tree_learner: serial]
[device_type: cpu]
[data: ]
[valid: ]
[num_iterations: 10]
[learning_rate: 0.05]
[num_leaves: 20]
[num_threads: 0]
[deterministic: 0]
[force_col_wise: 0]
[force_row_wise: 0]
[histogram_pool_size: -1]
[max_depth: -1]
[min_data_in_leaf: 20]
[min_sum_hessian_in_leaf: 0.001]
[bagging_fraction: 0.7]
[pos_bagging_fraction: 1]
[neg_bagging_fraction: 1]
[bagging_freq: 5]
[bagging_seed: 3]
[feature_fraction: 0.9]
[feature_fraction_bynode: 1]
[feature_fraction_seed: 2]
[extra_trees: 0]
[extra_seed: 6]
[early_stopping_round: 0]
[first_metric_only: 0]
[max_delta_step: 0]
[lambda_l1: 0]
[lambda_l2: 0]
[linear_lambda: 0]
[min_gain_to_split: 0]
[drop_rate: 0.1]
[max_drop: 50]
[skip_drop: 0.5]
[xgboost_dart_mode: 0]
[uniform_drop: 0]
[drop_seed: 4]
[top_rate: 0.2]
[other_rate: 0.1]
[min_data_per_group: 100]
[max_cat_threshold: 32]
[cat_l2: 10]
[cat_smooth: 10]
[max_cat_to_onehot: 4]
[top_k: 20]
[monotone_constraints: ]
[monotone_constraints_method: basic]
[monotone_penalty: 0]
[feature_contri: ]
[forcedsplits_filename: ]
[refit_decay_rate: 0.9]
[cegb_tradeoff: 1]
[cegb_penalty_split: 0]
[cegb_penalty_feature_lazy: ]
[cegb_penalty_feature_coupled: ]
[path_smooth: 0]
[interaction_constraints: ]
[verbosity: 0]
[saved_feature_importance_type: 0]
[linear_tree: 0]
[max_bin: 255]
[max_bin_by_feature: ]
[min_data_in_bin: 3]
[bin_construct_sample_cnt: 200000]
[data_random_seed: 1]
[is_enable_sparse: 1]
[enable_bundle: 1]
[use_missing: 1]
[zero_as_missing: 0]
[feature_pre_filter: 1]
[pre_partition: 0]
[two_round: 0]
[header: 0]
[label_column: ]
[weight_column: ]
[group_column: ]
[ignore_column: ]
[categorical_feature: ]
[forcedbins_filename: ]
[precise_float_parser: 0]
[objective_seed: 5]
[num_class: 1]
[is_unbalance: 0]
[scale_pos_weight: 1]
[sigmoid: 1]
[boost_from_average: 1]
[reg_sqrt: 0]
[alpha: 0.9]
[fair_c: 1]
[poisson_max_delta_step: 0.7]
[tweedie_variance_power: 1.5]
[lambdarank_truncation_level: 30]
[lambdarank_norm: 1]
[label_gain: ]
[eval_at: ]
[multi_error_top_k: 1]
[auc_mu_weights: ]
[num_machines: 1]
[local_listen_port: 12400]
[time_out: 120]
[machine_list_filename: ]
[machines: ]
[gpu_platform_id: -1]
[gpu_device_id: -1]
[gpu_use_dp: 0]
[num_gpu: 1]

end of parameters

pandas_categorical:[]
