tree
version=v3
num_class=1
num_tree_per_iteration=1
label_index=0
max_feature_idx=22
objective=regression
feature_names=f_0 f_1 f_2 f_3 f_4 f_5 f_6 f_7 f_8 f_9 f_10 f_11 f_12 f_13 f_14 f_15 f_16 f_17 f_18 f_19 f_20 f_21 f_22
feature_infos=[2.811842593898112e-07:0.0089292451603560918] [2.1333248529010825e-06:0.0055990001705921817] [4.7857545124566229e-06:0.003721014941950642] [0.53000000000000003:6.5599999999999996] [-33.000000000000007:48] [2.4100000000000001:21.82] [-101.00000000000016:144.99999999999994] [-3.0196613872200984:0.53086419753086433] [-81:74] [-46:33.999999999999986] [-51.000000000000021:33.999999999999986] [-33.000000000000007:29.000000000000004] [-41:96.000000000000014] [-36.000000000000007:32.999999999999986] [-0.83999999999999997:2.9100000000000001] [-1.3200000000000001:3.8500000000000001] [-52:73.999999999999972] [-28.000000000000004:24.000000000000004] [-0.29572649572649579:1.1559792027729636] [-0.02958455728073861:0.047292143401983289] [-0.054746473503621829:0.033993115318416534] [-0.078445945945946005:0.045346674363414774] [-0.019984292877423981:0.018327052533256172]
tree_sizes=1799 1850 1873 1849 1879 1882 1888 1879 1865 1881 1902 1893 1875 1869 1883 1891 1886 1920 1865 1895 1883 1900 1882 1880 1896 1897 1881 1871 1879 1905

Tree=0
num_leaves=20
num_cat=0
split_feature=3 14 14 15 15 2 14 15 2 3 1 1 3 3 2 14 15 15 3
split_gain=16.847 9.06459 6.27522 7.6353 4.83066 10.9772 6.84349 6.53196 6.08592 8.66786 5.69005 6.55742 5.16216 4.12788 8.00476 5.16071 4.02622 3.69499 3.57751
threshold=1.4750000000000003 -0.20499999999999999 0.32500000000000007 1.655 0.29500000000000004 7.7682058746477917e-05 0.45500000000000007 2.8650000000000007 0.00018179789135096901 1.7950000000000002 3.1466797917156901e-05 7.4880736801362843e-05 2.0150000000000001 3.0350000000000006 0.00069406867351463257 1.7450000000000003 3.2250000000000005 0.065000000000000016 0.56500000000000006
decision_type=2 2 2 2 2 2 2 2 2 2 2 2 2 2 2 2 2 2 2
left_child=1 17 3 18 5 -2 -7 13 9 10 -9 -12 -10 -6 15 -15 -14 -1 -3
right_child=4 2 -4 -5 7 6 -8 8 12 -11 11 -13 16 14 -16 -17 -18 -19 -20
leaf_value=0.20600225112645701 0.23876434692426399 0.21992270525704968 0.19592682039224549 0.22475225056766346 0.20040422971055724 0.20279555187561887 0.23323439317201877 0.19569640036976552 0.23268494263894313 0.19505351044556066 0.22637725051923469 0.20650628336950019 0.20037725129409506 0.23859153586950632 0.19412725148035959 0.20823439391707682 0.22177259949367328 0.23111799111869036 0.19955025512102284
leaf_weight=32 31 22 1856 32 1112 153 21 47 39 139 75 93 45 28 40 28 43 27 1052
leaf_count=32 31 22 1856 32 1112 153 21 47 39 139 75 93 45 28 40 28 43 27 1052
internal_value=0.200397 0.19809 0.197703 0.200685 0.204105 0.211353 0.206469 0.203225 0.208153 0.204784 0.211075 0.215377 0.217543 0.201263 0.211211 0.223413 0.210832 0.217496 0.199968
internal_weight=0 3021 2962 1106 1894 205 174 1689 481 354 215 168 127 1208 96 56 88 59 1074
internal_count=4915 3021 2962 1106 1894 205 174 1689 481 354 215 168 127 1208 96 56 88 59 1074
is_linear=0
shrinkage=1


Tree=1
num_leaves=20
num_cat=0
split_feature=3 14 14 12 12 2 5 1 3 3 5 4 14 3 5 14 5 1 18
split_gain=15.2044 8.18079 5.66338 4.35024 5.93109 7.30288 5.16929 4.44344 4.23376 3.65927 5.80201 4.26847 3.62747 4.19691 5.93822 2.94489 2.77796 3.47238 2.35935
threshold=1.4750000000000003 -0.20499999999999999 0.32500000000000007 -1 1 8.076451999557259e-05 6.2550000000000008 0.0004192411074517845 3.1350000000000002 3.0350000000000006 16.685000000000006 0.50000000000000611 0.16500000000000004 0.88500000000000012 3.2950000000000004 -0.50499999999999989 6.9750000000000005 6.9161052268933672e-05 -0.024649676845423071
decision_type=2 2 2 2 2 2 2 2 2 2 2 2 2 2 2 2 2 2 2
left_child=1 15 12 9 5 6 -5 16 -6 -2 11 -11 13 14 -3 -1 -7 -18 -14
right_child=3 2 -4 4 8 7 -8 -9 -10 10 -12 -13 18 -15 -16 -17 17 -19 -20
leaf_value=0.0063285002654249025 -0.0015248000896671444 -0.00055128343891902045 -0.0042467719634416805 0.0086353510618209835 -0.00014959845271666694 0.001437425675925675 0.027786905359890725 -0.0063938845115811081 0.012268833240753488 0.0067620823016533481 -0.010064913753582084 0.036686721071600918 0.0081032320988528878 -0.0050943087982503995 0.023355820029973984 0.028828716908509917 0.026590581690626489 0.0082444196492889241 0.00096563069001045436
leaf_weight=33 515 122 1856 69 523 143 72 67 79 26 23 22 170 418 33 26 28 327 363
leaf_count=33 515 122 1856 69 523 143 72 67 79 26 23 22 170 418 33 26 28 327 363
internal_value=0 -0.00219182 -0.00255904 0.00352232 0.00512624 0.0082353 0.0184149 0.00569491 0.00148006 -5.77527e-05 0.0105835 0.0204775 0.000273181 -0.00248854 0.00453862 0.0162438 0.00732131 0.00969144 0.00324216
internal_weight=0 3021 2962 1894 1308 706 141 565 602 586 71 48 1106 573 155 59 498 355 533
internal_count=4915 3021 2962 1894 1308 706 141 565 602 586 71 48 1106 573 155 59 498 355 533
is_linear=0
shrinkage=0.05


Tree=2
num_leaves=20
num_cat=0
split_feature=3 14 3 2 5 3 15 2 14 15 2 3 1 1 3 8 2 14 15
split_gain=13.722 7.38317 5.12487 4.50629 5.02465 4.54053 4.11985 9.14517 5.97468 5.66196 5.36019 7.65951 4.956 5.72322 4.80815 3.86912 3.71842 3.29012 3.03878
threshold=1.4750000000000003 -0.20499999999999999 0.56500000000000006 0.00013633704530260099 5.0650000000000004 0.79500000000000015 0.29500000000000004 7.7682058746477917e-05 0.45500000000000007 2.8650000000000007 0.00018179789135096901 1.7950000000000002 3.1466797917156901e-05 7.4880736801362843e-05 1.885 3.1666666666666736 0.00014087488952148748 0.65500000000000014 0.065000000000000016
decision_type=2 2 2 2 2 2 2 2 2 2 2 2 2 2 2 2 2 2 2
left_child=1 18 -3 -4 5 -5 7 -2 -9 15 11 12 -11 -14 -12 -8 -17 -7 -1
right_child=6 2 3 4 -6 17 9 8 -10 10 14 -13 13 -15 -16 16 -18 -19 -20
leaf_value=0.0050084620714187624 0.035059533965203074 0.017470047972165049 -0.0034716099174637149 -0.0080056416873748489 -0.006269867804854415 0.010352177745766111 -0.00016147468536012414 0.0021497002906269501 0.030590820596331642 -0.0044785862273358287 0.036088202148675919 -0.0051869736783367272 0.024165498038132987 0.0056014444558851184 0.011237610948895946 0.025502768691096991 0.004188020145030398 -0.0065536992567958256 0.027785072613645486
leaf_weight=32 31 32 2491 52 129 225 1104 153 21 47 24 139 75 93 103 28 76 33 27
leaf_count=32 31 32 2491 52 129 225 1104 153 21 47 24 139 75 93 103 28 76 33 27
internal_value=0 -0.00208223 -0.00243109 -0.00264844 0.00202246 0.00547314 0.0033462 0.0100398 0.00558225 0.00253378 0.00712153 0.00396007 0.00987374 0.013889 0.0159338 0.000707036 0.00992661 0.0081898 0.0154317
internal_weight=0 3021 2962 2930 439 310 1894 205 174 1689 481 354 215 168 127 1208 104 258 59
internal_count=4915 3021 2962 2930 439 310 1894 205 174 1689 481 354 215 168 127 1208 104 258 59
is_linear=0
shrinkage=0.05


Tree=3
num_leaves=20
num_cat=0
split_feature=3 14 3 15 14 12 12 1 5 5 3 3 5 2 14 15 15 1 5
split_gain=12.3841 6.99966 7.69229 4.18437 4.83751 3.73561 5.07388 6.37279 4.3301 5.18436 3.72617 3.21745 5.20182 2.85709 6.00037 2.93053 2.84198 5.02317 2.79448
threshold=1.4750000000000003 0.32500000000000007 1.3650000000000004 0.89500000000000013 0.22500000000000003 -1 1 0.00014185563718213231 8.2850000000000019 7.0250000000000012 3.1350000000000002 3.0350000000000006 16.685000000000006 7.5610280971648647e-05 0.8650000000000001 2.0350000000000006 2.8250000000000006 2.3507137979766278e-05 3.1050000000000004
decision_type=2 2 2 2 2 2 2 2 2 2 2 2 2 2 2 2 2 2 2
left_child=1 2 3 -1 -5 11 7 8 9 13 -8 -2 -13 14 -7 -16 18 -18 -3
right_child=5 16 -4 4 -6 6 10 -9 -10 -11 -12 12 -14 -15 15 -17 17 -19 -20
leaf_value=-0.0014471299280931038 -0.0015142741625748793 0.0014963108054279577 0.015361279668821688 0.021367378871549259 0.0021297739305364805 0.033790610525114784 -0.00023607174735908073 0.0026676889335693317 -0.0060200695445140201 0.021458195984587633 0.01141418379884732 0.019207856586823863 -0.0097117334604263309 0.002563944681710804 -0.0044332994613796471 0.015756744473445706 0.022589577227830889 -0.0012517912960366201 -0.0052922526313720838
leaf_weight=907 515 169 87 44 127 29 523 344 30 133 79 48 23 97 32 41 25 190 1472
leaf_count=907 515 169 87 44 127 29 523 344 30 133 79 48 23 97 32 41 25 190 1472
internal_value=0 -0.00197812 0.00105968 -9.45277e-05 0.0070798 0.00317889 0.00466519 0.00754081 0.0121716 0.0138155 0.00129278 -0.000138642 0.00983954 0.00870749 0.0145499 0.00690631 -0.00388492 0.00152046 -0.00459313
internal_weight=0 3021 1165 1078 171 1894 1308 706 362 332 602 586 71 199 102 73 1856 215 1641
internal_count=4915 3021 1165 1078 171 1894 1308 706 362 332 602 586 71 199 102 73 1856 215 1641
is_linear=0
shrinkage=0.05


Tree=4
num_leaves=20
num_cat=0
split_feature=3 15 2 15 2 3 1 15 3 3 2 8 15 15 2 6 1 2 15
split_gain=11.186 6.93293 6.71826 5.6857 4.90456 6.31308 5.2036 4.98664 4.5172 4.48106 4.34657 3.89316 3.50586 3.42882 3.30885 3.14353 3.09367 3.01789 3.235
threshold=1.3450000000000004 0.25500000000000006 7.7682058746477917e-05 2.8650000000000007 0.00018179789135096901 1.7950000000000002 2.7290297308189564e-05 3.5450000000000004 0.56500000000000006 2.0150000000000001 0.00031628170679248859 3.1666666666666736 3.4550000000000005 0.065000000000000016 0.00014087488952148748 -3.9999999999999365 0.00043498491542526724 0.00013633704530260099 1.5425000000000002
decision_type=2 2 2 2 2 2 2 2 2 2 2 2 2 2 2 2 2 2 2
left_child=8 2 -2 11 5 6 -5 15 -1 -6 13 -3 16 -4 -13 -8 -11 -10 -19
right_child=1 3 10 4 9 -7 7 -9 17 12 -12 14 -14 -15 -16 -17 -18 18 -20
leaf_value=0.016462192684412003 0.031964074401184921 -0.00065327983132297258 0.0054837968304892563 -0.005760148972272873 0.02887954423442865 -0.0050271656551807049 -0.0029334990866482259 0.033198671162128449 -0.0031127458444069568 -0.0063938321784520764 -0.007690224204307948 0.020232748370617629 0.024816142457226912 0.02041632321973642 0.0032414101801886419 0.013376539530216065 0.016137917935848237 0.00037450507653425942 0.017286155420926312
leaf_weight=32 32 1406 107 50 39 139 40 25 2251 39 39 40 24 60 101 113 25 322 31
leaf_count=32 32 1406 107 50 39 139 40 25 2251 39 39 40 24 60 101 113 25 322 31
internal_value=0 0.00257404 0.0106499 0.00163231 0.00630237 0.00337164 0.00849197 0.0124954 -0.00220923 0.0147715 0.00733897 0.000141035 0.00851904 0.0108488 0.00806165 0.00911248 0.00240763 -0.00243868 0.00185966
internal_weight=0 2279 238 2041 494 367 228 178 2636 127 206 1547 88 167 141 153 64 2604 353
internal_count=4915 2279 238 2041 494 367 228 178 2636 127 206 1547 88 167 141 153 64 2604 353
is_linear=0
shrinkage=0.05


Tree=5
num_leaves=20
num_cat=0
split_feature=3 3 1 3 3 14 3 5 1 14 5 3 14 14 3 14 3 5 5
split_gain=11.9127 4.63483 4.40839 4.12421 5.29379 6.00637 5.10747 3.65852 3.79346 3.58253 3.45814 6.09963 6.51364 4.20734 4.39775 4.06759 7.49299 3.90112 5.00317
threshold=1.3350000000000002 0.56500000000000006 3.7209050673793614e-05 0.74500000000000011 0.87500000000000011 0.20500000000000004 0.77500000000000013 4.5050000000000008 4.91761749084991e-05 0.15500000000000003 6.4850000000000012 1.7750000000000001 1.9550000000000003 2.5450000000000004 2.0150000000000001 -0.084999999999999978 1.5150000000000003 6.8250000000000011 8.1950000000000021
decision_type=2 2 2 2 2 2 2 2 2 2 2 2 2 2 2 2 2 2 2
left_child=1 -1 -2 -3 5 6 -5 9 -9 -4 13 12 17 14 15 16 -10 -12 -19
right_child=2 3 7 4 -6 -7 -8 8 10 -11 11 -13 -14 -15 -16 -17 -18 18 -20
leaf_value=0.016660038309712563 -0.0030615359103753933 -0.0065965440685069703 0.030739091443164009 -0.0011125819190688755 -0.002476552480316543 -0.0016791317525298097 0.027744641997244048 0.011188531739096489 0.019482859560087617 0.0077295601796144725 -0.0027250463312322448 0.0019397096824123276 -0.0015128573030233385 0.0097506940104933673 0.014885587700539167 -0.0057022549730124808 -0.0039142231743496195 0.024408377061731049 -0.00074795993665854139
leaf_weight=31 321 558 21 23 1880 86 46 124 51 87 22 821 70 86 36 417 104 112 24
leaf_count=31 321 558 21 23 1880 86 46 124 51 87 22 821 70 86 36 417 104 112 24
internal_value=0 -0.00255872 0.00237291 -0.00278848 -0.0017443 0.00713715 0.0181256 0.00325618 0.0027386 0.0122036 0.00213746 0.00394894 0.0111839 -0.000600653 -0.00206482 -0.00313163 0.00378417 0.0168091 0.019969
internal_weight=0 2624 2296 2593 2035 155 69 1975 1867 108 1743 1049 228 694 608 572 155 158 136
internal_count=4920 2624 2296 2593 2035 155 69 1975 1867 108 1743 1049 228 694 608 572 155 158 136
is_linear=0
shrinkage=0.05


Tree=6
num_leaves=20
num_cat=0
split_feature=3 15 1 15 14 3 3 14 15 3 3 5 2 14 5 15 3 3 3
split_gain=10.754 5.08639 7.00837 4.72689 9.05793 4.11034 4.00577 6.09386 13.8081 6.26725 4.36102 4.19257 3.73933 4.43236 6.88451 3.75468 7.61058 3.56957 3.73805
threshold=1.3950000000000002 0.25500000000000006 0.00015623240502877277 2.8650000000000007 2.1650000000000005 0.56500000000000006 0.74500000000000011 0.75500000000000012 1.5425000000000002 0.87500000000000011 0.81500000000000006 3.1050000000000004 0.00025539049897632785 0.16500000000000004 3.2850000000000006 0.10500000000000002 1.1850000000000003 3.0350000000000006 5.4250000000000016
decision_type=2 2 2 2 2 2 2 2 2 2 2 2 2 2 2 2 2 2 2
left_child=5 2 -2 17 -5 -1 -7 8 9 10 -8 -9 13 -11 -15 16 -16 -3 -19
right_child=1 3 -4 4 -6 6 7 11 -10 12 -12 -13 -14 14 15 -17 -18 18 -20
leaf_value=0.01582703657688633 0.01885866420870682 -0.00050855465289769753 0.00030935731317315788 0.01605214039912287 0.0014006823407752174 -0.0062667167875715482 0.0017334836047320141 0.0082686379924416555 0.025266226746819238 -0.005903316609246631 0.024801810290664434 -0.0053828190340098406 0.012316634583597382 0.023281064722687008 0.030014176872269861 -0.0019574365830066264 -0.0029783120548183273 0.021156288105994465 0.0010679871114817534
leaf_weight=31 106 1320 98 151 350 558 42 60 55 426 40 898 48 32 29 537 44 40 55
leaf_count=31 106 1320 98 151 350 558 42 60 55 426 40 898 48 32 29 537 44 40 55
internal_value=0 0.00244205 0.00994772 0.00164291 0.00581659 -0.00227847 -0.00248117 -0.00152579 0.000769452 -0.000355192 0.0129863 -0.00452782 -0.00133548 -0.00194906 0.000674791 -0.000511112 0.0101283 0.000165158 0.00952622
internal_weight=0 2120 204 1916 501 2800 2769 2211 1253 1198 82 958 1116 1068 642 610 73 1415 95
internal_count=4920 2120 204 1916 501 2800 2769 2211 1253 1198 82 958 1116 1068 642 610 73 1415 95
is_linear=0
shrinkage=0.05


Tree=7
num_leaves=20
num_cat=0
split_feature=3 15 0 15 14 3 2 3 3 14 3 3 3 5 14 3 5 2 15
split_gain=9.72306 4.3609 5.9015 4.4708 8.17478 3.77603 3.37885 3.35495 4.23474 5.12232 4.30278 3.24503 3.67275 3.48108 3.90714 3.17222 3.20285 2.85338 2.14803
threshold=1.3350000000000002 0.25500000000000006 0.00015117927769747142 2.8650000000000007 2.1650000000000005 0.56500000000000006 0.00019431273379102616 0.74500000000000011 0.87500000000000011 0.20500000000000004 0.77500000000000013 3.0950000000000002 5.4250000000000016 4.4050000000000011 1.7650000000000003 1.7750000000000001 8.0950000000000006 0.00027109543416519263 -0.21499999999999997
decision_type=2 2 2 2 2 2 2 2 2 2 2 2 2 2 2 2 2 2 2
left_child=5 2 -2 11 6 -1 15 -7 9 10 -9 13 -13 14 -3 16 -5 18 -10
right_child=1 3 -4 4 -6 7 -8 8 17 -11 -12 12 -14 -15 -16 -17 -18 -19 -20
leaf_value=0.015035684695166926 0.015703420810974561 0.014640615292837923 -0.0004076615639842383 0.024624325384696326 0.0013306482647146498 -0.0059533810116163717 0.026913111623037944 -0.0011436269983001377 -0.0083490083440088889 -0.001775115503128185 0.025342987008068876 0.02138863801956177 0.0010145875540646639 -0.0011059940007281408 -0.0090715003402336777 -0.0018945710361003877 0.0028414062051861375 0.016095463718686785 -0.0019501823990513022
leaf_weight=31 130 71 101 45 350 558 44 23 142 86 46 37 55 1378 23 35 27 21 1717
leaf_count=31 130 71 101 45 350 558 44 23 142 86 46 37 55 1378 23 35 27 21 1717
internal_value=0 0.00214401 0.00865918 0.00141519 0.00552576 -0.00231139 0.0152495 -0.00251878 -0.001577 0.00636654 0.0165141 9.84408e-05 0.0092085 -0.000470938 0.00883871 0.0104533 0.0164557 -0.00223192 -0.00243896
internal_weight=0 2296 231 2065 501 2624 151 2593 2035 155 69 1564 92 1472 94 107 72 1880 1859
internal_count=4920 2296 231 2065 501 2624 151 2593 2035 155 69 1564 92 1472 94 107 72 1880 1859
is_linear=0
shrinkage=0.05


Tree=8
num_leaves=20
num_cat=0
split_feature=3 15 1 15 14 14 15 5 2 3 0 3 5 5 15 3 3 2 5
split_gain=8.80976 4.17218 5.9646 3.841 7.37774 3.58046 6.73222 3.1205 3.04942 2.90905 3.36982 2.86293 2.89057 2.51824 2.52539 2.35274 2.336 2.31737 4.00941
threshold=1.3950000000000002 0.25500000000000006 0.00015623240502877277 2.8650000000000007 2.1650000000000005 0.31500000000000006 1.7350000000000001 2.5950000000000002 0.00019431273379102616 3.0350000000000006 0.00031502635146905876 1.7750000000000001 8.0950000000000006 4.4050000000000011 0.76500000000000012 1.7550000000000001 5.4250000000000016 7.9273110872304147e-05 6.0650000000000004
decision_type=2 2 2 2 2 2 2 2 2 2 2 2 2 2 2 2 2 2 2
left_child=5 2 15 9 8 6 7 -1 11 13 -11 12 -5 14 -3 17 -12 -2 -19
right_child=1 3 -4 4 -6 -7 -8 -9 -10 10 16 -13 -14 -15 -16 -17 -18 18 -20
leaf_value=0.013117509262590874 0.027386188152290526 0.020434501660721645 0.00011699379098658658 0.023393108910984464 0.0012641155911343438 -0.0035009349283574259 0.026926539060862172 -0.00094653728957806162 0.025567455691370096 0.025267249507748564 0.015632000237703322 -0.0017998424598148891 0.0026993360784318713 -0.00096207740076909823 0.00085599344223737713 0.030637734234333039 -0.0032850780861174811 0.021451015564902077 -0.0044135869270370857
leaf_weight=41 21 28 98 45 350 1699 23 1037 44 23 25 35 27 1252 40 25 47 29 31
leaf_count=41 21 28 98 45 350 1699 23 1037 44 23 25 35 27 1252 40 25 47 29 31
internal_value=0 0.00221094 0.00900871 0.00148717 0.00524947 -0.00206161 0.000159463 -0.000411634 0.0144871 0.000155076 0.00860577 0.00993063 0.0156329 -0.000453118 0.00891773 0.0172294 0.00328335 0.013091 0.00808764
internal_weight=0 2120 204 1916 501 2800 1101 1078 151 1415 95 107 72 1320 68 106 72 81 60
internal_count=4920 2120 204 1916 501 2800 1101 1078 151 1415 95 107 72 1320 68 106 72 81 60
is_linear=0
shrinkage=0.05


Tree=9
num_leaves=20
num_cat=0
split_feature=3 15 2 15 14 3 3 3 14 3 2 3 5 14 3 2 2 0 2
split_gain=7.96052 3.6525 3.9393 3.76353 6.65841 3.33494 2.97072 3.79208 4.51466 3.84091 2.7521 2.72257 3.0312 3.44872 3.00688 2.65938 2.61571 3.69256 2.58648
threshold=1.3350000000000002 0.29500000000000004 7.9273110872304147e-05 2.8650000000000007 2.1650000000000005 0.56500000000000006 0.74500000000000011 0.87500000000000011 0.20500000000000004 0.77500000000000013 0.00019431273379102616 3.0950000000000002 4.4050000000000011 1.7650000000000003 5.4250000000000016 0.00031628170679248859 0.00022520425748149455 0.00015565388038016076 0.00025539049897632785
decision_type=2 2 2 2 2 2 2 2 2 2 2 2 2 2 2 2 2 2 2
left_child=5 2 -2 11 10 -1 -7 8 9 -8 -5 12 13 -3 -13 16 -4 -18 -9
right_child=1 3 15 4 -6 6 7 18 -10 -11 -12 14 -14 -15 -16 -17 17 -19 -20
leaf_value=0.014211555738602916 0.023647689887068488 0.013712676869971411 0.0023855163071018 0.0094340991333266289 0.0012009099445172719 -0.0055177327539224358 -0.0010391190972017207 -0.0022431896552162051 -0.0015261638563039692 0.023985582120392635 0.024289083548567514 0.019355317507241225 -0.0011395124160306037 -0.0086038956499618034 0.00092045874758200214 -0.0063683165464459403 0.02550910306282533 0.0044889893631140394 0.013344565861754948
leaf_weight=31 33 70 104 107 350 558 23 1853 86 46 44 37 1348 23 55 41 39 45 27
leaf_count=31 33 70 104 107 350 558 23 1853 86 46 44 37 1348 23 55 41 39 45 27
internal_value=0 0.00194051 0.00749705 0.00122478 0.004987 -0.00209088 -0.00228578 -0.00139958 0.00611734 0.015644 0.0137627 -4.75732e-06 -0.000537172 0.00819352 0.00833448 0.00516966 0.00768592 0.0142483 -0.00201932
internal_weight=0 2296 262 2034 501 2624 2593 2035 155 69 151 1533 1441 93 92 229 188 84 1880
internal_count=4920 2296 262 2034 501 2624 2593 2035 155 69 151 1533 1441 93 92 229 188 84 1880
is_linear=0
shrinkage=0.05


Tree=10
num_leaves=20
num_cat=0
split_feature=3 14 3 15 14 15 15 1 1 4 2 15 14 15 2 3 12 14 15
split_gain=6.26248 4.46349 4.45453 3.26307 4.18744 3.19817 2.57091 4.47789 2.53374 2.49183 3.97693 4.14067 4.62352 3.78488 3.39011 2.64432 2.98469 2.34636 3.96969
threshold=1.4750000000000003 0.32500000000000007 1.3650000000000004 0.89500000000000013 0.22500000000000003 3.5850000000000004 2.8250000000000006 2.3507137979766278e-05 4.8118927575405085e-05 -0.99999999999998412 0.00023822684534959994 0.74500000000000011 0.51500000000000012 3.1150000000000007 7.22525912309261e-05 3.0250000000000004 -1.0000000180025095e-35 0.81500000000000006 1.6150000000000004
decision_type=2 2 2 2 2 2 2 2 2 2 2 2 2 2 2 2 2 2 2
left_child=1 2 3 -1 -5 9 17 -8 -7 -2 11 12 14 -12 -11 16 -13 18 -3
right_child=5 6 -4 4 -6 8 7 -9 -10 10 13 15 -14 -15 -16 -17 -18 -19 -20
leaf_value=-0.00097531966018965912 -0.00054404978463397228 -0.0027676279117663702 0.011980692571264575 0.019847562299533328 0.0019491693870289121 0.00066623046346332715 0.022182845413684846 -0.00032735502641451986 0.021799270063638687 0.026976796388626101 -0.0026729501948371676 -0.0010501670633954756 0.03079884817887997 0.018332984006923177 0.0042186562634176682 0.019920194211105507 0.0056866717876857551 -0.0054326271475607767 0.0090842026739548411
leaf_weight=907 642 750 87 44 127 23 25 190 37 20 317 271 29 23 90 24 418 813 78
leaf_count=907 642 750 87 44 127 23 25 190 37 20 317 271 29 23 90 24 418 813 78
internal_value=0 -0.00132836 0.00109746 0.00021913 0.0065546 0.00233889 -0.00285103 0.00229011 0.0136983 0.00196726 0.00331983 0.00514425 0.0130387 -0.00125196 0.0083565 0.00360521 0.00303691 -0.00352461 -0.00165115
internal_weight=0 3021 1165 1078 171 1894 1856 215 60 1834 1192 852 139 340 110 713 689 1641 828
internal_count=4915 3021 1165 1078 171 1894 1856 215 60 1834 1192 852 139 340 110 713 689 1641 828
is_linear=0
shrinkage=0.05


Tree=11
num_leaves=20
num_cat=0
split_feature=3 14 15 15 14 15 15 1 5 5 0 1 14 15 3 5 15 1 8
split_gain=5.65189 4.0283 4.12831 2.88635 2.83509 2.51685 2.32024 4.0413 2.41526 2.34116 3.06752 2.2867 2.27189 3.51088 2.38159 3.48787 2.21987 5.18582 2.89579
threshold=1.4750000000000003 0.32500000000000007 1.655 3.5850000000000004 -0.20499999999999999 0.065000000000000016 2.8250000000000006 2.3507137979766278e-05 3.9450000000000007 3.1050000000000004 8.9476048187949245e-05 4.8118927575405085e-05 0.75500000000000012 1.6050000000000002 0.89500000000000013 3.3550000000000004 0.29500000000000004 0.00018543045080249507 3.0000000000000022
decision_type=2 2 2 2 2 2 2 2 2 2 2 2 2 2 2 2 2 2 2
left_child=1 2 4 16 5 -1 9 -8 -9 10 -3 -5 13 14 -11 -16 17 -2 -18
right_child=3 6 -4 11 -6 -7 7 8 -10 12 -12 -13 -14 -15 15 -17 18 -19 -20
leaf_value=0.0017103990283794702 0.013808618537422303 0.0071509147552311966 0.018565660648047926 0.00062658966429855517 -4.3406387718196691e-05 0.022231626942753793 0.020862965105473995 0.01436985386442393 -0.0024299586960170646 -0.0060290828696260715 -0.0067855854716151959 0.020502213519771356 -0.0056352047089487317 0.0096849373977631326 0.019762415435697352 -0.0012127228750915603 0.00062467645702658694 -0.0020205392556507953 0.0083261988148666342
leaf_weight=32 113 109 32 23 1074 27 25 24 166 292 60 37 840 60 21 259 1499 92 130
leaf_count=32 113 109 32 23 1074 27 25 24 166 292 60 37 840 60 21 259 1499 92 130
internal_value=0 -0.00124932 0.00103216 0.00219972 0.000536953 0.0111015 -0.00268139 0.00215385 -0.000307877 -0.00331489 0.00220304 0.0128832 -0.00394841 -0.00170646 -0.00290136 0.000360412 0.00185021 0.0067048 0.00123929
internal_weight=0 3021 1165 1894 1133 59 1856 215 190 1641 169 60 1472 632 572 280 1834 205 1629
internal_count=4915 3021 1165 1894 1133 59 1856 215 190 1641 169 60 1472 632 572 280 1834 205 1629
is_linear=0
shrinkage=0.0495


Tree=12
num_leaves=20
num_cat=0
split_feature=3 14 15 15 14 15 4 2 15 14 15 2 3 3 15 15 13 2 15
split_gain=5.1062 3.63937 3.72973 2.60767 2.56136 2.27385 2.22989 3.54954 3.46254 4.27241 3.39467 2.97389 2.37834 2.68426 3.63805 2.66647 2.53792 2.18722 3.97058
threshold=1.4750000000000003 0.32500000000000007 1.655 3.5850000000000004 -0.20499999999999999 0.065000000000000016 -0.99999999999998412 0.00023822684534959994 0.74500000000000011 0.51500000000000012 3.1150000000000007 7.22525912309261e-05 3.0250000000000004 1.7550000000000001 1.9550000000000003 2.1350000000000002 -1.0000000180025095e-35 0.00039476482329121225 1.6725000000000001
decision_type=2 2 2 2 2 2 2 2 2 2 2 2 2 2 2 2 2 2 2
left_child=1 2 4 6 5 -1 17 8 9 11 -9 -8 13 14 16 -16 -10 -2 -19
right_child=3 -3 -4 -5 -6 -7 7 10 12 -11 -12 -13 -14 -15 15 -17 -18 18 -20
leaf_value=0.001609477092192974 -0.0017047201410592726 -0.0025231748876376235 0.01747019353700336 0.012123049795746804 -4.0845187636893557e-05 0.020919849610626696 0.024441269074425103 -0.0025570862512927419 -0.008796150922894477 0.028492576226013998 0.016940681844852541 0.0035500977741256359 0.018469804339790716 -0.00066542720569150626 0.021424236079788692 0.007074820114301948 0.0043570387627830613 -0.010654833629264131 0.013185774675575235
leaf_weight=32 557 1856 32 60 1074 27 20 317 55 29 23 90 24 304 37 195 98 23 62
leaf_count=32 557 1856 32 60 1074 27 20 317 55 29 23 90 24 304 37 195 98 23 62
internal_value=0 -0.0011756 0.00097126 0.00206993 0.00050527 0.0104464 0.00174104 0.00299508 0.00468438 0.0117598 -0.00123812 0.00734849 0.00330501 0.00277678 0.00549477 0.0093633 -0.000371232 -0.00058734 0.00673479
internal_weight=0 3021 1165 1894 1133 59 1834 1192 852 139 340 110 713 689 385 232 153 642 85
internal_count=4915 3021 1165 1894 1133 59 1834 1192 852 139 340 110 713 689 385 232 153 642 85
is_linear=0
shrinkage=0.049005


Tree=13
num_leaves=20
num_cat=0
split_feature=3 2 5 3 5 14 2 3 15 14 15 2 15 3 12 12 1 16 8
split_gain=4.618 3.30326 3.93017 3.52861 3.46342 3.0778 2.43433 3.97294 2.40302 4.11187 2.59506 2.44566 2.35836 2.1708 2.12477 3.30277 3.90026 2.91878 2.66924
threshold=1.4750000000000003 0.00013083847145797933 5.0450000000000008 0.79500000000000015 2.7250000000000005 0.65500000000000014 9.7531323796986075e-05 0.88500000000000012 -0.21499999999999997 0.15500000000000003 1.5425000000000002 0.00018179789135096901 3.5850000000000004 1.2650000000000003 -1.0000000180025095e-35 1 0.0004192411074517845 13.99999999999998 2.9999999999999996
decision_type=2 2 2 2 2 2 2 2 2 2 2 2 2 2 2 2 2 2 2
left_child=1 4 3 -3 6 8 7 -1 -5 -10 11 13 14 -11 -2 16 17 -16 -17
right_child=12 2 -4 5 -6 -7 -8 -9 9 10 -12 -13 -14 -15 15 18 -18 -19 -20
leaf_value=0.01635810233945735 -0.00073195310633740018 -0.0061736031909526892 -0.0041549896554883741 -0.0021179210902347013 -0.0022465906762868153 -0.0053989063413706056 -0.0074570906013708121 -0.0042586623185366396 0.022910883505791756 0.0042472996750837193 0.018302274561014156 -0.0029975736351979805 0.011413670131058134 0.021416283485753376 0.0069997019639656804 -0.0010976174143072705 -0.0060859064396660782 -0.011004626337551327 0.0094920005011522347
leaf_weight=66 599 55 151 39 2381 40 25 33 52 52 40 61 60 26 578 506 66 22 63
leaf_count=66 599 55 151 39 2381 40 25 33 52 52 40 61 60 26 578 506 66 22 63
internal_value=0 -0.00110681 0.00242787 0.00515119 -0.00183491 0.00716043 0.00606993 0.00948585 0.00902107 0.0109017 0.00741297 0.00427936 0.00194881 0.00997029 0.00163916 0.0027892 0.00510819 0.00633954 7.4871e-05
internal_weight=0 3021 516 365 2505 310 124 99 270 231 179 139 1894 78 1834 1235 666 600 569
internal_count=4915 3021 516 365 2505 310 124 99 270 231 179 139 1894 78 1834 1235 666 600 569
is_linear=0
shrinkage=0.048515


Tree=14
num_leaves=20
num_cat=0
split_feature=15 2 14 2 15 3 14 15 3 2 5 2 3 5 3 1 15 15 6
split_gain=4.43649 4.16822 4.72101 3.38448 4.45946 3.17091 3.14293 9.38091 6.05016 4.00019 5.50064 5.07238 3.44735 5.34905 3.11928 2.84039 2.6622 2.64834 2.41907
threshold=2.8250000000000006 6.6035743950678717e-05 -0.17499999999999996 0.00018179789135096901 3.1150000000000007 1.7950000000000002 1.2950000000000002 2.0050000000000003 1.9950000000000003 0.00031628170679248859 7.4750000000000005 0.00011929653360469152 2.0250000000000004 5.0450000000000008 1.885 5.0401366048850608e-05 3.4550000000000005 0.44500000000000006 7.9999999999999858
decision_type=2 2 2 2 2 2 2 2 2 2 2 2 2 2 2 2 2 2 2
left_child=1 2 -1 4 15 -6 7 9 -8 10 12 -12 13 -3 -5 -2 -16 -13 -10
right_child=3 6 -4 14 5 -7 8 -9 18 -11 11 17 -14 -15 16 -17 -18 -19 -20
leaf_value=0.01942578061036929 0.021219132547953917 0.0029224871409397027 -0.0024680414303576764 0.023983757098077419 0.0022435744774710639 -0.0066874608296921666 -0.0057269007757485375 0.02960183037734538 0.0052688560939088396 -0.0048240823132753487 0.023095545669062568 0.013220309962952587 0.017473331845893742 -0.0044705406100002754 0.0025644321483420064 0.0052474061555605649 0.020655863081831271 -0.0026237411369497677 -0.0045395409545678717
leaf_weight=23 37 861 1868 30 330 127 401 28 256 198 53 45 30 306 86 84 24 53 75
leaf_count=23 37 861 1868 30 330 127 401 28 256 198 53 45 30 306 86 84 24 53 75
internal_value=0 -0.000530273 -0.00220175 0.00355537 0.00193246 -0.000238354 0.000840396 0.00204961 -0.00175973 0.0015506 0.00248694 0.0111253 0.00139722 0.000983955 0.0102557 0.0101313 0.00651165 0.00465159 0.00304641
internal_weight=0 4197 1891 718 578 457 2306 1574 732 1546 1348 151 1197 1167 140 121 110 98 331
internal_count=4915 4197 1891 718 578 457 2306 1574 732 1546 1348 151 1197 1167 140 121 110 98 331
is_linear=0
shrinkage=0.0480298


Tree=15
num_leaves=20
num_cat=0
split_feature=3 3 1 1 5 14 15 3 5 3 10 3 3 3 14 3 5 2 3
split_gain=4.88576 2.63079 2.59718 2.70874 2.68973 2.90495 2.5352 3.79147 4.22107 3.80842 2.92335 3.35919 2.51106 3.26145 3.77135 3.3328 2.45866 5.92829 3.74839
threshold=1.3350000000000002 0.56500000000000006 3.7209050673793614e-05 4.91761749084991e-05 4.5050000000000008 0.15500000000000003 2.8650000000000007 2.1450000000000005 8.5950000000000006 3.3350000000000004 0.50000000000005607 1.7950000000000002 0.74500000000000011 0.87500000000000011 0.20500000000000004 0.77500000000000013 6.4850000000000012 0.00013633704530260099 2.0150000000000001
decision_type=2 2 2 2 2 2 2 2 2 2 2 2 2 2 2 2 2 2 2
left_child=1 -1 -2 -4 5 -5 16 8 10 -9 11 -8 -3 14 15 -14 18 -18 -6
right_child=2 12 3 4 6 -7 7 9 -10 -11 -12 -13 13 -15 -16 -17 17 -19 -20
leaf_value=0.012185962279973822 -0.0025471487366073753 -0.0045742274201844499 0.008415310113115148 0.025056397881545543 -0.0030509600783033626 0.0048923525497993935 0.016452618518228143 -0.0080648404252443729 0.027246273646203887 0.0083351817866033177 0.0003400342112544766 0.00046748760654025714 -0.00084252889203381015 -0.0015201973431455528 -0.00098769300301170915 0.021325777980528014 0.0097914336875952485 -0.00032383448413356115 0.012775230709897133
leaf_weight=31 321 558 141 21 563 70 84 86 23 51 113 46 23 1880 86 46 170 571 36
leaf_count=31 321 558 141 21 563 70 84 86 23 51 113 46 23 1880 86 46 170 571 36
internal_value=0 -0.00158383 0.00141967 0.0020644 0.00157614 0.00954559 0.00116006 0.00446683 0.00777674 -0.00195972 0.00593394 0.0107963 -0.00174845 -0.000973614 0.00565591 0.0139363 0.000165561 0.00199681 -0.0020998
internal_weight=0 2624 2296 1975 1834 91 1743 403 266 137 243 130 2593 2035 155 69 1340 741 599
internal_count=4920 2624 2296 1975 1834 91 1743 403 266 137 243 130 2593 2035 155 69 1340 741 599
is_linear=0
shrinkage=0.0475495


Tree=16
num_leaves=20
num_cat=0
split_feature=3 15 0 15 14 5 3 1 3 3 5 1 3 15 1 3 3 14 3
split_gain=4.43217 2.4771 2.76762 2.4025 9.95164 3.59227 2.38655 2.28672 3.23702 3.13363 3.59464 3.12185 4.13369 2.92138 2.72916 2.27794 2.95867 3.42122 3.02339
threshold=1.3350000000000002 0.29500000000000004 0.00015117927769747142 1.9750000000000003 1.3150000000000002 4.4050000000000011 0.56500000000000006 0.00023830692300742999 2.3450000000000002 3.0050000000000003 16.830000000000002 0.00053737710335938812 2.0850000000000004 2.9150000000000005 0.00059874566246757713 0.74500000000000011 0.87500000000000011 0.20500000000000004 0.77500000000000013
decision_type=2 2 2 2 2 2 2 2 2 2 2 2 2 2 2 2 2 2 2
left_child=6 2 -2 5 -5 -3 -1 -6 11 -10 14 12 13 -9 -11 -8 17 18 -17
right_child=1 3 -4 4 7 -7 15 8 9 10 -12 -13 -14 -15 -16 16 -18 -19 -20
leaf_value=0.011490460637650369 0.0099261076231730618 0.0094919696506096073 0.00017672410930669904 0.029876963340692609 0.00019664258290660077 -0.0020275116621776869 -0.0043131579288048106 -0.0047083213348241499 -0.0078389042220289185 0.0026718481352466408 -0.0067540588321278712 -0.0065166870410150448 0.025539975897474011 0.014914906539797624 0.019290512773392877 -0.00079444237977421232 -0.0014334335798579926 -0.0009313213494342845 0.020108630365296837
leaf_weight=31 147 65 115 28 845 778 558 29 61 47 39 20 41 40 41 23 1880 86 46
leaf_count=31 147 65 115 28 845 778 558 29 61 47 39 20 41 40 41 23 1880 86 46
internal_value=0 0.00133864 0.0056468 0.000783706 0.00214482 -0.0011393 -0.00149343 0.00147715 0.00487977 0.000930353 0.00514236 0.0105912 0.0137018 0.00666746 0.0104146 -0.00164866 -0.000918046 0.0053331 0.0131409
internal_weight=0 2296 262 2034 1191 843 2624 1163 318 188 127 130 110 69 88 2593 2035 155 69
internal_count=4920 2296 262 2034 1191 843 2624 1163 318 188 127 130 110 69 88 2593 2035 155 69
is_linear=0
shrinkage=0.047074


Tree=17
num_leaves=20
num_cat=0
split_feature=3 22 22 3 3 3 14 2 15 14 15 3 14 10 22 14 15 3 6
split_gain=4.02471 2.2745 2.27635 2.16715 2.06852 2.68667 3.11422 2.39186 2.08821 2.35183 8.00194 2.72984 3.87763 2.01607 2.22939 1.93671 4.67077 7.28365 1.84804
threshold=1.3350000000000002 0.0040813817885165813 0.00033499545387361001 0.56500000000000006 0.74500000000000011 0.87500000000000011 0.085000000000000006 0.00027109543416519263 -0.21499999999999997 0.65500000000000014 1.5550000000000004 0.9850000000000001 1.0150000000000003 -6.0000000000000266 7.2480837881139251e-05 0.16500000000000004 0.14500000000000005 1.1850000000000003 3.2500000000000644
decision_type=2 2 2 2 2 2 2 2 2 2 2 2 2 2 2 2 2 2 2
left_child=3 2 13 -1 -5 6 -6 8 -7 10 15 12 -11 14 18 -10 17 -17 -2
right_child=1 -3 -4 4 5 7 -8 -9 9 11 -12 -13 -14 -15 -16 16 -18 -19 -20
leaf_value=0.010840062855174764 0.0010160532161813582 0.012421385020142593 -0.0018552069116968353 -0.0040690191120532383 0.014464388248462674 -0.0069602795235808815 0.00040535924955289755 0.014287651410226511 -0.0034453969988322195 0.017688419523748611 0.023489463656434891 -0.0047214189683465165 -0.00087723375771813058 0.0012298167174173336 -0.0066030755896724436 0.026890452543453999 -0.00038595922672347231 -0.0016292778990948486 0.010735523399476816
leaf_weight=31 62 39 460 558 51 142 104 21 277 27 32 560 257 1573 27 37 486 41 135
leaf_count=31 62 39 460 558 51 142 104 21 277 27 32 560 257 1573 27 37 486 41 135
internal_value=0 0.00126287 0.00107006 -0.0014089 -0.00155534 -0.000866082 0.00503123 -0.0013523 -0.00152897 -0.00107979 0.000616103 -0.00283395 0.000887811 0.00181887 0.00595539 -0.000254227 0.00131307 0.0118993 0.0076766
internal_weight=0 2296 2257 2624 2593 2035 155 1880 1859 1717 873 844 284 1797 224 841 564 78 197
internal_count=4920 2296 2257 2624 2593 2035 155 1880 1859 1717 873 844 284 1797 224 841 564 78 197
is_linear=0
shrinkage=0.0466033


Tree=18
num_leaves=20
num_cat=0
split_feature=1 5 22 15 14 9 5 2 22 11 14 15 1 5 0 5 5 1 1
split_gain=3.84062 3.27363 3.112 2.16769 4.1702 2.07091 1.65573 3.87968 2.15531 1.8667 1.72682 4.70104 2.6779 2.70658 1.65172 1.62749 1.61847 1.59888 1.54802
threshold=3.7733710973342312e-05 2.6250000000000004 0.0037621032367426426 3.3850000000000002 1.925 -0.99999999999998412 6.4850000000000012 9.0651917924436585e-05 0.00010872060028055409 -9.9999999999999947 1.155 1.6250000000000002 4.9773592813509347e-05 4.7550000000000008 0.0001906333786133364 6.3950000000000005 8.8850000000000033 5.7172932519317157e-05 0.00012750937328038326
decision_type=2 2 2 2 2 2 2 2 2 2 2 2 2 2 2 2 2 2 2
left_child=1 -1 3 6 -5 15 9 8 -8 -2 11 -11 13 -12 -4 -6 -17 -13 -19
right_child=2 -3 14 4 5 -7 7 -9 -10 10 12 17 -14 -15 -16 16 -18 18 -20
leaf_value=0.016374740996766106 0.0081422406659726835 -0.0024226266782538691 0.017260486818966803 0.018638220328698517 0.017204865850280804 -0.0022567345757546473 0.015555178285664179 0.00087018704791190396 -0.00094625040005769806 -0.00046668373321183794 -0.0024236845994846361 0.0010001575060713745 -0.0041340217961649533 0.010222147392106567 0.0026023195466782258 -0.0057641967520710167 0.012181434500720538 0.023483575317847026 0.0085389832905686178
leaf_weight=20 52 1416 36 39 26 102 63 871 23 1426 86 26 538 62 30 23 20 25 36
leaf_count=20 52 1416 36 39 26 102 63 871 23 1426 86 26 538 62 30 23 20 25 36
internal_value=0 -0.00216082 0.000674601 0.000482991 0.0050242 0.00191925 0.000185717 0.00179326 0.011142 -0.000497719 -0.000702029 0.000168543 -0.00262211 0.00287389 0.0105977 0.00809244 0.00258261 0.0105804 0.0146638
internal_weight=0 1436 3484 3418 210 171 3208 957 86 2251 2199 1513 686 148 66 69 43 87 61
internal_count=4920 1436 3484 3418 210 171 3208 957 86 2251 2199 1513 686 148 66 69 43 87 61
is_linear=0
shrinkage=0.0461372


Tree=19
num_leaves=20
num_cat=0
split_feature=1 5 22 3 1 14 15 3 3 5 15 3 5 3 10 3 15 0 5
split_gain=3.4944 2.97853 2.83147 2.47174 2.88679 2.51773 5.16592 1.79776 2.60637 2.09099 1.67374 3.7786 3.71189 2.81055 2.59734 3.16274 2.3437 2.03536 2.02281
threshold=3.7733710973342312e-05 2.6250000000000004 0.0037621032367426426 1.3950000000000002 4.91761749084991e-05 0.8650000000000001 1.6250000000000002 0.74500000000000011 0.56500000000000006 5.0650000000000004 2.8650000000000007 2.1450000000000005 8.5950000000000006 3.3350000000000004 0.50000000000005607 1.7950000000000002 3.3750000000000004 0.0001906333786133364 4.535000000000001
decision_type=2 2 2 2 2 2 2 2 2 2 2 2 2 2 2 2 2 2 2
left_child=1 -1 3 5 -5 6 7 8 -2 -9 18 12 14 -13 15 -12 -15 -16 -6
right_child=2 -3 -4 4 10 -7 -8 9 -10 -11 11 13 -14 16 17 -17 -18 -19 -20
leaf_value=0.015463062909657566 0.0095664372787367599 -0.002287744934805045 0.010007648356016308 0.0082771165019307306 0.0081024403561073162 -0.0038145421866260165 0.012666361968705389 0.0018974666926197085 -0.0045432375226140791 -0.0041990345778619093 0.014948422675434222 -0.0075012469354016394 0.024396817855759593 -0.00244660692076753 -0.0027893745871447268 1.7206691908037627e-05 0.017739262441249824 0.012970136533707381 -0.00010598777914629871
leaf_weight=20 30 1416 66 126 66 436 66 616 305 145 83 86 23 28 92 46 21 21 1228
leaf_count=20 30 1416 66 126 66 436 66 616 305 145 83 86 23 28 92 46 21 21 1228
internal_value=0 -0.00204052 0.000637042 0.0004561 0.00160705 -0.000854741 0.000255822 -0.000491528 -0.00327968 0.000735847 0.00111093 0.00369325 0.00686184 -0.00252658 0.00519529 0.00962411 0.00620448 0.000139384 0.00031268
internal_weight=0 1436 3484 3418 1820 1598 1162 1096 335 761 1694 400 265 135 242 129 49 113 1294
internal_count=4920 1436 3484 3418 1820 1598 1162 1096 335 761 1694 400 265 135 242 129 49 113 1294
is_linear=0
shrinkage=0.0456759


Tree=20
num_leaves=20
num_cat=0
split_feature=15 2 14 14 15 3 2 1 3 2 2 3 15 15 6 3 3 2 1
split_gain=3.29485 2.82734 3.43117 3.16043 7.18006 5.26585 3.65438 2.45932 3.11132 3.17892 2.9316 2.46167 2.30829 2.58235 2.01411 2.03086 3.55736 5.13075 3.4641
threshold=2.8250000000000006 6.1963732722006024e-05 -0.17499999999999996 1.2950000000000002 2.0050000000000003 1.9950000000000003 0.00031628170679248859 0.00043498491542526724 1.8950000000000002 0.0001451014827213909 7.4615941325772677e-05 1.6950000000000001 3.1150000000000007 2.9950000000000006 7.0000000000000071 2.2850000000000006 3.0250000000000004 0.00065272114878945785 0.00023830692300742999
decision_type=2 2 2 2 2 2 2 2 2 2 2 2 2 2 2 2 2 2 2
left_child=1 2 -1 4 6 -5 -3 8 9 10 11 12 13 -2 15 18 -17 -18 -7
right_child=7 3 -4 5 -6 14 -8 -9 -10 -11 -12 -13 -14 -15 -16 16 17 -19 -20
leaf_value=0.018177565116257895 0.004853766645703997 0.0024212290026471984 -0.0021516881668183648 -0.0055513102903005183 0.027059585388217657 0.0012774872625696248 -0.0048379027632751851 0.014696274308318442 -0.0032854666685782417 0.015950881220676279 -0.0025054752680600859 0.02252475991845131 0.0023455880512701019 0.026148094298938912 -0.0036607272671849538 -0.0018857775481812883 0.025398838673444359 -0.0051781379334304642 0.025933599338999819
leaf_weight=21 35 1394 1785 436 28 29 198 44 173 54 153 21 214 24 89 132 34 23 28
leaf_count=21 35 1394 1785 436 28 29 198 44 173 54 153 21 214 24 89 132 34 23 28
internal_value=0 -0.000422093 -0.0019153 0.000705776 0.00195985 -0.00192924 0.0015184 0.00324328 0.0024956 0.00449186 0.00310755 0.00602861 0.00475968 0.0135159 0.00278485 0.00511678 0.00262191 0.0130608 0.0133893
internal_weight=0 4197 1806 2391 1620 771 1592 718 674 501 447 294 273 59 335 246 189 57 57
internal_count=4915 4197 1806 2391 1620 771 1592 718 674 501 447 294 273 59 335 246 189 57 57
is_linear=0
shrinkage=0.05


Tree=21
num_leaves=20
num_cat=0
split_feature=1 4 5 5 5 21 8 1 8 9 21 5 3 3 5 3 1 0 3
split_gain=2.40634 2.18132 2.00994 1.75884 2.26777 1.7248 1.79771 2.39696 2.23779 1.86015 1.78571 1.69495 2.09008 2.28157 2.52307 2.72274 2.59304 2.41074 1.96221
threshold=3.7209050673793614e-05 0.50000000000000611 2.6950000000000007 15.805000000000001 16.830000000000002 -0.0063001677366232847 -1.9999999999999931 0.00011215304039814704 0.999999999999999 4.7499999999999885 0.0014660788979296015 11.815000000000001 3.3050000000000002 2.5350000000000006 6.9750000000000005 2.0250000000000004 0.00015187948788429571 3.9188835692935844e-05 1.5350000000000004
decision_type=2 2 2 2 2 2 2 2 2 2 2 2 2 2 2 2 2 2 2
left_child=2 3 -1 11 -5 -3 -7 8 9 10 -8 12 13 14 15 -2 -17 -16 -19
right_child=1 5 -4 4 -6 6 7 -9 -10 -11 -12 -13 -14 -15 17 16 -18 18 -20
leaf_value=0.011165005986889204 -0.00099538551712023042 -0.0020649593183770776 -0.0019170846284538813 0.018655185215175153 -0.0033890889957547189 0.00712992724060543 -0.0031641331648356039 -0.00083127095383970758 0.011371533791808521 0.016440178382964361 0.0068516001105308538 -0.014010755582289262 0.016027072407305241 -0.0078380657875157418 0.0202498543830145 -0.00039761676903693911 0.020222829580307009 0.015318099743333355 0.0017687658527318171
leaf_weight=30 1821 160 1378 28 20 254 114 327 102 21 73 22 20 94 21 31 30 29 340
leaf_count=30 1821 160 1378 28 20 254 114 327 102 21 73 22 20 94 21 31 30 29 340
internal_value=0 0.000808692 -0.00163835 -7.04234e-06 0.00947007 0.00271492 0.00357326 0.00215506 0.00530515 0.00233029 0.000745752 -0.000195955 -6.85762e-05 -0.000204634 0.000111186 -0.00064731 0.00974359 0.00377142 0.00283362
internal_weight=0 3507 1408 2456 48 1051 891 637 310 208 187 2408 2386 2366 2272 1882 61 390 369
internal_count=4915 3507 1408 2456 48 1051 891 637 310 208 187 2408 2386 2366 2272 1882 61 390 369
is_linear=0
shrinkage=0.05


Tree=22
num_leaves=20
num_cat=0
split_feature=15 5 2 15 1 14 3 15 2 14 14 15 3 2 5 2 3 5 15
split_gain=2.9238 2.72934 2.72252 3.16984 3.02331 2.80021 2.71158 2.37678 2.37058 3.09151 2.80878 6.36415 4.67474 3.26811 4.30564 4.18911 2.77207 4.4562 2.36322
threshold=2.8250000000000006 3.9450000000000007 0.00017991077531237903 3.1550000000000007 6.7577092330860372e-05 1.9550000000000003 1.925 3.4550000000000005 6.1963732722006024e-05 -0.17499999999999996 1.2950000000000002 2.0050000000000003 1.9950000000000003 0.00031628170679248859 7.4750000000000005 0.00011929653360469152 2.0250000000000004 5.0450000000000008 0.44500000000000006
decision_type=2 2 2 2 2 2 2 2 2 2 2 2 2 2 2 2 2 2 2
left_child=8 -2 3 -3 5 -5 -4 -8 9 -1 11 13 -12 14 16 -16 17 -10 -17
right_child=1 2 6 4 -6 -7 7 -9 10 -11 12 -13 -14 -15 15 18 -18 -19 -20
leaf_value=0.017303034734158292 0.018076858386911195 0.0073972212643746071 0.019967098043937433 0.017207816030297959 -0.0062833633044911495 0.00032523239403963095 0.00026104630130093274 0.017610363432994255 0.0026924004033207893 -0.001993761441829492 -0.0052661627924086851 0.025443532158221517 0.0025881839843828287 -0.0046136885542761193 0.021376445696309764 0.012459068215555615 0.016293152322371801 -0.0042419374371186281 -0.0031217615981146973
leaf_weight=21 29 136 38 28 179 200 82 26 900 1785 436 28 335 198 54 45 30 312 53
leaf_count=21 29 136 38 28 179 200 82 26 900 1785 436 28 335 198 54 45 30 312 53
internal_value=0 0.00305072 0.00241827 0.000788518 -0.0014198 0.00239853 0.00847962 0.00443773 -0.000402095 -0.00176938 0.000630659 0.00181291 -0.00185344 0.00139729 0.00225108 0.0101943 0.00127896 0.000907323 0.0040327
internal_weight=0 718 689 543 407 228 146 108 4197 1806 2391 1620 771 1592 1394 152 1242 1212 98
internal_count=4915 718 689 543 407 228 146 108 4197 1806 2391 1620 771 1592 1394 152 1242 1212 98
is_linear=0
shrinkage=0.05


Tree=23
num_leaves=20
num_cat=0
split_feature=15 5 2 15 1 14 3 14 15 15 14 5 2 3 3 2 3 15 15
split_gain=2.63873 2.46323 2.45707 2.86078 2.72854 2.52719 2.4472 2.1466 2.36456 3.6237 6.59838 6.6082 2.33555 2.30827 2.17633 5.47194 3.32984 2.77125 2.14504
threshold=2.8250000000000006 3.9450000000000007 0.00017991077531237903 3.1550000000000007 6.7577092330860372e-05 1.9550000000000003 1.925 -0.11499999999999998 -0.15499999999999997 0.14500000000000005 0.16500000000000004 3.9450000000000007 7.1495050875851985e-05 1.8550000000000002 1.5150000000000003 7.7682058746477917e-05 1.3450000000000004 -0.054999999999999993 3.4550000000000005
decision_type=2 2 2 2 2 2 2 2 2 2 2 2 2 2 2 2 2 2 2
left_child=7 -2 3 -3 5 -5 -4 13 -9 10 -10 -12 -11 14 16 -16 -1 -18 -8
right_child=1 2 6 4 -6 -7 18 8 9 12 11 -13 -14 -15 15 -17 17 -19 -20
leaf_value=-0.0010820737686650507 0.017173015685944721 0.0070273602929185417 0.018968742987827251 0.016347425484231539 -0.0059691951677785906 0.00030897082760930064 0.00024799411071509852 -0.0068837319274206417 -0.0022316235507076438 -0.0021267859636017578 0.035175220668315889 0.0066635822729458885 0.00043341657944507314 0.020215771421790124 0.019554031431674959 -0.0062558382749557497 0.0031463819914139234 0.024568647477361892 0.016729845106601717
leaf_weight=58 29 136 38 28 179 200 82 148 110 1733 30 63 1833 20 25 115 26 36 26
leaf_count=58 29 136 38 28 179 200 82 148 110 1733 30 63 1833 20 25 115 26 36 26
internal_value=0 0.00289819 0.00229736 0.000749092 -0.00134881 0.00227861 0.00805564 -0.000381991 -0.000684319 -0.000440882 0.00605706 0.0158609 -0.000810787 0.00384736 0.00258826 -0.00164693 0.00752931 0.0155851 0.00421585
internal_weight=0 718 689 543 407 228 146 4197 3917 3769 203 93 3566 280 260 140 120 62 108
internal_count=4915 718 689 543 407 228 146 4197 3917 3769 203 93 3566 280 260 140 120 62 108
is_linear=0
shrinkage=0.05


Tree=24
num_leaves=20
num_cat=0
split_feature=15 6 0 14 15 15 14 3 2 3 3 2 3 15 15 14 15 1 1
split_gain=2.38145 2.14331 2.37955 1.93731 2.13402 3.27039 5.95504 4.53257 2.10783 2.08322 1.96414 4.93843 3.00852 2.39142 1.79188 2.80546 1.75433 1.98842 1.73326
threshold=2.8250000000000006 -5.9999999999999822 0.00021541393590918397 -0.11499999999999998 -0.15499999999999997 0.14500000000000005 0.16500000000000004 1.1950000000000001 7.1495050875851985e-05 1.8550000000000002 1.5150000000000003 7.7682058746477917e-05 1.3550000000000002 -0.054999999999999993 3.1250000000000004 1.9450000000000001 3.5850000000000004 4.8118927575405085e-05 5.0401366048850608e-05
decision_type=2 2 2 2 2 2 2 2 2 2 2 2 2 2 2 2 2 2 2
left_child=3 2 -2 9 -5 6 -6 -8 -7 10 12 -12 -1 -14 18 -16 -17 -18 -3
right_child=1 14 -4 4 5 8 7 -9 -10 -11 11 -13 13 -15 15 16 17 -19 -20
leaf_value=-0.0005044229689144319 -0.0049094412372344071 0.018502286539689914 0.008743615612024214 -0.0065395451427714248 -0.0021200422536243094 -0.0020204466620897601 0.028056536748623236 0.0056871154793986575 0.00041174573211057294 0.01920498289167881 0.018576329886913302 -0.0059430463936017905 0.0036735560297966006 0.024175043268637224 0.01178665289628333 -0.00098077461511229054 -0.0037570068612694744 0.016006150820425582 0.0058855753645156196
leaf_weight=62 144 37 41 148 110 1733 39 54 1833 20 25 115 25 33 69 269 20 35 103
leaf_count=62 144 37 41 148 110 1733 39 54 1833 20 25 115 25 33 69 269 20 35 103
internal_value=0 0.00275328 -0.00188363 -0.000362891 -0.000650103 -0.000418838 0.00575421 0.0150678 -0.000770248 0.003655 0.00245884 -0.00156459 0.00715284 0.0153382 0.00436271 0.00263238 0.00068286 0.00881955 0.00921999
internal_weight=0 718 185 4197 3917 3769 203 93 3566 280 260 140 120 58 533 393 324 55 140
internal_count=4915 718 185 4197 3917 3769 203 93 3566 280 260 140 120 58 533 393 324 55 140
is_linear=0
shrinkage=0.05


Tree=25
num_leaves=20
num_cat=0
split_feature=3 10 22 3 3 3 2 5 14 14 5 1 5 1 1 5 2 1 5
split_gain=2.44412 1.77067 1.76285 1.66008 1.6578 4.13158 2.19036 1.69664 2.1331 3.40276 4.15104 4.20346 2.48887 2.38458 2.0507 2.94097 2.22073 2.4816 1.75911
threshold=1.3350000000000002 -8.9999999999999627 0.0040813817885165813 0.56500000000000006 0.77500000000000013 0.83500000000000008 0.00027109543416519263 5.0450000000000008 0.65500000000000014 0.055000000000000007 3.2850000000000006 5.2395826788299007e-05 2.5950000000000002 7.8001164454979095e-05 0.00024356814081481757 3.8650000000000007 8.2433888693364627e-05 0.00013724537728571239 3.1850000000000005
decision_type=2 2 2 2 2 2 2 2 2 2 2 2 2 2 2 2 2 2 2
left_child=3 -2 -3 -1 -5 -6 7 8 9 12 11 -11 -7 -12 15 -15 -17 -18 -10
right_child=1 2 -4 4 5 6 -8 -9 18 10 13 -13 -14 14 -16 16 17 -19 -20
leaf_value=0.010296679071841702 0.0058328123121275076 0.00045731077799528982 0.012870160541657745 -0.0036851044527740559 0.013532335892319681 0.013044243007898332 0.015038285333485829 -0.0059373179082433843 0.0044345306139439346 0.028091888658462034 -0.0010315737957435271 0.0024514433109399047 -0.0052970352120758077 0.015640950850818468 -0.0058954260604722163 -0.0078749442526272369 0.014764101698994636 -0.00049767066773615388 -0.003371834165064095
leaf_weight=31 177 2090 29 585 50 20 21 172 80 31 372 33 246 69 35 35 50 57 737
leaf_count=31 177 2090 29 585 50 20 21 172 80 31 372 33 246 69 35 35 50 57 737
internal_value=0 0.00102849 0.000627189 -0.00120532 -0.00134283 -0.000660439 -0.00102287 -0.001197 -0.00073505 0.000878603 0.00274942 0.014871 -0.00391799 0.0014941 0.00531342 0.0071727 0.00305785 0.006634 -0.00260744
internal_weight=0 2296 2119 2624 2593 2008 1958 1937 1765 948 682 64 266 618 246 211 142 107 817
internal_count=4920 2296 2119 2624 2593 2008 1958 1937 1765 948 682 64 266 618 246 211 142 107 817
is_linear=0
shrinkage=0.05


Tree=26
num_leaves=20
num_cat=0
split_feature=3 15 0 15 3 5 5 15 2 14 15 5 18 18 6 3 1 3 1
split_gain=2.20582 1.62296 2.08676 1.87273 2.75822 5.52147 2.78855 4.05698 2.88298 2.68474 5.60831 1.67401 1.6685 1.64199 1.64183 1.54827 1.52386 3.00687 3.82923
threshold=1.3350000000000002 0.29500000000000004 0.00015117927769747142 1.6250000000000002 1.5650000000000002 7.8450000000000006 5.0650000000000004 0.76500000000000012 0.00018752433870193469 1.3150000000000002 2.0050000000000003 5.8050000000000006 0.048288946270135587 0.021327039246579308 -5.9999999999999822 1.7350000000000001 0.00032148717581161789 2.3450000000000002 0.00053737710335938812
decision_type=2 2 2 2 2 2 2 2 2 2 2 2 2 2 2 2 2 2 2
left_child=-1 2 14 4 5 6 7 8 -3 10 13 15 -4 -5 -2 -6 -11 18 -18
right_child=1 3 12 9 11 -7 -8 -9 -10 16 -12 -13 -14 -15 -16 -17 17 -19 -20
leaf_value=-0.0011450508054311774 0.020897177315276603 0.020473137972029775 -0.0034569718434915436 0.0080720829297647335 -0.0036264965167412395 0.025177404932353809 -0.0051942986561291258 -0.0080540074145092674 -0.0024217885360121728 -4.3363781039647811e-05 0.029020628791589006 -0.0075037941676840943 0.011363280223061642 -0.004574435372792539 0.0063520282026260132 0.011953180186126544 0.017805101722478869 0.00031857178346511047 -0.0072135375067591675
leaf_weight=2624 23 44 91 66 52 23 134 34 20 1103 26 219 24 42 124 23 65 163 20
leaf_count=2624 23 44 91 66 52 23 134 34 20 1103 26 219 24 42 124 23 65 163 20
internal_value=0 0.000977069 0.004681 0.000499966 -0.00199526 0.00181016 -0.000506422 0.00590353 0.0133185 0.00142244 0.00817289 -0.00529587 -0.00036405 0.00315399 0.0086278 0.00115127 0.000752893 0.00429431 0.0119184
internal_weight=0 2296 262 2034 549 255 232 98 64 1485 134 294 115 108 147 75 1351 248 85
internal_count=4920 2296 262 2034 549 255 232 98 64 1485 134 294 115 108 147 75 1351 248 85
is_linear=0
shrinkage=0.05


Tree=27
num_leaves=20
num_cat=0
split_feature=14 15 14 5 14 15 5 2 14 14 15 3 3 2 5 3 3 3 5
split_gain=2.09058 2.0493 5.58154 2.78156 3.59893 4.29429 2.77449 2.06462 2.01324 1.76598 3.71615 2.4849 3.02705 3.60287 3.34829 3.16917 4.54205 2.36662 1.7866
threshold=-0.67499999999999993 1.6250000000000002 0.90500000000000014 5.3250000000000011 1.3650000000000004 1.9950000000000003 5.5750000000000011 4.5328967810258696e-05 0.31500000000000006 2.1150000000000007 2.9150000000000005 2.0050000000000003 2.5050000000000003 6.9478381946745906e-05 6.8950000000000005 3.0050000000000003 5.4250000000000016 2.2950000000000004 8.5950000000000006
decision_type=2 2 2 2 2 2 2 2 2 2 2 2 2 2 2 2 2 2 2
left_child=-1 8 -3 -4 5 -5 7 -6 -2 10 11 -8 13 -13 -15 -14 -17 -16 -12
right_child=1 2 3 4 6 -7 9 -9 -10 -11 18 12 15 14 17 16 -18 -19 -20
leaf_value=0.015985608622431754 0.00030580985712814552 0.011290221188853427 -0.001886814982857573 0.004458479931758296 0.023254898901690135 0.028667352663782925 -0.0055440280273869325 0.0050339188075290541 -0.002396313054294422 -0.0021461062455250895 0.0063361541408559555 -0.0065393081668651465 -0.0081893619345991247 0.030805764012038706 0.016852624587169508 0.017693570256233217 -0.0052786405198276048 0.00033211301526297695 0.020223425328731538
leaf_weight=20 1314 123 836 62 22 26 143 53 1450 405 115 33 95 20 41 39 48 46 29
leaf_count=20 1314 123 836 62 22 26 143 53 1450 405 115 33 95 20 41 39 48 46 29
internal_value=0 -0.000212839 0.000950332 0.000318535 0.00188495 0.0116111 0.001099 0.0103787 -0.00111173 0.000412629 0.00211425 -5.92645e-05 0.00237652 0.00790395 0.0123584 -0.00187536 0.00501925 0.00811764 0.0091329
internal_weight=0 4900 2136 2013 1177 88 1089 75 2764 1014 609 465 322 140 107 182 87 87 144
internal_count=4920 4900 2136 2013 1177 88 1089 75 2764 1014 609 465 322 140 107 182 87 87 144
is_linear=0
shrinkage=0.05


Tree=28
num_leaves=20
num_cat=0
split_feature=3 3 3 14 17 5 3 5 3 16 2 20 2 15 14 2 15 21 5
split_gain=1.89124 3.22597 2.07955 1.83355 1.58292 2.0634 3.61748 3.38441 3.2266 2.32927 2.25115 1.47429 1.46175 1.86671 1.98289 1.43057 1.39712 1.36525 1.34898
threshold=0.77500000000000013 0.83500000000000008 0.56500000000000006 -0.67499999999999993 -2.5000000000000004 7.0550000000000006 1.7750000000000001 8.1950000000000021 2.4750000000000005 -2.249999999999996 0.00040917202179151669 0.0060417132207299948 0.00016666982397119554 2.9150000000000005 2.1650000000000005 0.00016373770410651911 1.655 0.00092403466195045702 3.2650000000000001
decision_type=2 2 2 2 2 2 2 2 2 2 2 2 2 2 2 2 2 2 2
left_child=2 17 -1 -3 11 8 7 9 10 -7 18 -5 -8 -14 -15 -11 -4 -2 -6
right_child=1 3 16 4 5 6 12 -9 -10 15 -12 -13 13 14 -16 -17 -18 -19 -20
leaf_value=0.0098891808140662424 0.020795573724003938 0.015186328217387199 -0.0039576748908638102 0.0011338907656591145 0.0018997475141760247 0.023826677641934819 -0.0049302120266829508 -0.0022950498461723327 0.016120190256171757 0.012765813494722049 0.012369636868437131 0.0072803528072823464 -0.00038819614643106069 0.016070708334445957 0.00084913005323513703 -0.0023601396517320115 0.0072994919172648725 0.0042580860666930681 -0.0017858505532232641
leaf_weight=31 26 20 556 714 277 36 118 50 27 54 30 113 313 40 46 22 29 24 2394
leaf_count=31 26 20 556 714 277 36 118 50 27 54 30 113 313 40 46 22 29 24 2394
internal_value=0 0.000231222 -0.00273087 8.2816e-05 1.1472e-05 -0.000464839 0.00200156 0.00852123 -0.00107873 0.0133499 -0.00125065 0.00197373 -4.1358e-05 0.00140447 0.00792893 0.00838725 -0.00339963 0.0128576 -0.00140363
internal_weight=0 4304 616 4254 4234 3407 679 162 2728 112 2701 827 517 399 86 76 585 50 2671
internal_count=4920 4304 616 4254 4234 3407 679 162 2728 112 2701 827 517 399 86 76 585 50 2671
is_linear=0
shrinkage=0.05


Tree=29
num_leaves=20
num_cat=0
split_feature=3 10 22 0 18 22 3 3 3 2 5 14 15 3 14 5 1 15 3
split_gain=1.73628 1.46933 1.44088 1.41791 1.53077 1.39152 1.35879 1.32492 3.32923 1.85469 1.52479 1.80613 5.35301 2.86464 2.98782 3.20298 3.64817 2.45905 7.52071
threshold=1.3350000000000002 -8.9999999999999627 0.0040813817885165813 8.7597793912514704e-05 0.18726015890108852 0.00033499545387361001 0.56500000000000006 0.77500000000000013 0.83500000000000008 0.00027109543416519263 5.0450000000000008 0.65500000000000014 1.5550000000000004 0.87500000000000011 0.065000000000000016 3.2850000000000006 5.2395826788299007e-05 0.12500000000000003 1.1850000000000003
decision_type=2 2 2 2 2 2 2 2 2 2 2 2 2 2 2 2 2 2 2
left_child=6 3 5 -2 -5 -3 -1 -8 -9 10 11 12 13 -10 -15 16 -16 18 -17
right_child=1 2 -4 4 -6 -7 7 8 9 -11 -12 -13 -14 14 15 17 -18 -19 -20
leaf_value=0.0093947216387717958 0.014425689880462254 0.001007998747945119 0.011574490728049443 0.00091952038470838901 0.015534681117250808 -0.0021862887801268162 -0.0032296459676108809 0.0122147007137537 0.015673232566693736 0.013928319797629402 -0.0055050668046744758 -0.0022962051864389688 0.021013472462072968 -0.0049413990378978263 0.02822407597432966 0.025146109924504636 0.00228342129425569 -0.001151290389125125 -0.0023478787185417281
leaf_weight=31 34 1661 29 122 21 429 585 50 29 21 172 817 32 249 23 38 33 472 72
leaf_count=31 34 1661 29 122 21 429 585 50 29 21 172 817 32 249 23 38 33 472 72
internal_value=0 0.000871477 0.000505912 0.00524793 0.0030658 0.000352329 -0.00101128 -0.00113569 -0.000525644 -0.000850984 -0.00101121 -0.000573286 0.00091155 0.000209299 -0.000296286 0.00151662 0.0129376 0.00041769 0.00715004
internal_weight=0 2296 2119 177 143 2090 2624 2593 2008 1958 1937 1765 948 916 887 638 56 582 110
internal_count=4920 2296 2119 177 143 2090 2624 2593 2008 1958 1937 1765 948 916 887 638 56 582 110
is_linear=0
shrinkage=0.05


end of trees

feature_importances:
f_3=147
f_15=102
f_14=78
f_5=70
f_2=62
f_1=48
f_0=11
f_22=9
f_12=7
f_6=6
f_8=6
f_10=5
f_4=4
f_18=4
f_21=3
f_9=2
f_16=2
f_11=1
f_13=1
f_17=1
f_20=1

parameters:
[boosting: gbdt]
[objective: regression]
[metric: binary_logloss]
[tree_learner: serial]
[device_type: cpu]
[data: ]
[valid: ]
[num_iterations: 10]
[learning_rate: 0.05]
[num_leaves: 20]
[num_threads: 0]
[deterministic: 0]
[force_col_wise: 0]
[force_row_wise: 0]
[histogram_pool_size: -1]
[max_depth: -1]
[min_data_in_leaf: 20]
[min_sum_hessian_in_leaf: 0.001]
[bagging_fraction: 0.7]
[pos_bagging_fraction: 1]
[neg_bagging_fraction: 1]
[bagging_freq: 5]
[bagging_seed: 3]
[feature_fraction: 0.9]
[feature_fraction_bynode: 1]
[feature_fraction_seed: 2]
[extra_trees: 0]
[extra_seed: 6]
[early_stopping_round: 0]
[first_metric_only: 0]
[max_delta_step: 0]
[lambda_l1: 0]
[lambda_l2: 0]
[linear_lambda: 0]
[min_gain_to_split: 0]
[drop_rate: 0.1]
[max_drop: 50]
[skip_drop: 0.5]
[xgboost_dart_mode: 0]
[uniform_drop: 0]
[drop_seed: 4]
[top_rate: 0.2]
[other_rate: 0.1]
[min_data_per_group: 100]
[max_cat_threshold: 32]
[cat_l2: 10]
[cat_smooth: 10]
[max_cat_to_onehot: 4]
[top_k: 20]
[monotone_constraints: ]
[monotone_constraints_method: basic]
[monotone_penalty: 0]
[feature_contri: ]
[forcedsplits_filename: ]
[refit_decay_rate: 0.9]
[cegb_tradeoff: 1]
[cegb_penalty_split: 0]
[cegb_penalty_feature_lazy: ]
[cegb_penalty_feature_coupled: ]
[path_smooth: 0]
[interaction_constraints: ]
[verbosity: 0]
[saved_feature_importance_type: 0]
[linear_tree: 0]
[max_bin: 255]
[max_bin_by_feature: ]
[min_data_in_bin: 3]
[bin_construct_sample_cnt: 200000]
[data_random_seed: 1]
[is_enable_sparse: 1]
[enable_bundle: 1]
[use_missing: 1]
[zero_as_missing: 0]
[feature_pre_filter: 1]
[pre_partition: 0]
[two_round: 0]
[header: 0]
[label_column: ]
[weight_column: ]
[group_column: ]
[ignore_column: ]
[categorical_feature: ]
[forcedbins_filename: ]
[precise_float_parser: 0]
[objective_seed: 5]
[num_class: 1]
[is_unbalance: 0]
[scale_pos_weight: 1]
[sigmoid: 1]
[boost_from_average: 1]
[reg_sqrt: 0]
[alpha: 0.9]
[fair_c: 1]
[poisson_max_delta_step: 0.7]
[tweedie_variance_power: 1.5]
[lambdarank_truncation_level: 30]
[lambdarank_norm: 1]
[label_gain: ]
[eval_at: ]
[multi_error_top_k: 1]
[auc_mu_weights: ]
[num_machines: 1]
[local_listen_port: 12400]
[time_out: 120]
[machine_list_filename: ]
[machines: ]
[gpu_platform_id: -1]
[gpu_device_id: -1]
[gpu_use_dp: 0]
[num_gpu: 1]

end of parameters

pandas_categorical:[]
