tree
version=v3
num_class=1
num_tree_per_iteration=1
label_index=0
max_feature_idx=22
objective=regression
feature_names=f_0 f_1 f_2 f_3 f_4 f_5 f_6 f_7 f_8 f_9 f_10 f_11 f_12 f_13 f_14 f_15 f_16 f_17 f_18 f_19 f_20 f_21 f_22
feature_infos=[2.811842593898112e-07:0.0089292451603560918] [2.1333248529010825e-06:0.0055990001705921817] [4.7857545124566229e-06:0.003721014941950642] [0.53000000000000003:6.5599999999999996] [-33.000000000000007:48] [2.4100000000000001:21.82] [-101.00000000000016:144.99999999999994] [-3.0196613872200984:0.53086419753086433] [-81:74] [-46:33.999999999999986] [-51.000000000000021:33.999999999999986] [-33.000000000000007:29.000000000000004] [-41:96.000000000000014] [-36.000000000000007:32.999999999999986] [-0.83999999999999997:2.9100000000000001] [-1.3200000000000001:3.8500000000000001] [-52:73.999999999999972] [-28.000000000000004:24.000000000000004] [-0.29572649572649579:1.1559792027729636] [-0.02958455728073861:0.047292143401983289] [-0.054746473503621829:0.033993115318416534] [-0.078445945945946005:0.045346674363414774] [-0.019984292877423981:0.018327052533256172]
tree_sizes=1834 1874 1884 1890 1892 1867 1880 1857 1901 1868 1897 1901 1912 1885 1891 1920 1899 1915 1945 1927 1902 1883 1878 1868 1918 1899 1931 1898 1913 1900

Tree=0
num_leaves=20
num_cat=0
split_feature=1 15 21 1 1 18 20 6 19 15 11 2 3 6 6 18 21 3 14
split_gain=10.0356 4.95195 3.27788 2.47747 1.48086 1.44685 1.32726 1.26391 1.58838 1.5392 1.23324 0.921951 0.663273 0.886556 1.19472 0.606012 1.2594 0.589485 1.00804
threshold=0.0003034757790248153 2.9150000000000005 -0.0028766304259300597 8.5272096956839468e-05 0.00039019123253236908 -0.009595951078340768 0.0074456855381841444 5.9999999999999174 0.0011059093555016999 0.65500000000000014 -9.5000000000000178 0.00029961794808363559 1.635 6.9999999999999627 7.9999999999999414 0.081939875605960291 -0.0013150532792024492 1.7850000000000004 -0.15499999999999997
decision_type=2 2 2 2 2 2 2 2 2 2 2 2 2 2 2 2 2 2 2
left_child=3 4 -3 -1 7 -4 10 8 9 -2 -6 -10 13 -5 -15 -16 -17 18 -14
right_child=1 2 5 12 6 -7 -8 -9 11 -11 -12 -13 17 14 15 16 -18 -19 -20
leaf_value=0.048494041759572157 0.078485949193410315 0.085628806176612157 0.053533568798758542 0.049546626559255583 0.062116901940239423 0.06994736153532996 0.06181928289927268 0.051480937265691064 0.047533568932868989 0.06116993226443615 0.05015261649337633 0.062533568597592862 0.048495107372915389 0.065033568541713507 0.049319283178669453 0.049257706825365989 0.064924872891969132 0.051194656717146084 0.056624477820580429
leaf_weight=2707 21 21 25 919 24 29 35 38 21 33 210 20 52 20 84 29 23 478 143
leaf_count=2707 21 21 25 919 24 29 35 38 21 33 210 20 52 20 84 29 23 478 143
internal_value=0.0500353 0.0570724 0.0688669 0.0494415 0.0548719 0.0623484 0.052738 0.0591877 0.0622704 0.0679039 0.0513797 0.0548506 0.0509089 0.0501382 0.0536233 0.0519453 0.0561874 0.0521398 0.0544566
internal_weight=0 477 75 4455 402 54 269 133 95 54 234 41 1748 1075 156 136 52 673 195
internal_count=4932 477 75 4455 402 54 269 133 95 54 234 41 1748 1075 156 136 52 673 195
is_linear=0
shrinkage=1


Tree=1
num_leaves=20
num_cat=0
split_feature=1 14 2 5 3 8 14 8 1 5 16 21 0 5 11 8 3 5 21
split_gain=9.05716 3.23127 2.23963 1.54165 3.80322 1.68033 2.41711 1.5311 1.25753 1.22774 1.10444 0.812264 0.719909 0.642128 0.709972 1.11626 1.49487 1.89805 0.690393
threshold=0.0003034757790248153 2.4950000000000006 7.1332188761906388e-05 8.8850000000000033 2.2650000000000001 -2.0000000000000004 0.49250000000000005 3.999999999999996 0.00039019123253236908 7.4150000000000009 9.0000000000000195 0.003789804065801317 0.00051712285860586768 6.8650000000000011 -2.500000000000024 1.0000000000000007 1.2950000000000002 6.0150000000000006 -0.0021513623565591606
decision_type=2 2 2 2 2 2 2 2 2 2 2 2 2 2 2 2 2 2 2
left_child=2 3 -1 5 -5 6 12 10 9 -7 11 -6 -2 14 15 -4 -17 -18 -15
right_child=1 -3 13 4 7 8 -8 -9 -10 -11 -12 -13 -14 18 -16 16 17 -19 -20
leaf_value=-0.0016482940457476472 0.011397901301582655 0.026356802657246593 0.00046585469302373738 0.025071263982681558 -0.001335275902279786 0.00093091208702669704 -0.002680322544818575 0.018530663768095628 -0.001815262611304957 0.012754565031316721 0.013581116179314755 0.0083865850022242922 0.024652786012738945 0.0044630874326685444 -0.00060666973741726755 -0.0011718833164588826 0.018909810983708929 -0.00010421273431607656 0.00081259052564001564
leaf_weight=2302 21 20 351 32 70 52 22 21 126 38 24 31 20 192 1119 37 35 21 398
leaf_count=2302 21 20 351 32 70 52 22 21 126 38 24 31 20 192 1119 37 35 21 398
internal_value=0 0.00668517 -0.000564108 0.00582426 0.00946003 0.00350467 0.0106896 0.00603839 0.00140906 0.00592312 0.00393969 0.00164866 0.0178637 0.000595109 6.45853e-05 0.00175633 0.00662683 0.0117796 0.00200055
internal_weight=0 477 4455 457 178 279 63 146 216 90 125 101 41 2153 1563 444 93 56 590
internal_count=4932 477 4455 457 178 279 63 146 216 90 125 101 41 2153 1563 444 93 56 590
is_linear=0
shrinkage=0.05


Tree=2
num_leaves=20
num_cat=0
split_feature=1 15 1 1 21 1 17 6 3 7 11 5 6 5 21 22 15 18 22
split_gain=8.17409 4.17252 2.99298 2.06359 1.52103 1.24558 1.40996 1.12002 1.37856 1.79623 0.992229 0.828319 0.719619 1.28059 1.03495 0.766662 0.683704 1.14465 0.705765
threshold=0.0003034757790248153 2.9150000000000005 0.00039019123253236908 8.5272096956839468e-05 -0.0028766304259300597 0.00039019123253236908 5.9999999999999725 5.9999999999999174 1.7750000000000001 0.0013974297135425087 -10.00000000000003 6.6250000000000009 6.9999999999999627 4.7550000000000008 0.00089222086574092263 -1.0000000180025095e-35 0.23500000000000001 -0.009595951078340768 0.0003737099851514048
decision_type=2 2 2 2 2 2 2 2 2 2 2 2 2 2 2 2 2 2 2
left_child=3 5 -3 -1 -4 7 10 8 -2 -10 -7 12 -5 14 15 -14 17 -13 -18
right_child=1 2 4 11 -6 6 -8 -9 9 -11 -12 16 13 -15 -16 -17 18 -19 -20
leaf_value=-0.0014006396692960432 0.0047065617093308412 0.0026172140380367639 0.034779711272567508 -0.00047885783602137703 0.017093758483327205 0.011549606965854765 0.011299090611895449 0.0010343422770108046 0.028468004474416376 0.0092485843586825565 -0.00010307218296832948 0.017229490606114266 -0.0025712154135107998 -0.00075581387394950503 0.016579546074828377 0.0089630093425512314 0.0010312064246138398 0.001981303404318169 0.0061720318809340277
leaf_weight=2707 44 24 20 999 31 20 38 38 20 31 211 20 25 105 23 34 431 32 79
leaf_count=2707 44 24 20 999 31 20 38 38 20 31 211 20 25 105 23 34 431 32 79
internal_value=0 0.00635091 0.0171775 -0.000535903 0.0240294 0.00433102 0.00237401 0.00828917 0.0111911 0.0167856 0.000905818 0.000803252 5.40068e-05 0.0029007 0.00758282 0.00407563 0.0023844 0.00784599 0.00182753
internal_weight=0 477 75 4455 51 402 269 133 95 51 231 1748 1186 187 82 59 562 52 510
internal_count=4932 477 75 4455 51 402 269 133 95 51 231 1748 1186 187 82 59 562 52 510
is_linear=0
shrinkage=0.05


Tree=3
num_leaves=20
num_cat=0
split_feature=1 15 1 2 21 1 17 15 17 3 7 3 18 11 8 13 16 18 5
split_gain=7.37711 3.7657 2.70116 1.86885 1.37273 1.12413 1.27249 1.0245 0.922442 0.889041 1.37553 0.55625 0.53076 0.457784 0.973247 1.12005 0.971012 1.03484 0.557921
threshold=0.0003034757790248153 2.9150000000000005 0.00039019123253236908 7.1332188761906388e-05 -0.0028766304259300597 0.00039019123253236908 5.9999999999999725 0.29500000000000004 -7.7499999999999893 1.7950000000000002 -0.0027332233988929806 3.1350000000000002 0.18938772514077964 -2.4166666666666443 1.0000000000000007 -1.4166666666666436 -6.0000000000000027 -0.012759978382504032 6.5250000000000012
decision_type=2 2 2 2 2 2 2 2 2 2 2 2 2 2 2 2 2 2 2
left_child=3 5 -3 12 -4 7 8 -2 -7 -9 -11 13 -1 14 -5 -16 -17 -18 -15
right_child=1 2 4 11 -6 6 -8 9 -10 10 -12 -13 -14 18 15 16 17 -19 -20
leaf_value=-0.0015774169335791008 0.015513813094885059 0.0024863531657805045 0.033040726538747553 0.00059457392400933057 0.016239070603924415 0.010852094101054329 0.010734136015372842 0.00073272689592604554 -0.00013862980263573782 0.020251176506280902 0.0032064998458171713 0.006627523813497376 0.0058972046710550792 -0.00066091625820721071 0.014974329680204391 -0.0010676372218234786 0.017165434109047056 0.0016143419496391133 0.0014811696615244184
leaf_weight=2278 33 24 20 513 31 21 38 51 210 20 29 37 24 1049 25 58 20 23 428
leaf_count=2278 33 24 20 513 31 21 38 51 210 20 29 37 24 1049 25 58 20 23 428
internal_value=0 0.00603336 0.0163186 -0.000509108 0.022828 0.00411447 0.00225531 0.00787471 0.000860527 0.00535381 0.0101635 0.000549813 -0.00149949 0.00044354 0.00156164 0.005499 0.00315362 0.00884741 -4.01899e-05
internal_weight=0 477 75 4455 51 402 269 133 231 100 49 2153 2302 2116 639 126 101 43 1477
internal_count=4932 477 75 4455 51 402 269 133 231 100 49 2153 2302 2116 639 126 101 43 1477
is_linear=0
shrinkage=0.05


Tree=4
num_leaves=20
num_cat=0
split_feature=2 15 1 1 21 10 13 3 20 17 1 1 17 1 20 7 4 11 9
split_gain=6.66173 3.93026 2.60179 1.32443 1.23889 1.15654 1.05152 0.858813 0.755564 1.01914 0.658153 1.2069 0.836122 1.3804 0.649401 0.619804 0.586577 0.728685 0.936843
threshold=0.0002156797206106257 2.9150000000000005 0.00039019123253236908 8.5272096956839468e-05 -0.0028766304259300597 -13.500000000000021 0.99999999999998956 3.1350000000000002 0.0074456855381841444 3.0000000000000022 0.0004192411074517845 0.00027255223134458733 0.50000000000000033 0.00032148717581161789 0.011821497099610558 -0.0068124131505176702 0.99999999999999545 -3.0000000000000133 -2.9999999999999853
decision_type=2 2 2 2 2 2 2 2 2 2 2 2 2 2 2 2 2 2 2
left_child=3 5 6 -1 -4 -2 -3 16 10 14 11 -7 13 -13 -10 -15 -5 18 -18
right_child=1 2 4 7 -6 8 -8 -9 9 -11 -12 12 -14 15 -16 -17 17 -19 -20
leaf_value=-0.0013196468216862157 0.014374777852472934 0.012424846577712081 0.031388689652085307 -0.00028846427130187934 0.015427117121796455 0.00088441766887193633 -0.0034159821551293136 0.0092091947660914494 0.0079045491239854281 0.016434575845910748 -0.0003130501555522699 0.01937070162301617 0.0033148942166008055 0.011119712237268688 -0.0032172966216291697 -0.0013282175827771425 0.0029760300215795964 0.00036444437673740219 0.013685065236253045
leaf_weight=2690 22 22 20 1026 31 210 20 28 35 22 191 28 80 20 21 20 137 285 24
leaf_count=2690 22 22 20 1026 31 210 20 28 35 22 191 28 80 20 21 20 137 285 24
internal_value=0 0.0044842 0.0140972 -0.000655831 0.0216866 0.00310668 0.00488159 0.000534612 0.00271131 0.00731611 0.00205708 0.00332159 0.00677974 0.010856 0.00373386 0.00489575 0.000369606 0.00188346 0.00457241
internal_weight=0 742 93 4190 51 649 42 1500 627 78 549 358 148 68 56 40 1472 446 161
internal_count=4932 742 93 4190 51 649 42 1500 627 78 549 358 148 68 56 40 1472 446 161
is_linear=0
shrinkage=0.05


Tree=5
num_leaves=20
num_cat=0
split_feature=3 1 3 10 12 1 3 5 5 0 19 16 16 1 6 14 14 21 4
split_gain=4.69552 2.31832 1.73613 1.2412 0.927299 0.722188 0.739998 1.54411 1.58745 0.943573 0.750187 0.950452 0.854433 1.6501 0.469187 0.534685 0.683605 0.809577 1.24809
threshold=4.4250000000000007 8.5272096956839468e-05 5.9650000000000007 3.9999999999999871 -2 0.0003034757790248153 2.4050000000000007 8.8850000000000033 9.6950000000000021 0.0010988899644920446 0.0025246927114145339 -2.9999999999999853 3.0000000000000013 0.00039019123253236908 -2.0000000000000902 1.0000000180025095e-35 0.25500000000000006 -0.0015512394550133422 0.49999999999999495
decision_type=2 2 2 2 2 2 2 2 2 2 2 2 2 2 2 2 2 2 2
left_child=1 -1 3 4 -2 14 7 9 -9 10 11 -7 13 -13 -3 -16 17 -17 -19
right_child=2 5 -4 -5 -6 6 -8 8 -10 -11 -12 12 -14 -15 15 16 -18 18 -20
leaf_value=-0.0012644762387739776 0.013464681588113309 -0.00058531857401084443 0.00051332106813788418 0.006162154115736485 0.02790913421660662 -0.0020292536745017227 -0.0017636335190774788 0.02259057297238282 0.0041075606902058314 0.012361469873311846 -0.0031175563791914595 0.021475145211886794 0.0017138652706688102 0.003322641978100423 -0.0016933186372526648 0.00071632230224517683 0.00088923995044842298 0.0023949993215501308 0.013341912198001925
leaf_weight=2710 25 619 30 26 20 55 67 21 26 22 63 21 55 31 147 91 804 60 46
leaf_count=2710 25 619 30 26 20 55 67 21 26 22 63 21 55 31 147 91 804 60 46
internal_value=0 -0.000294581 0.0105982 0.0148594 0.0198844 0.000940577 0.00297844 0.00405911 0.0123659 0.00247846 0.00151212 0.00331255 0.00605834 0.0106535 0.00052424 0.00112251 0.00153603 0.0041757 0.00714555
internal_weight=0 4838 101 71 45 2128 361 294 47 247 225 162 107 52 1767 1148 1001 197 106
internal_count=4939 4838 101 71 45 2128 361 294 47 247 225 162 107 52 1767 1148 1001 197 106
is_linear=0
shrinkage=0.05


Tree=6
num_leaves=20
num_cat=0
split_feature=3 1 3 19 2 5 19 20 22 22 20 3 5 1 5 3 4 3 13
split_gain=4.2377 2.09228 1.56686 1.07851 0.653299 1.21711 0.637617 0.503394 0.501396 0.702473 0.930129 0.502604 0.93258 0.792212 1.50088 1.66268 1.04904 0.781019 0.651495
threshold=4.4250000000000007 8.5272096956839468e-05 5.9650000000000007 0.0046175415366794823 0.00065272114878945785 7.3650000000000011 -0.0032467532467532196 -0.011541446003826448 0.0017796216833018132 0.0025561501786768308 -0.0010854462339990321 2.6050000000000004 7.3650000000000011 0.00027957813942096414 8.1650000000000009 1.8050000000000004 -1.0000000000000118 1.675 -5.0000000000000151
decision_type=2 2 2 2 2 2 2 2 2 2 2 2 2 2 2 2 2 2 2
left_child=1 -1 3 6 7 -6 -2 -3 11 -10 -11 12 18 14 15 17 -15 -14 -9
right_child=2 4 -4 -5 5 -7 -8 8 9 10 -12 -13 13 16 -16 -17 -18 -19 -20
leaf_value=-0.0012012522948074166 0.012898827385571269 -0.0029279011500517975 0.00048765503490964574 0.004607529512473515 0.016111516421660782 0.00064944476421390266 0.024227759849442088 0.0065677629876881834 0.010132803143385579 0.010791493269304436 -0.0013123857029355491 -0.0025177477158408249 0.006277390084031856 0.014944262097456626 -0.001650315079605207 0.0004716957037647566 0.0038173045963048936 0.017524494821655339 8.9160640587065198e-05
leaf_weight=2710 27 89 30 21 20 35 23 40 34 21 65 113 33 28 160 75 87 29 1299
leaf_count=2710 27 89 30 21 20 35 23 40 34 21 65 113 33 28 160 75 87 29 1299
internal_value=0 -0.000279852 0.0100683 0.0141164 0.000893548 0.00627202 0.0181101 0.000750848 0.000915873 0.0040486 0.00164321 0.000714196 0.000922768 0.003003 0.00163869 0.00547986 0.00652648 0.0115381 0.000282696
internal_weight=0 4838 101 71 2128 55 50 2073 1984 120 86 1864 1751 412 297 137 115 62 1339
internal_count=4939 4838 101 71 2128 55 50 2073 1984 120 86 1864 1751 412 297 137 115 62 1339
is_linear=0
shrinkage=0.05


Tree=7
num_leaves=20
num_cat=0
split_feature=3 2 3 10 12 2 3 15 18 10 14 14 14 1 3 19 21 18 15
split_gain=3.82453 1.90207 1.41409 1.10501 0.827526 0.783862 0.902193 2.24036 0.918919 0.903698 0.824501 0.657595 1.53573 0.724868 1.5443 0.589837 0.837848 0.646527 0.592975
threshold=4.4250000000000007 6.5708049601884884e-05 5.9650000000000007 3.9999999999999871 -2 0.00021316649495301717 2.5750000000000006 2.9250000000000003 -0.090647158817577997 -1.0000000180025095e-35 0.51500000000000012 1.2350000000000001 1.155 0.000167875385556188 1.5550000000000004 0.0012795359642708839 0.0028198155475929192 0.011805216825772848 1.4750000000000003
decision_type=2 2 2 2 2 2 2 2 2 2 2 2 2 2 2 2 2 2 2
left_child=1 -1 3 4 -2 11 7 8 10 -9 -7 12 -3 14 -14 16 18 -18 -10
right_child=2 5 -4 -5 -6 6 -8 9 15 -11 -12 -13 13 -15 -16 -17 17 -19 -20
leaf_value=-0.0013729954608168872 0.012087396934628486 0.00042836030068642956 0.00046327236418922747 0.0052043648723226329 0.025732664521783591 0.015461306006688139 -0.002430207872802907 0.0067518710810691128 -6.0856198285554739e-05 0.021782655809074642 0.0015802972950041295 -0.0009205574128411222 0.0044564264480556762 -0.00032580600120127204 0.021873242547735573 -0.00087420787498518674 0.0033645473759282723 0.015785688105970624 0.0048948491492899517
leaf_weight=2153 25 1088 30 26 20 23 94 20 172 20 20 856 35 20 20 182 22 20 93
leaf_count=2153 25 1088 30 26 20 23 94 20 172 20 20 856 35 20 20 182 22 20 93
internal_value=0 -0.000265859 0.00956485 0.0134106 0.018152 0.000621911 0.00210938 0.0028554 0.00199736 0.0142673 0.00900502 0.000131244 0.0009054 0.00782565 0.0107898 0.00138115 0.0027182 0.00927938 0.00167832
internal_weight=0 4838 101 71 45 2685 666 572 532 40 43 2019 1163 75 55 489 307 42 265
internal_count=4939 4838 101 71 45 2685 666 572 532 40 43 2019 1163 75 55 489 307 42 265
is_linear=0
shrinkage=0.05


Tree=8
num_leaves=20
num_cat=0
split_feature=3 1 3 1 15 0 6 4 6 22 19 14 5 6 15 1 2 4 15
split_gain=3.45164 1.72192 1.27622 1.01899 1.38581 0.612379 0.696163 0.438841 0.462304 0.63005 0.681018 0.649373 0.608742 0.746435 0.693644 1.31459 0.917692 0.759881 1.00703
threshold=4.4250000000000007 8.5272096956839468e-05 5.9650000000000007 0.00088222965584378379 2.6125000000000003 0.0010988899644920446 2.7499999999999862 -2.0000000000000235 19.999999999999975 0.0017796216833018132 -0.0010140702406569722 0.26500000000000007 6.6550000000000011 14.999999999999904 2.1950000000000007 0.00011983260297657327 0.00011680431702560134 -1.0000000180025095e-35 1.8750000000000002
decision_type=2 2 2 2 2 2 2 2 2 2 2 2 2 2 2 2 2 2 2
left_child=1 -1 3 4 -2 7 -7 -3 9 12 -11 -12 13 -9 15 16 -14 18 -17
right_child=2 5 -4 -5 -6 6 -8 8 -10 10 11 -13 14 -15 -16 17 -18 -19 -20
leaf_value=-0.0010884477858641272 0.017451095159934916 -0.0019688047481597297 0.00044010866433382036 0.021393363372139311 0.00044486245512962347 0.013536301376298071 0.00034385384991765023 -7.2388837023686675e-05 -0.0029842517238009621 0.0015850504627451301 0.016286931289359926 0.0036981267322387015 0.017717345230854477 0.0079199863287309821 0.00052761170711066276 0.0026114750562644586 0.0044327959346656615 0.00061779962267194486 0.016296583451330664
leaf_weight=2710 23 144 30 23 25 20 20 1114 74 64 20 21 26 30 333 41 26 175 20
leaf_count=2710 23 144 30 23 25 20 20 1114 74 64 20 21 26 30 333 41 26 175 20
internal_value=0 -0.000252566 0.00908661 0.0127401 0.00859368 0.000811925 0.00694008 0.000694528 0.000891812 0.0010452 0.00480802 0.00983901 0.000821345 0.000137201 0.00208167 0.00387854 0.0110751 0.00229287 0.0070984
internal_weight=0 4838 101 71 48 2128 40 2088 1944 1870 105 41 1765 1144 621 288 52 236 61
internal_count=4939 4838 101 71 48 2128 40 2088 1944 1870 105 41 1765 1144 621 288 52 236 61
is_linear=0
shrinkage=0.05


Tree=9
num_leaves=20
num_cat=0
split_feature=2 2 15 20 22 5 3 2 15 3 15 2 15 5 4 14 14 3 3
split_gain=3.13636 1.40683 1.19196 1.35315 1.23477 0.765653 0.511973 0.533212 0.663746 1.8046 0.67409 0.637444 2.03717 0.921171 1.14868 0.593417 1.31911 0.618541 0.771422
threshold=0.00045753307835964309 5.7198016849672018e-05 2.9150000000000005 0.010290033656051524 -0.00040196985020102266 7.1950000000000012 0.56500000000000006 0.00021316649495301717 2.8650000000000007 2.0950000000000002 3.0450000000000004 0.00023822684534959994 0.29500000000000004 9.5050000000000008 -1.0000000180025095e-35 1.2350000000000001 1.155 1.5450000000000002 1.905
decision_type=2 2 2 2 2 2 2 2 2 2 2 2 2 2 2 2 2 2 2
left_child=1 -1 3 4 -2 -6 -3 15 11 10 -10 12 -9 -13 -15 16 -8 -18 -19
right_child=2 6 -4 -5 5 -7 7 8 9 -11 -12 13 -14 14 -16 -17 17 18 -20
leaf_value=-0.0013325394647176112 0.011448357590744572 0.0073973395431844091 0.015361294709146024 0.015745053505120073 0.0074193610637276267 -0.0023030396895828069 0.00029418072205755796 0.018052063967016609 0.019606535220518709 -0.002661649182890401 0.0069233813407746231 -0.00075556547514029921 0.00082446067617871822 0.015049371351911265 -0.00021796475297638346 -0.00094258577180987384 0.0023964214868642188 0.018309555193409325 0.0044223098177462823
leaf_weight=1973 31 26 30 23 27 81 1140 22 20 33 22 350 78 22 28 956 37 20 20
leaf_count=1973 31 26 30 23 27 81 1140 22 20 33 22 350 78 22 28 956 37 20 20
internal_value=0 -0.000311905 0.00620651 0.00451118 0.00265234 0.00012756 0.000414019 0.000347947 0.00170191 0.00608814 0.012963 0.00104398 0.00461453 0.000151338 0.00649966 -1.03272e-05 0.000721997 0.00705591 0.0113659
internal_weight=0 4747 192 162 139 108 2774 2748 575 75 42 500 100 400 50 2173 1217 77 40
internal_count=4939 4747 192 162 139 108 2774 2748 575 75 42 500 100 400 50 2173 1217 77 40
is_linear=0
shrinkage=0.05


Tree=10
num_leaves=20
num_cat=0
split_feature=2 15 3 2 10 3 9 8 15 1 1 10 0 2 14 15 2 3 2
split_gain=4.14958 2.87931 2.19943 2.7988 1.0148 0.985019 0.637656 0.75577 1.03529 1.50964 0.875631 0.967082 0.748753 0.619811 0.540016 0.894579 1.08782 0.571004 1.26955
threshold=0.0002156797206106257 2.9150000000000005 2.0350000000000006 0.00069406867351463257 -13.500000000000021 3.1350000000000002 -8.9999999999999893 -2.0000000000000004 0.40500000000000008 0.0003034757790248153 0.00048762204348006986 -5.9999999999999938 0.00048546996558780745 5.4481488476495705e-05 1.2350000000000001 1.6150000000000004 0.00011680431702560134 1.7550000000000001 0.00013644765038524532
decision_type=2 2 2 2 2 2 2 2 2 2 2 2 2 2 2 2 2 2 2
left_child=5 4 -3 -4 -2 13 -6 8 9 -8 11 -9 -13 -1 15 17 -17 -15 -19
right_child=1 2 3 -5 6 -7 7 10 -10 -11 -12 12 -14 14 -16 16 -18 18 -20
leaf_value=-0.0012152940275302615 0.012946733806959607 0.024836427423482143 -0.0010580041650228385 0.019449334431971825 -0.0035166312397147217 0.0088606693648866242 0.0032555808434667796 0.011944895092811851 0.002535193974647341 0.021797698230615684 -0.0020628914055300924 0.0012282022349808339 0.0093107784341555089 3.2584887251631762e-05 -0.00087411763127513079 0.012220019671238131 0.0010401733558286321 0.012305082573044685 -0.00078614313641320105
leaf_weight=1898 22 24 41 28 48 28 23 27 79 21 123 274 32 1116 980 36 55 31 46
leaf_count=1898 22 24 41 28 48 28 23 27 79 21 123 274 32 1116 980 36 55 31 46
internal_value=0 0.00357071 0.0117987 0.00726381 0.00239166 -0.000486008 0.00202131 0.00248041 0.00595862 0.0121052 0.00154221 0.00287383 0.00207344 -0.000548888 9.78563e-06 0.000684416 0.00546297 0.000319916 0.00448435
internal_weight=0 742 93 69 649 4190 627 579 123 44 456 333 306 4162 2264 1284 91 1193 77
internal_count=4932 742 93 69 649 4190 627 579 123 44 456 333 306 4162 2264 1284 91 1193 77
is_linear=0
shrinkage=0.05


Tree=11
num_leaves=20
num_cat=0
split_feature=1 15 21 14 1 17 6 3 7 2 11 15 22 8 16 22 20 3 18
split_gain=3.7623 2.26188 1.77003 0.990987 0.945655 1.01114 0.937798 1.01465 1.45481 0.903301 0.729775 0.544934 0.513165 0.939763 0.642688 0.887139 0.511128 0.494853 0.451214
threshold=0.0003034757790248153 2.9150000000000005 -0.0028766304259300597 2.2250000000000005 0.00039019123253236908 6.9999999999999973 5.9999999999999174 1.7750000000000001 0.0068490419660760535 7.1332188761906388e-05 -10.00000000000003 0.67500000000000016 -0.001088672154157033 -3.9999999999999951 -4.0000000000000009 -0.0016667003218395202 0.0080311790803538913 3.1350000000000002 0.18938772514077964
decision_type=2 2 2 2 2 2 2 2 2 2 2 2 2 2 2 2 2 2 2
left_child=9 4 -3 -4 6 10 7 11 -9 18 -6 -2 13 -11 15 -15 -12 -14 -1
right_child=1 2 3 -5 5 -7 -8 8 -10 12 16 -13 17 14 -16 -17 -18 -19 -20
leaf_value=-0.0010832379090585816 0.0093928897501900799 0.024380795423473631 0.015850474163889888 0.0020951918307691815 0.0091548491382971407 0.01003820880888296 -0.00033497874443664367 0.020612339164316654 0.0036250896219696322 0.012082134610041977 -0.0014906231137365104 -0.0016703633770812304 2.1794034098844094e-05 0.00044830519108679789 -1.4929640991613268e-05 0.013314030793961137 0.0066272363950099257 0.0059621243824916226 0.0057396290721371769
leaf_weight=2278 20 21 21 33 20 28 38 30 21 23 200 24 1882 29 160 24 21 35 24
leaf_count=2278 20 21 21 33 20 28 38 30 21 23 200 24 1882 29 160 24 21 35 24
internal_value=0 0.00429507 0.0121866 0.00744447 0.00282276 0.00113463 0.00623712 0.00886596 0.0136176 -0.000330446 0.000100184 0.00335839 0.000398388 0.00257643 0.00154999 0.00627429 -0.000719243 0.000130251 -0.0010121
internal_weight=0 477 75 54 402 269 133 95 51 4455 241 44 2153 236 213 53 221 1917 2302
internal_count=4932 477 75 54 402 269 133 95 51 4455 241 44 2153 236 213 53 221 1917 2302
is_linear=0
shrinkage=0.0495


Tree=12
num_leaves=20
num_cat=0
split_feature=2 15 3 2 10 3 9 8 0 14 10 2 1 0 8 22 2 14 15
split_gain=3.44082 2.37177 1.93682 2.39373 0.88997 0.825134 0.579683 0.663597 0.927614 1.37349 0.78501 0.71736 0.552941 0.667625 0.506562 0.586325 0.505501 0.485682 0.810818
threshold=0.0002156797206106257 2.9150000000000005 2.0350000000000006 0.00069406867351463257 -13.500000000000021 3.1350000000000002 -8.9999999999999893 -2.0000000000000004 0.0004085334606998964 0.35500000000000004 -5.9999999999999938 0.00023822684534959994 0.00048762204348006986 0.00048546996558780745 0.50000000000004496 -0.00017579069222239949 5.4481488476495705e-05 1.2350000000000001 1.6450000000000002
decision_type=2 2 2 2 2 2 2 2 2 2 2 2 2 2 2 2 2 2 2
left_child=5 4 -3 -4 -2 16 -6 8 11 -10 -9 -8 13 14 -12 -16 -1 18 -18
right_child=1 2 3 -5 6 -7 7 10 9 -11 12 -13 -14 -15 15 -17 17 -19 -20
leaf_value=-0.001080936458783766 0.011824926716443151 0.022496109378039839 -0.0012088647218130347 0.017379083131921609 -0.0033779855960130228 0.0079496340478757126 0.0094616674021578261 0.0082068164745617567 0.018678393155014513 0.0025911344520045589 -0.00094216307224240161 -0.0013000214545976589 -0.0021691932164384794 0.0085401437470765083 -0.0028643432213789942 0.005041017896639792 0.00030882082605687976 -0.00081817089444999487 0.0053452809000910234
leaf_weight=1898 22 24 41 28 48 28 21 37 25 26 144 51 113 32 29 101 1202 980 82
leaf_count=1898 22 24 41 28 48 28 21 37 25 26 144 51 113 32 29 101 1202 980 82
internal_value=0 0.00318586 0.0105049 0.00633407 0.00213706 -0.000434682 0.00179713 0.00222616 0.00542051 0.010477 0.00136452 0.0018388 0.000760313 0.00184212 0.00105987 0.00327751 -0.000491088 3.40468e-06 0.000630464
internal_weight=0 742 93 69 649 4190 627 579 123 51 456 72 419 306 274 130 4162 2264 1284
internal_count=4932 742 93 69 649 4190 627 579 123 51 456 72 419 306 274 130 4162 2264 1284
is_linear=0
shrinkage=0.049005


Tree=13
num_leaves=20
num_cat=0
split_feature=2 15 3 2 12 4 5 14 3 3 0 6 16 20 1 18 5 9 3
split_gain=3.11185 2.145 1.75164 2.16487 0.791556 1.01733 0.749064 0.708225 0.656104 1.82396 1.46993 0.903841 0.783154 0.692782 0.883335 0.84571 0.602559 1.49474 0.525922
threshold=0.0002156797206106257 2.9150000000000005 2.0350000000000006 0.00069406867351463257 -7.4999999999999947 2.4999999999999916 7.3650000000000011 0.50500000000000012 1.4150000000000003 1.2650000000000003 0.00027622288770201775 5.4999999999999725 -7.9999999999999973 0.0074456855381841444 0.00040598016524474103 0.034269647546533062 2.5950000000000002 0.50000000000005607 3.1350000000000002
decision_type=2 2 2 2 2 2 2 2 2 2 2 2 2 2 2 2 2 2 2
left_child=6 4 -3 -4 5 -2 16 -8 9 -6 -11 12 -10 14 15 -14 17 -1 -9
right_child=1 2 3 -5 8 -7 7 18 11 10 -12 -13 13 -15 -16 -17 -18 -19 -20
leaf_value=0.013310869659161614 0.00073468245419833276 0.021179750610620343 -0.0011381280598261689 0.016362146815543436 -0.00088808248738478867 0.015663301056390817 0.0095859920524641561 0.00053789920920252476 0.0088190610057691573 0.0029811458934014662 0.020175702201009015 -0.0027733587027924771 0.00096543284108312796 0.0071386582808991624 -0.003055356032640219 0.0093816569135328539 -0.00068649411648479756 -0.0019636503770144166 0.0074844616473798645
leaf_weight=25 21 24 41 28 55 22 25 306 36 22 25 123 162 42 107 34 3768 38 28
leaf_count=25 21 24 41 28 55 22 25 306 36 22 25 123 162 42 107 34 3768 38 28
internal_value=0 0.00299944 0.00989022 0.00596343 0.00201201 0.00837258 -0.000409247 0.00170978 0.00156068 0.00510915 0.0121272 0.00084254 0.00200988 0.00129935 0.000489945 0.00242539 -0.00060782 0.00409767 0.00112025
internal_weight=0 742 93 69 649 43 4190 359 606 102 47 504 381 345 303 196 3831 63 334
internal_count=4932 742 93 69 649 43 4190 359 606 102 47 504 381 345 303 196 3831 63 334
is_linear=0
shrinkage=0.048515


Tree=14
num_leaves=20
num_cat=0
split_feature=0 2 5 12 15 13 2 5 21 15 6 12 1 0 15 17 5 5 9
split_gain=2.87072 1.50718 1.32282 1.50182 0.885436 2.59686 1.19899 0.678146 0.678504 1.80253 1.29134 0.675575 0.735784 0.705424 1.58098 0.576326 0.668446 0.545511 1.35323
threshold=0.0010988899644920446 0.0002156797206106257 16.380000000000003 -1.0000000180025095e-35 2.8450000000000002 0.58333333333335802 0.00030863891306362771 7.3650000000000011 -0.0021513623565591606 2.0950000000000002 3.0000000000000031 8.2500000000000036 0.0004192411074517845 0.00039169424393556971 0.29500000000000004 -5.0000000000000027 8.8850000000000033 2.5950000000000002 0.50000000000005607
decision_type=2 2 2 2 2 2 2 2 2 2 2 2 2 2 2 2 2 2 2
left_child=1 7 3 -2 11 6 -6 17 9 10 -9 12 13 15 -15 -3 -17 18 -1
right_child=2 4 -4 -5 5 -7 -8 8 -10 -11 -12 -13 -14 14 -16 16 -18 -19 -20
leaf_value=0.012538442764270132 0.023448105610963357 0.0067518624963382699 -0.00034727421378662914 0.007017619713908331 0.021161639584582562 -0.0037831850576854351 0.0059664970661496373 0.018716024116410063 0.00012173758661640915 -0.00021455281674040034 0.0028356506251081856 0.0093189726155781544 -0.0016045616269601899 0.016580664569940382 0.0013738656509697329 -0.00034870470689012199 0.0066496617903198793 -0.00064665704520936904 -0.0018497001355311429
leaf_weight=25 21 39 23 33 25 32 23 27 238 73 21 24 165 24 46 251 36 3768 38
leaf_count=25 21 39 23 33 25 32 23 27 238 73 21 24 165 24 46 251 36 3768 38
internal_value=0 -4.83642e-05 0.00929876 0.0134073 0.00207584 0.00681511 0.0138806 -0.000385499 0.00161056 0.004539 0.0117684 0.00142773 0.00109014 0.00221293 0.00658763 0.00127358 0.000529139 -0.000572548 0.00385988
internal_weight=0 4855 77 54 665 80 48 4190 359 121 48 585 561 396 70 326 287 3831 63
internal_count=4932 4855 77 54 665 80 48 4190 359 121 48 585 561 396 70 326 287 3831 63
is_linear=0
shrinkage=0.0480298


Tree=15
num_leaves=20
num_cat=0
split_feature=3 3 10 2 16 3 2 5 18 22 14 3 22 7 7 21 20 7 19
split_gain=2.07614 1.13348 0.977204 0.893101 0.800922 0.445556 0.416444 0.942123 0.405916 0.398131 0.47207 1.05523 1.52695 0.395855 0.553088 0.838648 0.809585 0.447918 1.0329
threshold=4.4250000000000007 5.9650000000000007 3.9999999999999871 5.7198016849672018e-05 -4.2499999999999973 0.56500000000000006 0.00065272114878945785 7.3650000000000011 0.18938772514077964 0.0017796216833018132 0.31500000000000006 1.4850000000000001 0.0041146081084419981 -0.0057441269509423956 -0.021487613610925934 0.0036478049392976168 -0.0030239096459951371 -0.017975333210065 -0.0013699975365785153
decision_type=2 2 2 2 2 2 2 2 2 2 2 2 2 2 2 2 2 2 2
left_child=3 2 4 8 -2 -5 9 -8 -1 13 11 12 -11 14 15 -7 -17 18 -16
right_child=1 -3 -4 5 -6 6 7 -9 -10 10 -12 -13 -14 -15 17 16 -18 -19 -20
leaf_value=-0.0010747683505628199 0.0074051903095565634 -0.0010770905364802196 0.0026076669270077312 0.0065164769328121637 0.020120652422851628 -0.0014768497269245318 0.012593332022470647 -0.00034362753407297903 0.0047957190465115684 0.015155089440264554 -1.5269010961762571e-06 -0.0035776604972232911 -0.0012466280616876331 -0.00038928151041179681 -0.0017427655116966664 -0.0011622990659175114 0.0098067258432788448 0.0012722305282525256 0.0097648554788333543
leaf_weight=1946 21 30 26 26 24 330 20 35 27 33 82 22 21 1696 29 29 32 465 45
leaf_count=1946 21 30 26 26 24 330 20 35 27 33 82 22 21 1696 29 29 32 465 45
internal_value=0 0.00667219 0.00994654 -0.000215926 0.0141868 0.000320197 0.000263451 0.00436072 -0.000994432 0.000182506 0.00250066 0.0052004 0.00877664 4.30283e-05 0.000831413 -0.000530056 0.00459194 0.00181905 0.00525511
internal_weight=0 101 71 4838 45 2865 2839 55 1973 2784 158 76 54 2626 930 391 61 539 74
internal_count=4939 101 71 4838 45 2865 2839 55 1973 2784 158 76 54 2626 930 391 61 539 74
is_linear=0
shrinkage=0.0475495


Tree=16
num_leaves=20
num_cat=0
split_feature=3 3 10 2 12 14 15 0 14 21 21 14 22 15 15 18 5 2 5
split_gain=1.8834 1.02825 0.886483 0.810187 0.688817 0.424842 1.97435 0.591507 0.495932 0.53273 0.427151 0.50394 0.950898 0.531914 0.392953 0.368231 0.344062 0.504657 0.325867
threshold=4.4250000000000007 5.9650000000000007 3.9999999999999871 5.7198016849672018e-05 -2 1.2350000000000001 2.0050000000000003 0.0007605480737970299 1.155 0.0019437398392063712 0.007456963205243917 -0.24499999999999997 -0.0021986761127467665 0.42500000000000004 1.7150000000000001 0.18938772514077964 8.0950000000000006 0.00045753307835964309 7.5150000000000006
decision_type=2 2 2 2 2 2 2 2 2 2 2 2 2 2 2 2 2 2 2
left_child=3 2 4 15 -2 6 8 -7 10 -10 14 -12 -13 -14 16 -1 17 18 -5
right_child=1 -3 -4 5 -6 7 -8 -9 9 -11 11 12 13 -15 -16 -17 -18 -19 -20
leaf_value=-0.0010134269937528294 0.0081678635804483656 -0.0010156166554356923 0.0024588370250028164 -4.9534097927939924e-05 0.019888587397545586 -0.00051201028856639726 0.014811015099116372 0.0061789520191999512 0.0082477456854941501 -0.00014370351531673385 -0.0032964146509728634 0.013848422525069503 0.0082320582873426015 -0.00063676832889108918 0.0054595193031305991 0.0045220083807486211 -0.0033860718234753782 0.0059194712167855053 0.0036217846108104633
leaf_weight=1946 25 30 26 1237 20 1217 22 30 38 30 21 20 22 47 31 27 60 34 56
leaf_count=1946 25 30 26 1237 20 1217 22 30 38 30 21 20 22 47 31 27 60 34 56
internal_value=0 0.00629138 0.00937885 -0.000203602 0.0133771 0.000301922 0.000805164 -0.000351041 0.000612101 0.00454564 0.000437048 0.00326292 0.00481062 0.00219097 0.000217834 -0.000937676 0.000100681 0.000258333 0.000109471
internal_weight=0 101 71 4838 45 2865 1618 1247 1596 68 1528 110 89 69 1418 1973 1387 1327 1293
internal_count=4939 101 71 4838 45 2865 1618 1247 1596 68 1528 110 89 69 1418 1973 1387 1327 1293
is_linear=0
shrinkage=0.047074


Tree=17
num_leaves=20
num_cat=0
split_feature=3 3 10 2 16 3 18 18 11 15 15 19 2 17 22 3 14 15 22
split_gain=1.71025 0.933724 0.804986 0.735705 0.712702 0.406927 0.36986 0.673357 0.40902 0.42985 0.643258 0.910023 1.4382 0.634878 0.452431 0.919431 1.22448 1.45701 1.35647
threshold=4.4250000000000007 5.9650000000000007 3.9999999999999871 5.7198016849672018e-05 -4.2499999999999973 0.56500000000000006 -0.12017367570484337 -0.13692522312682795 7.9999999999999414 3.1550000000000007 2.8650000000000007 -0.0017939318787163481 0.00014308351389787574 0.41666666666666524 0.0013128157579516133 1.4850000000000001 0.41500000000000004 -0.094999999999999987 0.0025561501786768308
decision_type=2 2 2 2 2 2 2 2 2 2 2 2 2 2 2 2 2 2 2
left_child=3 2 4 -1 -2 -5 7 -7 9 10 14 -12 -13 -14 -8 16 17 -16 -19
right_child=1 -3 -4 5 -6 6 8 -9 -10 -11 11 12 13 -15 15 -17 -18 18 -20
leaf_value=-0.00088460048399512071 0.006349997261265959 -0.00095812945515418523 0.0023196588620625152 0.0060885762506102991 0.018106042285550399 -0.00010357851372650605 0.0001321094582730132 0.0088708372065217731 -0.0019372752902916384 -0.0013920660532691852 -0.0024133830532993917 -0.00070163648049612157 0.018385563264941149 0.0067836705384021817 -0.00072517772682070489 -0.0011180257948443645 -0.00034608827232152447 0.023341696554172536 0.0065722050773064913
leaf_weight=1973 21 30 26 26 24 46 1984 30 191 290 32 30 21 20 20 86 47 20 22
leaf_count=1973 21 30 26 26 24 46 1984 30 191 290 32 30 21 20 20 86 47 20 22
internal_value=0 0.00593527 0.00884797 -0.000192078 0.0126199 0.000284833 0.000231681 0.00343895 0.000143461 0.000297979 0.000512752 0.00411158 0.00705241 0.0127261 0.000342638 0.00248463 0.00532709 0.00962772 0.0145577
internal_weight=0 101 71 4838 45 2865 2839 76 2763 2572 2282 103 71 41 2179 195 109 62 42
internal_count=4939 101 71 4838 45 2865 2839 76 2763 2572 2282 103 71 41 2179 195 109 62 42
is_linear=0
shrinkage=0.0466033


Tree=18
num_leaves=20
num_cat=0
split_feature=2 6 8 2 13 18 21 18 4 1 1 1 15 19 7 22 0 21 20
split_gain=1.57605 0.636179 0.987266 0.582792 0.516944 0.538397 0.543449 0.453226 0.462957 0.701095 0.981746 0.800244 0.720839 0.729229 0.416403 0.621128 0.530858 0.465217 0.993987
threshold=0.00045753307835964309 -17.500000000000068 -6.0000000000000018 5.7198016849672018e-05 -0.50000000000000033 -0.0082373663234777666 0.00096345619459370379 0.11444342089623206 1.0000000000000122 0.00013364725762370135 0.00011715678915220956 0.00037856828575807277 1.8150000000000002 -0.0017244280992868564 -0.0057441269509423956 0.0020897547800522447 9.513374763871553e-05 0.0057555377755070811 -0.0011748388754058701
decision_type=2 2 2 2 2 2 2 2 2 2 2 2 2 2 2 2 2 2 2
left_child=3 -2 -3 -1 -4 -6 -7 8 14 10 12 -11 13 -10 17 -16 -17 -5 -19
right_child=1 2 4 7 5 6 -8 -9 9 11 -12 -13 -14 -15 15 16 -18 18 -20
leaf_value=-0.00083494140166742042 0.01060025449918971 0.012306109387266381 0.0061336337249522019 0.000618017265569065 -0.0030609106689746426 -0.0019370931447741592 0.0080418309735101594 -0.0021656658168254118 -0.00045555509932123923 -0.0006657020829081607 0.011957215546378923 0.0076699960817930178 -0.0023291661705451953 0.010314697166234607 -0.00051142724683755773 -0.00041494647778819054 0.0089360430705345741 -0.00039617051125750632 0.010421064775462379
leaf_weight=1973 27 21 39 680 58 21 26 162 23 197 30 28 40 32 1457 24 28 40 33
leaf_count=1973 27 21 39 680 58 21 26 162 23 197 30 28 40 32 1457 24 28 40 33
internal_value=0 0.00403501 0.0029607 -0.00022878 0.00159783 -8.68969e-05 0.00358316 0.000202351 0.000349219 0.00191074 0.00468114 0.000371629 0.00238343 0.00581077 0.000107604 -0.000334592 0.0046202 0.000993758 0.00449381
internal_weight=0 192 165 4747 144 105 47 2774 2612 350 125 225 95 55 2262 1509 52 753 73
internal_count=4939 192 165 4747 144 105 47 2774 2612 350 125 225 95 55 2262 1509 52 753 73
is_linear=0
shrinkage=0.0461372


Tree=19
num_leaves=20
num_cat=0
split_feature=2 15 15 21 2 8 18 4 1 20 1 6 1 3 5 14 15 21 2
split_gain=1.43398 0.595136 0.664526 1.21341 0.530256 0.472553 0.41237 0.421224 0.637895 0.916183 1.3842 0.85023 0.728106 0.490446 0.449626 0.696543 2.56126 2.05197 0.720721
threshold=0.00045753307835964309 0.48500000000000004 2.9150000000000005 0.0087793400632140157 5.7198016849672018e-05 1.583333333333359 0.11444342089623206 1.0000000000000122 0.00013364725762370135 -0.0017659636235906604 0.00011715678915220956 5.0000000000000497 0.00037856828575807277 0.56500000000000006 3.4250000000000003 1.2350000000000001 1.7350000000000001 -0.00099131420823173034 0.00027858242344636644
decision_type=2 2 2 2 2 2 2 2 2 2 2 2 2 2 2 2 2 2 2
left_child=4 -2 3 5 -1 -3 7 13 9 -9 11 -11 -10 -6 -15 16 18 -18 -16
right_child=1 2 -4 -5 6 -7 -8 8 12 10 -12 -13 -14 14 15 -17 17 -19 -20
leaf_value=-0.00078845537835733881 0.01070360739003073 -0.0017690347483737556 0.0090374138796955744 0.011125654036925123 0.0067375054393100393 0.0056674186162478553 -0.0020450905033421144 -0.00013724448284155246 -0.00062863851021305859 0.009494616032802496 0.017645025757758215 -0.0023027014387768207 0.0072429625788315351 -0.0014779604796541911 0.0011844535888136749 -0.00055470369472741105 0.021819503606871463 0.002091829931322078 -0.0025947901386554474
leaf_weight=1973 23 94 30 23 23 22 162 53 197 26 21 25 28 347 768 958 22 22 122
leaf_count=1973 23 94 30 23 23 22 162 53 197 26 21 25 28 347 768 958 22 22 122
internal_value=0 0.00381036 0.00287223 0.00154161 -0.000216042 -0.000358673 0.000191085 0.000329776 0.00180436 0.00442051 0.00777553 0.00371162 0.000350939 0.000101613 3.34466e-05 0.000310644 0.00119823 0.0119557 0.0006664
internal_weight=0 192 169 139 4747 116 2774 2612 350 125 72 51 225 2262 2239 1892 934 44 890
internal_count=4939 192 169 139 4747 116 2774 2612 350 125 72 51 225 2262 2239 1892 934 44 890
is_linear=0
shrinkage=0.0456759


Tree=20
num_leaves=20
num_cat=0
split_feature=0 8 8 2 1 18 15 21 15 0 12 3 14 14 18 0 3 3 1
split_gain=2.07224 1.07123 1.31088 0.997376 0.803827 0.818335 0.975847 1.71648 1.35549 0.949246 0.6809 0.630469 0.501936 1.15012 0.472927 0.425449 0.419396 0.811614 0.674443
threshold=0.0010988899644920446 -5.0000000000000009 1.0000000000000007 0.0002156797206106257 0.00053737710335938812 0.034269647546533062 2.1650000000000005 0.001604585695338834 0.13500000000000004 0.00054901410283091925 -5.0000000000000151 3.1350000000000002 1.8750000000000002 2.1350000000000002 -0.090647158817577997 0.00018320490782373046 1.5550000000000004 1.7850000000000004 9.7721174708813492e-05
decision_type=2 2 2 2 2 2 2 2 2 2 2 2 2 2 2 2 2 2 2
left_child=3 -2 -3 11 5 9 8 -8 -7 10 -5 16 14 -14 -12 -15 -1 18 -18
right_child=1 2 -4 4 -6 6 7 -9 -10 -11 12 -13 13 15 -16 -17 17 -19 -20
leaf_value=-0.00062811841691417245 0.01788105710986115 -0.0019859635969623926 0.013472442437584201 0.0096779946610331541 -0.0022324439856622898 0.013630162134928549 0.0029906454030424359 0.022823975095525386 -0.00026695865483300106 0.0091885689257954553 0.0061362827620045704 0.007175435711230551 0.010867128724401648 0.0049836647741141778 -0.001512845209799707 -0.0038436298186962422 0.00060602097275356452 -0.00086232316291411147 0.004526051111260935
leaf_weight=3198 21 32 24 20 105 23 24 20 74 36 22 28 33 21 248 39 300 491 173
leaf_count=3198 21 32 24 20 105 23 24 20 74 36 22 28 33 21 248 39 300 491 173
internal_value=0 0.00825052 0.00463907 -1.67413e-05 0.00178213 0.00253487 0.00582974 0.0120058 0.00302823 0.00142609 0.000696457 -0.000302243 0.000201607 0.00336958 -0.000889583 -0.000754077 -0.000352549 0.000561631 0.00203977
internal_weight=0 77 56 4855 665 560 141 44 97 419 383 4190 363 93 270 60 4162 964 473
internal_count=4932 77 56 4855 665 560 141 44 97 419 383 4190 363 93 270 60 4162 964 473
is_linear=0
shrinkage=0.05


Tree=21
num_leaves=20
num_cat=0
split_feature=0 5 3 5 12 2 1 8 14 1 3 5 3 18 1 2 2 14 8
split_gain=1.8702 1.07556 1.1485 0.95015 0.921984 0.583043 0.606388 1.13935 1.20194 1.71433 1.88929 0.614488 0.906936 0.896531 0.707329 0.54179 0.442712 0.762777 0.742992
threshold=0.0010988899644920446 16.380000000000003 3.8450000000000002 7.3650000000000011 9.0000000000000036 0.00058708685915927975 0.0003034757790248153 -3.0000000000000133 2.1650000000000005 0.00043498491542526724 2.2650000000000001 8.2250000000000032 1.8050000000000004 -0.024720658460319452 0.00015403123676409816 0.00011680431702560134 0.0002156797206106257 2.4225000000000003 -3.0000000000000133
decision_type=2 2 2 2 2 2 2 2 2 2 2 2 2 2 2 2 2 2 2
left_child=3 2 -2 16 5 6 11 -8 9 10 -9 12 13 -5 15 -15 -1 18 -18
right_child=1 -3 -4 4 -6 -7 7 8 -10 -11 -12 -13 -14 14 -16 -17 17 -19 -20
leaf_value=-0.00045333459734609409 0.0061020435710601954 -0.0012167369217976282 0.021202047541737559 0.015539043312892319 0.012257247930392623 -0.0028580776237155481 -0.0053329135446498789 0.022624160072976546 -0.0043498013345968159 0.0003041481991347514 0.0056738812157085964 -0.0010515160471704847 -1.9440312601932109e-05 0.005020290204662492 0.011750785185193475 -0.0037825250355847957 0.0067505999530355137 0.010704621725848743 -0.00023274992540058112
leaf_weight=3831 34 23 20 20 20 73 24 31 21 38 35 207 146 44 22 29 45 21 248
leaf_count=3831 34 23 20 20 20 73 24 31 21 38 35 207 146 44 22 29 45 21 248
internal_value=0 0.00783799 0.0116946 -1.59043e-05 0.00167417 0.00136741 0.00186735 0.00464535 0.00656117 0.00876435 0.0136354 0.000982897 0.0025964 0.00591737 0.00389176 0.00152328 -0.000305398 0.00149953 0.000839778
internal_weight=0 77 54 4855 710 690 617 149 125 104 66 468 261 115 95 73 4145 314 293
internal_count=4932 77 54 4855 710 690 617 149 125 104 66 468 261 115 95 73 4145 314 293
is_linear=0
shrinkage=0.05


Tree=22
num_leaves=20
num_cat=0
split_feature=0 5 12 5 12 2 1 8 14 15 1 5 3 3 18 2 5 10 2
split_gain=1.68785 0.970695 1.07732 0.857511 0.832091 0.526196 0.547265 1.02826 1.08475 1.87625 1.79099 0.554576 0.81851 0.851558 0.898509 0.658002 0.431327 1.45136 0.430167
threshold=0.0010988899644920446 16.380000000000003 -1.0000000180025095e-35 7.3650000000000011 9.0000000000000036 0.00058708685915927975 0.0003034757790248153 -3.0000000000000133 2.1650000000000005 2.3950000000000005 0.00039019123253236908 8.2250000000000032 1.8050000000000004 1.675 -0.0050826659777835062 0.00011680431702560134 2.5950000000000002 -1.0000000180025095e-35 0.0002156797206106257
decision_type=2 2 2 2 2 2 2 2 2 2 2 2 2 2 2 2 2 2 2
left_child=3 2 -2 16 5 6 11 -8 9 10 -9 12 13 15 -15 -5 17 -1 -18
right_child=1 -3 -4 4 -6 -7 7 8 -10 -11 -12 -13 -14 14 -16 -17 18 -19 -20
leaf_value=0.01382362223027841 0.019962955372674125 -0.001155899845711563 0.005476146936416626 0.0060507133416831498 0.011644385596737266 -0.0027151737043200289 -0.0050662678433582194 0.012222089299834088 -0.004132311285606453 0.019958268414036587 -0.0029359140410088005 -0.00099894025043588907 -1.8468289955021585e-05 0.0184616000524589 0.0046717225884397827 -0.0040513273535503283 -0.00050166232507446512 -0.0019392074435018005 0.0014245524344028563
leaf_weight=23 21 23 33 40 20 73 24 38 21 26 40 207 146 21 27 27 3768 40 314
leaf_count=23 21 23 33 40 20 73 24 38 21 26 40 207 146 21 27 27 3768 40 314
internal_value=0 0.00744609 0.0111099 -1.51091e-05 0.00159046 0.00129904 0.00177398 0.00441308 0.00623311 0.00832613 0.00444875 0.000933752 0.00246658 0.0056215 0.0107048 0.00197974 -0.000290128 0.00381548 -0.000353492
internal_weight=0 77 54 4855 710 690 617 149 125 104 78 468 261 115 48 67 4145 63 4082
internal_count=4932 77 54 4855 710 690 617 149 125 104 78 468 261 115 48 67 4145 63 4082
is_linear=0
shrinkage=0.05


Tree=23
num_leaves=20
num_cat=0
split_feature=0 8 8 5 12 3 1 2 3 5 15 14 21 10 7 5 10 3 2
split_gain=1.52329 0.880454 1.10261 0.773903 0.750962 0.493278 0.437014 1.44383 1.52073 0.992242 0.661437 0.929771 0.785824 1.2621 0.618567 0.389272 1.30985 0.404578 0.518193
threshold=0.0010988899644920446 -5.0000000000000009 1.0000000000000007 7.3650000000000011 9.0000000000000036 2.5750000000000006 0.0003034757790248153 0.0003445088108923069 1.885 8.2250000000000032 3.1550000000000007 1.885 -0.0021513623565591606 0.50000000000005607 -0.0043739675529162461 2.5950000000000002 -1.0000000180025095e-35 1.0350000000000004 0.00045753307835964309
decision_type=2 2 2 2 2 2 2 2 2 2 2 2 2 2 2 2 2 2 2
left_child=3 -2 -3 15 5 6 9 8 -8 10 11 12 13 -5 -9 16 -1 -17 -19
right_child=1 2 -4 4 -6 -7 7 14 -10 -11 -12 -13 -14 -15 -16 17 -18 18 -20
leaf_value=0.013132441464973534 0.015804755439360937 -0.0022763324086554348 0.011901021841913462 0.0019877337043484053 0.011062166104093194 -0.00090353669449879043 0.0033567592639614039 0.0062199089952089176 0.021066025322811169 -0.0017886966596581514 -0.0010883171963742223 0.015191865796223284 0.00073501481999491537 0.017969752200657413 -0.0033138469529702614 -0.00099479007884478222 -0.0018422470800578594 -2.6516809152809454e-05 0.0075119367598191558
leaf_weight=23 21 32 24 30 20 194 27 27 22 158 59 20 86 21 46 1483 40 2576 23
leaf_count=23 21 32 24 30 20 194 27 27 22 158 59 20 86 21 46 1483 40 2576 23
internal_value=0 0.00707379 0.00379968 -1.43536e-05 0.00151093 0.00123409 0.00207017 0.00466873 0.0113079 0.00122252 0.00342516 0.00512131 0.00365115 0.00856856 0.000212337 -0.000275621 0.0036247 -0.000335817 4.01952e-05
internal_weight=0 77 56 4855 710 690 496 122 49 374 216 157 137 51 73 4145 63 4082 2599
internal_count=4932 77 56 4855 710 690 496 122 49 374 216 157 137 51 73 4145 63 4082 2599
is_linear=0
shrinkage=0.05


Tree=24
num_leaves=20
num_cat=0
split_feature=0 8 8 3 14 22 22 6 18 14 1 0 7 15 9 2 7 15 18
split_gain=1.37477 0.79461 0.995109 0.708255 0.788861 0.807234 1.03686 0.653654 0.572892 0.38316 0.410958 0.80977 1.18179 0.465353 1.41024 0.554587 0.753413 1.05406 0.574543
threshold=0.0010988899644920446 -5.0000000000000009 1.0000000000000007 1.5550000000000004 0.35500000000000004 0.0017796216833018132 0.0023632875933337076 12.999999999999924 0.047423416455329111 -0.20499999999999999 0.00053737710335938812 0.00054901410283091925 0.0053219812838464229 0.76500000000000012 1.9999999999999993 0.00027858242344636644 -0.0057441269509423956 2.2150000000000003 0.034269647546533062
decision_type=2 2 2 2 2 2 2 2 2 2 2 2 2 2 2 2 2 2 2
left_child=3 -2 -3 4 5 7 -7 -1 -8 -5 11 13 -13 14 -11 -15 17 -17 -18
right_child=1 2 -4 9 -6 6 8 -9 -10 10 -12 12 -14 15 -16 16 18 -19 -20
leaf_value=-4.6486496165290401e-05 0.015014517733028957 -0.002162515715463087 0.011305970652028919 -0.0019180057179515383 -0.0010198207503814543 0.014606383021566131 -0.00046926004541737422 0.0067060492806942087 0.00785548635007393 0.00097980051025472309 -0.0022235912666114612 0.016943374257534744 -0.00024522846564650535 0.0002797536048072654 0.012528649480747327 0.00077061103074811405 -0.00086828774362001379 0.013162901297815749 0.0084731546975672246
leaf_weight=1142 21 32 24 112 2073 21 62 37 31 108 86 20 20 926 35 32 93 37 20
leaf_count=1142 21 32 24 112 2073 21 62 37 31 108 86 20 20 926 35 32 93 37 20
internal_value=0 0.0067201 0.00360969 -1.36359e-05 -0.000415298 0.000553903 0.00457158 0.000165425 0.00230566 0.000894352 0.0011231 0.00134604 0.00834907 0.00112212 0.00380644 0.000775678 0.0032989 0.00741575 0.000785065
internal_weight=0 77 56 4855 3366 1293 114 1179 93 1489 1377 1291 40 1251 143 1108 182 69 113
internal_count=4932 77 56 4855 3366 1293 114 1179 93 1489 1377 1291 40 1251 143 1108 182 69 113
is_linear=0
shrinkage=0.05


Tree=25
num_leaves=20
num_cat=0
split_feature=3 3 10 12 6 2 21 22 18 6 12 5 10 17 2 3 3 7 3
split_gain=1.00546 0.7156 0.658103 0.554775 0.38122 0.456886 0.612708 0.360693 0.77746 0.7253 0.522911 0.36362 1.29115 0.328947 0.322189 0.355617 0.404374 0.648777 0.742704
threshold=4.4250000000000007 5.9650000000000007 3.9999999999999871 -2 23.499999999999947 0.00065272114878945785 0.00096345619459370379 0.0017796216833018132 0.047423416455329111 9.9999999999999876 -1.0000000180025095e-35 2.5950000000000002 -1.0000000180025095e-35 -3.9999999999999951 6.5708049601884884e-05 2.6050000000000004 2.0250000000000004 0.0064424994901133301 2.0850000000000004
decision_type=2 2 2 2 2 2 2 2 2 2 2 2 2 2 2 2 2 2 2
left_child=4 2 3 -2 5 7 -7 11 13 10 -10 12 -1 -9 -13 16 -16 18 -18
right_child=1 -3 -4 -5 -6 6 -8 8 9 -11 -12 14 -14 -15 15 -17 17 -19 -20
leaf_value=0.01327128533951261 0.0062852415889501582 -0.0016186056099832058 0.0012587716086552693 0.017457724027335645 -0.0040485939217938319 -0.00037725425359827502 0.010863658997484229 0.0053329216710363446 0.0050801700539886956 -0.0010137234126096186 0.015927057745866478 -0.00082133521380115156 -0.0016212924080359382 -0.0006713127547133995 -7.4278466874027756e-05 -0.0026604496046964982 0.011361384302101754 -0.0012690749868531437 0.0023880611916508856
leaf_weight=22 25 30 26 20 63 27 22 26 25 23 20 1975 43 186 2003 116 27 102 158
leaf_count=22 25 30 26 20 63 27 22 26 25 23 20 1975 43 186 2003 116 27 102 158
internal_value=0 0.00485599 0.00759174 0.0112508 -0.000184555 -0.000133574 0.00466969 -0.000183375 0.00155722 0.00620926 0.00990101 -0.000292994 0.00341927 6.50556e-05 -0.000348072 4.04129e-05 0.000177225 0.00193249 0.00369768
internal_weight=0 101 71 45 4838 4775 49 4726 280 68 45 4446 65 212 4381 2406 2290 287 185
internal_count=4939 101 71 45 4838 4775 49 4726 280 68 45 4446 65 212 4381 2406 2290 287 185
is_linear=0
shrinkage=0.05


Tree=26
num_leaves=20
num_cat=0
split_feature=3 3 19 19 6 2 21 2 7 6 2 22 21 9 6 7 13 9 5
split_gain=0.907426 0.645829 0.604913 0.477056 0.344051 0.41234 0.552969 0.326448 0.372273 0.472498 0.539739 0.522138 0.419208 0.571824 0.790712 0.427854 0.445369 0.413005 0.482108
threshold=4.4250000000000007 5.9650000000000007 0.0046175415366794823 -0.0032467532467532196 23.499999999999947 0.00065272114878945785 0.00096345619459370379 5.3817447862802925e-05 -0.0057441269509423956 12.000000000000057 0.00022481728214852851 0.0033585093811038251 0.0057555377755070811 -5.0000000000000151 -1.0000000180025095e-35 -0.022323240522769679 2.5000000000000249 -4.9999999999999591 7.4150000000000009
decision_type=2 2 2 2 2 2 2 2 2 2 2 2 2 2 2 2 2 2 2
left_child=4 2 3 -2 5 7 -7 -1 12 11 -11 -10 15 -14 -15 -9 17 -17 -19
right_child=1 -3 -4 -5 -6 6 -8 8 9 10 -12 -13 13 14 -16 16 -18 18 -20
leaf_value=-0.00068640218013083388 0.0056954573150034306 -0.0015376752708107233 9.0800278953143541e-05 0.015494727926409763 -0.0038461642354608531 -0.00035839152556878555 0.010320476002313873 -0.00072294964247252328 -0.00053815547090971738 0.00058378973500985726 0.0094356656862566099 0.0063446261188281443 -0.0030658287395324028 0.0013227873204930409 0.011968395486474038 -0.0014537443078626864 0.0065657222294248641 0.0010232919213012791 0.0054533339228088921
leaf_weight=1876 27 30 21 23 63 27 22 363 1733 51 26 28 21 37 33 122 40 320 76
leaf_count=1876 27 30 21 23 63 27 22 363 1733 51 26 28 21 37 33 122 40 320 76
internal_value=0 0.00461319 0.00721215 0.0102031 -0.000175327 -0.000126895 0.0044362 -0.000174206 0.000162945 -0.000261085 0.00357273 -0.000428719 0.000933069 0.00417053 0.00634143 0.00061319 0.0014824 0.00108986 0.0018735
internal_weight=0 101 71 50 4838 4775 49 4726 2850 1838 77 1761 1012 91 70 921 558 518 396
internal_count=4939 101 71 50 4838 4775 49 4726 2850 1838 77 1761 1012 91 70 921 558 518 396
is_linear=0
shrinkage=0.05


Tree=27
num_leaves=20
num_cat=0
split_feature=3 3 10 12 14 15 2 10 15 20 4 0 4 0 3 8 3 6 7
split_gain=0.818952 0.58286 0.586936 0.495085 0.323311 0.545736 0.655352 0.909442 0.585503 0.541031 0.489266 0.465028 0.40357 0.608509 0.454689 0.442995 0.419428 1.13115 0.369253
threshold=4.4250000000000007 5.9650000000000007 3.9999999999999871 -2 0.34500000000000003 0.94500000000000006 7.4309784186484963e-05 1.0000000180025095e-35 1.7150000000000001 -0.0020481293211084268 2.4999999999999916 0.00022294060572413982 4.4999999999999938 0.00083847046510839821 1.5450000000000002 7.0000000000000044 1.5650000000000002 0.99999999999988998 0.010603217920291176
decision_type=2 2 2 2 2 2 2 2 2 2 2 2 2 2 2 2 2 2 2
left_child=4 2 3 -2 5 10 7 -7 9 -8 -1 -12 13 14 -6 16 17 -16 -18
right_child=1 -3 -4 -5 12 6 8 -9 -10 -11 11 -13 -14 -15 15 -17 18 -19 -20
leaf_value=-0.00012901922044123812 0.0056162728220224382 -0.0014607915841042996 0.00087079550497806994 0.01617061257362366 -0.00088362854103252175 0.015480011642317881 0.0048308030537822675 0.00093310524132989708 0.0068219115655567195 -0.0027271383549444953 0.0012164526645626341 0.010773898800835013 -0.0044330290744021058 0.0066109069262541113 -0.00182280806988916 0.007364211485467175 0.00056654255844092248 0.011885181790286746 -0.0014067491699955358
leaf_weight=1221 25 30 26 20 2048 22 34 21 37 78 35 20 62 31 34 22 811 27 335
leaf_count=1221 25 30 26 20 2048 22 34 21 37 78 35 20 62 31 34 22 811 27 335
internal_value=0 0.00438253 0.00685155 0.0103071 -0.000166561 0.000452737 0.002938 0.00837571 0.00136873 -0.000432763 7.87785e-05 0.00469189 -0.000436332 -0.000361424 -0.000427381 0.000332907 0.000204747 0.00424466 -1.02923e-05
internal_weight=0 101 71 45 4838 1468 192 43 149 112 1276 55 3370 3308 3277 1229 1207 61 1146
internal_count=4939 101 71 45 4838 1468 192 43 149 112 1276 55 3370 3308 3277 1229 1207 61 1146
is_linear=0
shrinkage=0.05


Tree=28
num_leaves=20
num_cat=0
split_feature=3 3 19 19 6 2 3 22 18 6 12 5 6 0 3 7 8 1 22
split_gain=0.739104 0.526031 0.526428 0.438324 0.302433 0.354374 0.546349 0.306303 0.698259 0.643594 0.463752 0.318564 1.04256 0.310244 0.555119 0.380019 0.28678 0.760833 0.911436
threshold=4.4250000000000007 5.9650000000000007 0.0046175415366794823 -0.0032467532467532196 23.499999999999947 0.00065272114878945785 2.2450000000000006 0.0017796216833018132 0.047423416455329111 9.9999999999999876 -1.0000000180025095e-35 2.5950000000000002 -1.0000000180025095e-35 7.4467991278329173e-05 1.4750000000000003 1.0000000180025095e-35 -6.0000000000000018 0.00015403123676409816 -4.8088489487507762e-05
decision_type=2 2 2 2 2 2 2 2 2 2 2 2 2 2 2 2 2 2 2
left_child=4 2 3 -2 5 7 -7 11 13 10 -10 12 -1 -9 15 -15 17 18 -13
right_child=1 -3 -4 -5 -6 6 -8 8 9 -11 -12 16 -14 14 -16 -17 -18 -19 -20
leaf_value=-0.0019533511752692556 0.0049783597665804405 -0.0013877519965171815 -0.00013435658599649156 0.014371414806531825 -0.0035998918167832825 0.01047496633604169 -0.00026713488623499872 -0.0016415786114521325 0.0047936803176999096 -0.00094795273211987119 0.015008579194545747 0.013148951102048161 0.010972448266469516 0.00089535257235790291 -0.0023099794721183104 0.0094009751582454001 -0.00038775870420324583 -0.0016617163363844157 0.0016016686007518462
leaf_weight=39 27 30 21 23 63 20 29 120 25 23 20 25 26 24 39 29 4222 80 54
leaf_count=39 27 30 21 23 63 20 29 120 25 23 20 25 26 24 39 29 4222 80 54
internal_value=0 0.00416341 0.00650897 0.00929917 -0.000158233 -0.000112824 0.0041174 -0.000156684 0.00144732 0.00585604 0.00933364 -0.000257701 0.00321697 3.31986e-05 0.00221769 0.00554937 -0.000309254 0.00177532 0.00525587
internal_weight=0 101 71 50 4838 4775 49 4726 280 68 45 4446 65 212 92 53 4381 159 79
internal_count=4939 101 71 50 4838 4775 49 4726 280 68 45 4446 65 212 92 53 4381 159 79
is_linear=0
shrinkage=0.05


Tree=29
num_leaves=20
num_cat=0
split_feature=3 3 10 16 4 1 4 18 3 22 14 8 15 15 15 20 1 3 4
split_gain=0.667041 0.474743 0.52377 0.505772 0.287381 0.416757 0.36133 0.406977 0.303712 0.279715 0.542544 0.735731 1.40769 0.270388 0.69326 0.269176 0.606008 0.36535 0.26421
threshold=4.4250000000000007 5.9650000000000007 3.9999999999999871 -4.2499999999999973 4.4999999999999938 0.00088222965584378379 1.0000000000000122 -0.075222179180033807 0.56500000000000006 0.0013128157579516133 0.75500000000000012 1.0000000000000007 0.85500000000000009 3.0650000000000004 2.7850000000000006 0.0049158532911973704 0.00014731792111638038 2.3850000000000002 2.4999999999999916
decision_type=2 2 2 2 2 2 2 2 2 2 2 2 2 2 2 2 2 2 2
left_child=4 2 3 -2 5 6 8 -8 -1 -10 11 -11 -13 14 15 17 -17 18 -9
right_child=1 -3 -4 -5 -6 -7 7 13 9 10 -12 12 -14 -15 -16 16 -18 -19 -20
leaf_value=0.004910721197458251 0.0037810416093894414 -0.0013183643048008285 0.00053375145563712488 0.01440627177556356 -0.0030319659488604353 0.0053371266807828634 0.0067474755909173725 -0.0017247733200275448 -0.00043115544195119007 0.00071824240302176853 -0.001033442237289848 0.0018985147336246196 0.018362904144451023 -0.0025631809750428568 0.010340501964092256 0.01051188920225416 -0.0015000850583116213 0.0047378837059323603 0.0015695440794595264
leaf_weight=28 21 30 26 24 85 35 31 158 3921 114 157 37 20 52 20 21 21 39 99
leaf_count=28 21 30 26 24 85 35 31 158 3921 114 157 37 20 52 20 21 21 39 99
internal_value=0 0.00395524 0.00618352 0.00944783 -0.000150321 -9.87873e-05 -0.000139113 0.00122357 -0.000279618 -0.000313822 0.00108882 0.00303733 0.00767549 0.000805904 0.00129527 0.000760047 0.0045059 0.000228541 -0.000455756
internal_weight=0 101 71 45 4838 4753 4718 441 4277 4249 328 171 57 410 358 338 42 296 257
internal_count=4939 101 71 45 4838 4753 4718 441 4277 4249 328 171 57 410 358 338 42 296 257
is_linear=0
shrinkage=0.05


end of trees

feature_importances:
f_3=79
f_2=54
f_1=51
f_15=48
f_5=38
f_14=32
f_18=25
f_6=24
f_21=24
f_0=22
f_8=22
f_22=22
f_10=19
f_7=16
f_12=15
f_4=14
f_19=13
f_20=13
f_16=9
f_17=9
f_9=8
f_11=7
f_13=6

parameters:
[boosting: gbdt]
[objective: regression]
[metric: binary_logloss]
[tree_learner: serial]
[device_type: cpu]
[data: ]
[valid: ]
[num_iterations: 10]
[learning_rate: 0.05]
[num_leaves: 20]
[num_threads: 0]
[deterministic: 0]
[force_col_wise: 0]
[force_row_wise: 0]
[histogram_pool_size: -1]
[max_depth: -1]
[min_data_in_leaf: 20]
[min_sum_hessian_in_leaf: 0.001]
[bagging_fraction: 0.7]
[pos_bagging_fraction: 1]
[neg_bagging_fraction: 1]
[bagging_freq: 5]
[bagging_seed: 3]
[feature_fraction: 0.9]
[feature_fraction_bynode: 1]
[feature_fraction_seed: 2]
[extra_trees: 0]
[extra_seed: 6]
[early_stopping_round: 0]
[first_metric_only: 0]
[max_delta_step: 0]
[lambda_l1: 0]
[lambda_l2: 0]
[linear_lambda: 0]
[min_gain_to_split: 0]
[drop_rate: 0.1]
[max_drop: 50]
[skip_drop: 0.5]
[xgboost_dart_mode: 0]
[uniform_drop: 0]
[drop_seed: 4]
[top_rate: 0.2]
[other_rate: 0.1]
[min_data_per_group: 100]
[max_cat_threshold: 32]
[cat_l2: 10]
[cat_smooth: 10]
[max_cat_to_onehot: 4]
[top_k: 20]
[monotone_constraints: ]
[monotone_constraints_method: basic]
[monotone_penalty: 0]
[feature_contri: ]
[forcedsplits_filename: ]
[refit_decay_rate: 0.9]
[cegb_tradeoff: 1]
[cegb_penalty_split: 0]
[cegb_penalty_feature_lazy: ]
[cegb_penalty_feature_coupled: ]
[path_smooth: 0]
[interaction_constraints: ]
[verbosity: 0]
[saved_feature_importance_type: 0]
[linear_tree: 0]
[max_bin: 255]
[max_bin_by_feature: ]
[min_data_in_bin: 3]
[bin_construct_sample_cnt: 200000]
[data_random_seed: 1]
[is_enable_sparse: 1]
[enable_bundle: 1]
[use_missing: 1]
[zero_as_missing: 0]
[feature_pre_filter: 1]
[pre_partition: 0]
[two_round: 0]
[header: 0]
[label_column: ]
[weight_column: ]
[group_column: ]
[ignore_column: ]
[categorical_feature: ]
[forcedbins_filename: ]
[precise_float_parser: 0]
[objective_seed: 5]
[num_class: 1]
[is_unbalance: 0]
[scale_pos_weight: 1]
[sigmoid: 1]
[boost_from_average: 1]
[reg_sqrt: 0]
[alpha: 0.9]
[fair_c: 1]
[poisson_max_delta_step: 0.7]
[tweedie_variance_power: 1.5]
[lambdarank_truncation_level: 30]
[lambdarank_norm: 1]
[label_gain: ]
[eval_at: ]
[multi_error_top_k: 1]
[auc_mu_weights: ]
[num_machines: 1]
[local_listen_port: 12400]
[time_out: 120]
[machine_list_filename: ]
[machines: ]
[gpu_platform_id: -1]
[gpu_device_id: -1]
[gpu_use_dp: 0]
[num_gpu: 1]

end of parameters

pandas_categorical:[]
