tree
version=v3
num_class=1
num_tree_per_iteration=1
label_index=0
max_feature_idx=22
objective=regression
feature_names=f_0 f_1 f_2 f_3 f_4 f_5 f_6 f_7 f_8 f_9 f_10 f_11 f_12 f_13 f_14 f_15 f_16 f_17 f_18 f_19 f_20 f_21 f_22
feature_infos=[3.5138360446667107e-07:0.0066553821535006137] [2.5600331918768856e-06:0.0039732576088439284] [9.2225614268401974e-06:0.0029579505118275174] [0.53000000000000003:6.5599999999999996] [-33.000000000000007:46] [2.4100000000000001:21.82] [-101.00000000000016:144.99999999999994] [-0.15710919088766695:0.17837578087457961] [-81:74] [-46:33.999999999999986] [-51.000000000000021:33.999999999999986] [-33.000000000000007:27.999999999999979] [-41:96.000000000000014] [-36.000000000000007:32.999999999999986] [-0.52000000000000002:2.9100000000000001] [-0.94999999999999996:3.8500000000000001] [-52:73.999999999999972] [-28.000000000000004:24.000000000000004] [-0.29572649572649579:0.64215246636771273] [-0.02958455728073861:0.047292143401983289] [-0.054746473503621829:0.033993115318416534] [-0.039377561323276189:0.045346674363414774] [-0.019984292877423981:0.018327052533256172]
tree_sizes=1794 1872 1871 1892 1874 1860 1871 1869 1878 1902

Tree=0
num_leaves=20
num_cat=0
split_feature=1 3 1 3 14 6 3 15 18 3 21 22 9 11 14 15 12 10 9
split_gain=12.4941 4.75446 2.31081 3.92233 1.51292 1.89628 3.21429 2.22706 1.48125 1.39697 1.24988 1.13499 1.05202 1.65247 1.44473 1.39936 1.39277 1.98216 1.18961
threshold=8.5935968161977044e-05 1.4850000000000001 0.0010567632396975984 5.9200000000000008 0.31500000000000006 6.9999999999999627 1.1650000000000003 1.1650000000000003 -0.051442525367376472 0.56500000000000006 -0.0023088980694708767 2.4162906315239322e-05 0.49999999999999495 2.9999999999999587 2.1350000000000002 2.5650000000000004 1.9999999999999896 3.0000000000000142 2.7499999999999862
decision_type=2 2 2 2 2 2 2 2 2 2 2 2 2 2 2 2 2 2 2
left_child=9 4 8 -4 5 7 -7 -2 10 -1 11 -3 -10 16 15 -15 17 18 -14
right_child=1 2 3 -5 -6 6 -8 -9 12 -11 -12 -13 13 14 -16 -17 -18 -19 -20
leaf_value=0.11418733127835852 0.10418026898234903 0.10705080634932099 0.13502066492213272 0.10612573695533285 0.101687331092094 0.13055637914132395 0.10377066445647143 0.12103256947559862 0.10915031166958968 0.10204992979300007 0.10312512454074885 0.12103256947559862 0.11423814428724578 0.10983127060738755 0.10363625585231805 0.12218464322548475 0.12738177591941552 0.12460399810024562 0.099603997727716595
leaf_weight=24 295 47 24 23 264 21 24 21 529 1942 142 21 41 88 62 31 27 32 21
leaf_count=24 295 47 24 23 264 21 24 21 529 1942 142 21 41 88 62 31 27 32 21
internal_value=0.104846 0.108039 0.110036 0.120881 0.104564 0.106668 0.116271 0.1053 0.109546 0.102198 0.105794 0.111369 0.110494 0.112849 0.109825 0.113049 0.117373 0.114498 0.109281
internal_weight=0 1713 1088 47 625 361 45 316 1041 1966 210 68 831 302 181 119 121 94 62
internal_count=3679 1713 1088 47 625 361 45 316 1041 1966 210 68 831 302 181 119 121 94 62
is_linear=0
shrinkage=1


Tree=1
num_leaves=20
num_cat=0
split_feature=5 0 1 3 1 1 1 1 0 14 2 16 2 0 3 3 8 0 5
split_gain=11.2852 3.42138 2.21306 3.53991 2.15848 1.91148 1.56988 1.48174 2.10501 1.48917 2.59623 3.27621 1.62507 1.90786 2.70549 1.49168 1.18377 1.183 1.12939
threshold=6.5250000000000012 6.4293806717573889e-05 0.0010567632396975984 5.9200000000000008 0.00026710277035244093 6.1761306131628911e-05 0.00053623892310966626 0.00044428057153355255 0.00052761230083392364 1.2350000000000001 0.00015863812416232217 1.0000000000000122 0.00028325790669639909 0.00029294299535326018 2.4450000000000007 3.1250000000000004 -3.0000000000000133 0.00010925982477638226 5.7250000000000005
decision_type=2 2 2 2 2 2 2 2 2 2 2 2 2 2 2 2 2 2 2
left_child=1 -1 5 -4 16 -2 18 8 9 10 11 -7 15 14 -14 -11 17 -3 -6
right_child=2 4 3 -5 6 7 -8 -9 -10 12 -12 -13 13 -15 -16 -17 -18 -19 -20
leaf_value=-0.0030445697881719648 -0.0037136077259977661 0.011392174093496233 0.028665633220225573 0.0012154525388842043 0.00741837991135461 0.007810450436652832 -0.0016376905005287242 -0.00077365793568908055 0.019517963594542102 0.0016530206551748602 0.0025635802994171779 0.028273809821374958 0.022459025862740307 0.0003735223828360092 0.0042948512860187674 0.012695086431322675 -0.0006942433964141284 0.00085983842815438361 0.021875603005967359
leaf_weight=1632 72 42 24 23 35 53 27 106 26 418 75 31 41 43 41 33 862 73 22
leaf_count=1632 72 42 24 23 35 53 27 106 26 418 75 31 41 43 41 33 862 73 22
internal_value=0 -0.00160759 0.00464462 0.0152326 0.000602724 0.00411465 0.00829392 0.00476475 0.0055362 0.00504161 0.00932522 0.0153624 0.00385915 0.00890376 0.0133769 0.00246098 -5.85448e-05 0.00470643 0.0129984
internal_weight=0 2693 986 47 1061 939 84 867 761 735 159 84 576 125 82 451 977 115 57
internal_count=3679 2693 986 47 1061 939 84 867 761 735 159 84 576 125 82 451 977 115 57
is_linear=0
shrinkage=0.05


Tree=2
num_leaves=20
num_cat=0
split_feature=1 3 15 2 3 2 5 14 2 16 3 3 3 3 14 6 3 15 5
split_gain=10.2884 3.93925 2.05406 5.38352 3.08682 1.94734 1.89098 1.35776 2.37363 4.08388 1.98988 1.40111 1.80996 2.97486 1.34316 1.68962 2.92619 1.98502 1.30631
threshold=8.5935968161977044e-05 1.4850000000000001 2.8950000000000005 0.00022932187716886209 2.0450000000000004 0.00072509667545322032 2.5750000000000006 1.2350000000000001 0.00015136415005260825 1.0000000000000122 2.1950000000000007 2.5550000000000002 3.1250000000000004 5.2700000000000005 0.31500000000000006 6.9999999999999627 1.1650000000000003 1.1650000000000003 5.0550000000000006
decision_type=2 2 2 2 2 2 2 2 2 2 2 2 2 2 2 2 2 2 2
left_child=6 14 7 -4 -5 -6 -1 8 9 -3 -9 -12 -13 -14 15 17 -17 -2 -8
right_child=1 2 3 4 5 -7 18 10 -10 -11 11 12 13 -15 -16 16 -18 -19 -20
leaf_value=0.0091145702770778127 -0.00063223520199121063 0.0051957006687703344 0.0039361016415059569 0.036197261121124029 0.0057881672041756767 0.023478990859751192 -0.0033778483172777307 -0.001152239042119338 0.0024752768312955834 0.026164068611604831 0.0092216668732925857 -0.0027990004764153406 0.023173068633133717 0.0017261031465452227 -0.0029767225623469461 0.024410991548072726 -0.0011461636982858182 0.015277936362794467 -0.00040322264180456848
leaf_weight=35 295 69 200 20 35 28 1434 260 154 35 113 91 22 61 264 21 24 21 497
leaf_count=35 295 69 200 20 35 28 1434 260 154 35 113 91 22 61 264 21 24 21 497
internal_value=0 0.00289729 0.00471458 0.00837867 0.0190836 0.0136508 -0.00240347 0.00342645 0.00641643 0.0122524 0.00201619 0.00488655 0.00207121 0.00741084 -0.000266247 0.00171593 0.0107805 0.000425086 -0.00261224
internal_weight=0 1713 1088 283 83 63 1966 805 258 104 547 287 174 83 625 361 45 316 1931
internal_count=3679 1713 1088 283 83 63 1966 805 258 104 547 287 174 83 625 361 45 316 1931
is_linear=0
shrinkage=0.05


Tree=3
num_leaves=20
num_cat=0
split_feature=1 5 1 5 1 3 1 0 19 14 2 16 6 5 19 1 5 1 15
split_gain=9.28527 3.56138 1.90189 1.70661 1.48117 3.14378 1.50087 1.71594 1.50074 1.88197 2.29579 2.14357 1.47312 2.47138 1.37698 1.35461 1.17895 1.06488 0.901888
threshold=8.5935968161977044e-05 6.5250000000000012 0.00026710277035244093 2.5750000000000006 0.0010567632396975984 5.9200000000000008 0.00044428057153355255 0.00052761230083392364 0.0065473339867291322 1.2350000000000001 0.00015863812416232217 1.0000000000000122 6.9999999999999627 4.7550000000000008 -0.0022514071294559286 0.00044428057153355255 5.0550000000000006 3.7838225880678947e-05 2.8750000000000004
decision_type=2 2 2 2 2 2 2 2 2 2 2 2 2 2 2 2 2 2 2
left_child=3 2 12 -1 6 -6 7 8 9 10 11 -3 -2 -14 -4 -16 -5 -18 -11
right_child=1 4 14 16 5 -7 -8 -9 -10 18 -12 -13 13 -15 15 -17 17 -19 -20
leaf_value=0.0086588418377297263 -0.0010685450063561495 0.010115935582969641 0.017515169680118563 -0.0032089559366534279 0.026369661930948498 0.00050090797569440763 -0.00096173110716747797 0.018031072616577149 -0.00095053641225702028 0.002643417151604625 0.0043189121161897976 0.028644702059251292 0.017710790333562886 0.00052272788683573404 0.010010106938288493 -0.0053217380940914156 -0.0045079783794759699 0.00091552334054121904 0.0073368719146575459
leaf_weight=35 689 37 25 1434 24 23 106 26 93 278 60 27 29 75 34 25 119 378 162
leaf_count=35 689 37 25 1434 24 23 106 26 93 278 60 27 29 75 34 25 119 378 162
internal_value=0 0.00275242 0.000526533 -0.0022833 0.00508748 0.0137105 0.00457381 0.00543292 0.00493436 0.00590474 0.0113454 0.0179328 -0.000231286 0.00531555 0.00768071 0.00351356 -0.00248163 -0.000383062 0.00437146
internal_weight=0 1713 877 1966 836 47 789 683 657 564 124 64 793 104 84 59 1931 497 440
internal_count=3679 1713 877 1966 836 47 789 683 657 564 124 64 793 104 84 59 1931 497 440
is_linear=0
shrinkage=0.05


Tree=4
num_leaves=20
num_cat=0
split_feature=1 3 15 2 3 21 22 3 1 14 6 17 15 3 14 2 16 3 3
split_gain=8.37996 3.28637 1.74793 4.71065 2.77321 1.77932 1.52386 1.321 3.40079 1.2018 1.40438 2.66103 1.76431 1.16743 1.10178 1.96982 3.37145 1.76425 1.2484
threshold=8.5935968161977044e-05 1.4850000000000001 2.8950000000000005 0.00022932187716886209 2.0450000000000004 0.0051427030701910468 -2.9269934668896266e-05 1.8650000000000004 0.00015078858974383773 0.31500000000000006 6.9999999999999627 -0.99999999999999967 1.1650000000000003 0.56500000000000006 1.2350000000000001 0.00015136415005260825 1.0000000000000122 2.1950000000000007 2.5550000000000002
decision_type=2 2 2 2 2 2 2 2 2 2 2 2 2 2 2 2 2 2 2
left_child=13 9 14 7 -5 6 -6 8 -4 10 12 -12 -2 -1 15 16 -3 -16 -19
right_child=1 2 3 4 5 -7 -8 -9 -10 -11 11 -13 -14 -15 17 -17 -18 18 -20
leaf_value=0.0087909319282819826 -0.00057339267205383819 0.0046845531064099158 0.0011713671187559764 0.033889393731951711 0.027984531223773958 0.00063545459083148414 0.0089366227920566286 -0.00081610111321540597 0.020358380193219467 -0.0028385908060678932 -0.0020270982676226161 0.022296392054043032 0.014426217512005853 -0.0023045826116317824 -0.00116736670382894 0.0021895305289850605 0.023736382116164481 0.0086107990910521664 0.0018612660724541237
leaf_weight=24 295 69 72 20 21 21 21 94 34 264 23 22 21 1942 260 154 35 113 174
leaf_count=24 295 69 72 20 21 21 21 94 34 264 23 22 21 1942 260 154 35 113 174
internal_value=0 0.0026148 0.00427468 0.00765472 0.0176684 0.0125189 0.0184606 0.00349905 0.00732569 -0.000274705 0.00160027 0.00986439 0.000423417 -0.00216913 0.00308641 0.00577983 0.0110962 0.00181602 0.00451875
internal_weight=0 1713 1088 283 83 63 42 200 106 625 361 45 316 1966 805 258 104 547 287
internal_count=3679 1713 1088 283 83 63 42 200 106 625 361 45 316 1966 805 258 104 547 287
is_linear=0
shrinkage=0.05


Tree=5
num_leaves=20
num_cat=0
split_feature=5 3 3 1 5 3 2 4 10 16 8 8 1 19 3 2 5 14 11
split_gain=7.31617 3.4734 2.62585 1.5403 1.31819 1.80531 1.64701 1.34569 1.25639 1.56202 1.04578 1.04495 2.13516 1.83431 1.15432 1.27146 1.8748 1.56884 1.17357
threshold=4.8150000000000004 4.4350000000000014 5.9650000000000007 3.5433882037386114e-05 2.5950000000000002 0.8650000000000001 7.7690597854830742e-05 2.9999999999999862 3.9999999999999707 -4.2499999999999973 6.5000000000000178 -3.9999999999999898 0.00015980107118617043 0.00050045105084073349 1.4650000000000001 0.00022932187716886209 6.9350000000000014 1.4650000000000001 -2.9999999999999578
decision_type=2 2 2 2 2 2 2 2 2 2 2 2 2 2 2 2 2 2 2
left_child=4 3 8 -2 5 6 -1 -6 9 -3 11 12 13 -5 -13 -16 17 -17 -18
right_child=1 2 -4 10 7 -7 -8 -9 -10 -11 -12 14 -14 -15 15 16 18 -19 -20
leaf_value=0.021509862262755634 -0.0037392561386028929 0.011600256728984062 -0.0011399073898792267 0.0029378672263451985 -0.0026388703044773875 -0.005409409878430544 0.0014612115032616117 0.0086106181558635499 0.0077529309030908815 0.030272819598515827 0.0093221864682071064 -0.001500875214324858 0.0011068624352999763 0.019803704311581037 0.0012009454744585446 0.0067393612232990565 -0.0017692660751902026 0.02459072779864073 0.0056017627824603775
leaf_weight=20 120 21 30 28 1725 27 21 27 26 24 49 266 102 38 890 32 81 20 162
leaf_count=20 120 21 30 28 1725 27 21 27 26 24 49 266 102 38 890 32 81 20 162
internal_value=0 0.0022417 0.0112627 0.00173212 -0.0022004 0.00462983 0.011241 -0.0024655 0.0165032 0.021559 0.00212575 0.00190794 0.00564108 0.0126485 0.00147571 0.00214387 0.00498864 0.0136053 0.00314475
internal_weight=0 1889 101 1788 1820 68 41 1752 71 45 1668 1619 168 66 1451 1185 295 52 243
internal_count=3709 1889 101 1788 1820 68 41 1752 71 45 1668 1619 168 66 1451 1185 295 52 243
is_linear=0
shrinkage=0.05


Tree=6
num_leaves=20
num_cat=0
split_feature=5 3 3 1 5 3 2 4 20 8 8 3 5 1 6 2 15 2 14
split_gain=6.60284 3.13474 2.36983 1.39012 1.18967 1.62929 1.48642 1.21448 1.07758 1.17352 1.21282 1.91606 2.07901 1.18858 1.04535 1.16457 2.54866 1.45854 1.02971
threshold=4.8150000000000004 4.4350000000000014 5.9650000000000007 3.5433882037386114e-05 2.5950000000000002 0.8650000000000001 7.7690597854830742e-05 2.9999999999999862 -0.014146926970053595 6.5000000000000178 -3.9999999999999898 1.6950000000000001 5.6850000000000014 0.00012947058760590381 8.2500000000000036 0.00022932187716886209 2.8750000000000004 0.00030918375089693657 1.8650000000000004
decision_type=2 2 2 2 2 2 2 2 2 2 2 2 2 2 2 2 2 2 2
left_child=4 3 18 -2 5 6 -1 -6 -5 10 11 12 -10 -13 15 -12 -17 -18 -3
right_child=1 2 -4 8 7 -7 -8 -9 9 -11 14 13 -14 -15 -16 16 17 -19 -20
leaf_value=0.020434369202703237 -0.0035522933738927048 0.025293497946113349 -0.0010829119508465131 -0.0058879055792377113 -0.0025069268352311594 -0.0051389393431169016 0.0013881509325334006 0.008180087390873168 0.0043425490015319415 0.010185571759939194 0.0012688138725511003 0.013110128585249188 0.023977494913224991 -0.00046827688992741599 -0.0018536588101058593 0.0029476545240103673 0.026187878753989938 0.0070924376510083688 0.011907310732731633
leaf_weight=20 120 20 30 42 1725 27 21 27 28 45 962 20 26 83 196 226 20 20 51
leaf_count=20 120 20 30 42 1725 27 21 27 28 45 962 20 26 83 196 226 20 20 51
internal_value=0 0.00212961 0.0106996 0.00164552 -0.00209038 0.00439834 0.010679 -0.00234223 0.00201946 0.00222371 0.00199709 0.00616778 0.0137964 0.00216831 0.00153726 0.00207848 0.00500668 0.0166402 0.0156781
internal_weight=0 1889 101 1788 1820 68 41 1752 1668 1626 1581 157 54 103 1424 1228 266 40 71
internal_count=3709 1889 101 1788 1820 68 41 1752 1668 1626 1581 157 54 103 1424 1228 266 40 71
is_linear=0
shrinkage=0.05


Tree=7
num_leaves=20
num_cat=0
split_feature=5 3 3 1 10 13 5 3 2 4 20 8 8 3 5 1 3 2 15
split_gain=5.95906 2.82911 2.13877 1.25459 1.11763 1.21951 1.07367 1.47043 1.3415 1.09607 0.972513 1.0591 1.09457 1.72924 1.87631 1.07269 0.973215 1.03322 2.35765
threshold=4.8150000000000004 4.4350000000000014 5.9650000000000007 3.5433882037386114e-05 3.9999999999999707 -2.7499999999999964 2.5950000000000002 0.8650000000000001 7.7690597854830742e-05 2.9999999999999862 -0.014146926970053595 6.5000000000000178 -3.9999999999999898 1.6950000000000001 5.6850000000000014 0.00012947058760590381 1.4650000000000001 0.00022932187716886209 2.8750000000000004
decision_type=2 2 2 2 2 2 2 2 2 2 2 2 2 2 2 2 2 2 2
left_child=6 3 4 -2 5 -3 7 8 -1 -8 -5 12 13 14 -12 -15 -14 -18 -19
right_child=1 2 -4 10 -6 -7 9 -9 -10 -11 11 -13 16 15 -16 -17 17 18 -20
leaf_value=0.019412650428712371 -0.0033746787067502741 0.011246480420231819 -0.0010287664209802946 -0.0055935103002758254 0.0066412055005247777 0.02771268474019092 -0.0023815804583870847 -0.0048819923152526225 0.0013187434701692491 0.0077710830089118754 0.0041254215075501371 0.0096762931429677547 -0.0013316374679561704 0.012454622127115726 0.022778619840168036 -0.00044486300503633115 0.0012137631120236771 0.0026554019098765543 0.014777704731871686
leaf_weight=20 120 22 30 42 26 23 1725 27 21 27 28 45 256 20 26 83 876 244 48
leaf_count=20 120 22 30 42 26 23 1725 27 21 27 28 45 256 20 26 83 876 244 48
internal_value=0 0.00202313 0.0101646 0.00156324 0.0148942 0.0196625 -0.00198586 0.00417842 0.010145 -0.00222512 0.00191849 0.00211252 0.00189724 0.00585939 0.0131066 0.00205989 0.0014604 0.00207235 0.00464811
internal_weight=0 1889 101 1788 71 45 1820 68 41 1752 1668 1626 1581 157 54 103 1424 1168 292
internal_count=3709 1889 101 1788 71 45 1820 68 41 1752 1668 1626 1581 157 54 103 1424 1168 292
is_linear=0
shrinkage=0.05


Tree=8
num_leaves=20
num_cat=0
split_feature=5 3 3 1 5 3 2 4 19 6 8 22 14 1 18 1 0 9 8
split_gain=5.37805 2.55327 1.93024 1.13226 0.96899 1.32707 1.2107 0.989204 0.943093 0.911637 0.968044 1.55974 2.99293 1.903 1.31334 1.19988 1.85576 1.6391 1.77675
threshold=4.8150000000000004 4.4350000000000014 5.9650000000000007 3.5433882037386114e-05 2.5950000000000002 0.8650000000000001 7.7690597854830742e-05 2.9999999999999862 0.0045544651616273866 8.2500000000000036 -0.50000000000002254 -2.4159403746726312e-05 1.2350000000000001 0.00013264410242342937 -0.012714688035795561 0.0002844075817097918 0.00026367051340273295 0.49999999999999495 0.49999999999999994
decision_type=2 2 2 2 2 2 2 2 2 2 2 2 2 2 2 2 2 2 2
left_child=4 3 8 -2 5 6 -1 -6 -3 10 11 12 -5 14 -14 -12 -17 -18 -19
right_child=1 2 -4 9 7 -7 -8 -9 -10 -11 15 -13 13 -15 -16 16 17 18 -20
leaf_value=0.018442018069326879 -0.003205944678435723 0.017884043589234355 -0.00097732792297999067 0.020131390038877726 -0.0022625012775694116 -0.0046378926822432769 0.0012528062044155032 0.0073825288288019326 0.0052575813162894476 -0.000843164629431019 0.00063952956362858207 0.002268356678152519 0.0010083659187607144 -0.0032760823067898553 0.016478429537485628 0.014769670637324454 -0.0066857706968273438 0.016826252739589948 -0.00022929865564848924
leaf_weight=20 120 50 30 40 1725 27 21 27 21 269 787 329 23 48 34 40 35 26 37
leaf_count=20 120 50 30 40 1725 27 21 27 21 269 787 329 23 48 34 40 35 26 37
internal_value=0 0.00192198 0.00965635 0.00148508 -0.00188657 0.0039695 0.00963779 -0.00211386 0.0141495 0.00182256 0.00233513 0.00417247 0.00849285 0.00405911 0.0102361 0.00139361 0.00569408 0.00198976 0.0068095
internal_weight=0 1889 101 1788 1820 68 41 1752 71 1668 1399 474 145 105 57 925 138 98 63
internal_count=3709 1889 101 1788 1820 68 41 1752 71 1668 1399 474 145 105 57 925 138 98 63
is_linear=0
shrinkage=0.05


Tree=9
num_leaves=20
num_cat=0
split_feature=5 3 3 1 10 16 0 20 8 3 1 8 1 4 22 1 6 1 2
split_gain=4.85369 2.30432 1.74204 1.02187 0.981915 1.32943 0.89589 0.887392 0.832673 0.790401 1.51527 1.29963 1.18586 1.89021 1.28633 1.17052 1.1411 1.13279 0.868903
threshold=4.8150000000000004 4.4350000000000014 5.9650000000000007 3.5433882037386114e-05 3.9999999999999707 -4.2499999999999973 9.7211292715345657e-05 -0.01156810210564274 8.4999999999999982 2.5750000000000006 0.00013264410242342937 -4.7499999999999867 0.0002844075817097918 -1.0000000000000118 2.4162906315239322e-05 0.00019659368262106165 -13.000000000000032 0.00015078858974383773 0.00019899905847417892
decision_type=2 2 2 2 2 2 2 2 2 2 2 2 2 2 2 2 2 2 2
left_child=6 3 4 -2 5 -3 -1 -5 9 11 -11 17 15 -14 -15 16 -13 -9 -18
right_child=1 2 -4 7 -6 -7 -8 8 -10 10 -12 12 13 14 -16 -17 18 -19 -20
leaf_value=-0.0023085029437181783 -0.0030456475665171946 0.0087240765846910932 -0.00092846172551314045 -0.0036210832362239425 0.0057063231961085245 0.025950450108697017 0.00059147592587971399 0.01605422260432408 0.010094417162960577 0.0081222613031665496 -0.0045929200668758325 0.0099823554659762039 0.015423906780779362 0.00051831359300633952 0.01213368520140648 -0.0027580007430783081 0.0009931337585917196 0.0041982923380353239 0.0063795885343740635
leaf_weight=1496 120 21 30 74 26 24 324 29 31 30 107 41 38 116 30 163 861 66 82
leaf_count=1496 120 21 30 74 26 24 324 29 31 30 107 41 38 116 30 163 861 66 82
internal_value=0 0.00182588 0.00917353 0.00141082 0.013442 0.0179115 -0.00179224 0.00173143 0.00197992 0.00181898 -0.00180857 0.00216749 0.00176422 0.00549045 0.00290503 0.00116647 0.00181656 0.00781747 0.00146152
internal_weight=0 1889 101 1788 71 45 1820 1668 1594 1563 137 1426 1331 184 146 1147 984 95 943
internal_count=3709 1889 101 1788 71 45 1820 1668 1594 1563 137 1426 1331 184 146 1147 984 95 943
is_linear=0
shrinkage=0.05


end of trees

feature_importances:
f_3=40
f_1=30
f_5=20
f_2=17
f_8=11
f_14=11
f_15=9
f_0=7
f_6=7
f_16=6
f_4=5
f_10=4
f_19=4
f_22=4
f_9=3
f_20=3
f_11=2
f_18=2
f_21=2
f_12=1
f_13=1
f_17=1

parameters:
[boosting: gbdt]
[objective: regression]
[metric: binary_logloss]
[tree_learner: serial]
[device_type: cpu]
[data: ]
[valid: ]
[num_iterations: 10]
[learning_rate: 0.05]
[num_leaves: 20]
[num_threads: 0]
[deterministic: 0]
[force_col_wise: 0]
[force_row_wise: 0]
[histogram_pool_size: -1]
[max_depth: -1]
[min_data_in_leaf: 20]
[min_sum_hessian_in_leaf: 0.001]
[bagging_fraction: 0.7]
[pos_bagging_fraction: 1]
[neg_bagging_fraction: 1]
[bagging_freq: 5]
[bagging_seed: 3]
[feature_fraction: 0.9]
[feature_fraction_bynode: 1]
[feature_fraction_seed: 2]
[extra_trees: 0]
[extra_seed: 6]
[early_stopping_round: 0]
[first_metric_only: 0]
[max_delta_step: 0]
[lambda_l1: 0]
[lambda_l2: 0]
[linear_lambda: 0]
[min_gain_to_split: 0]
[drop_rate: 0.1]
[max_drop: 50]
[skip_drop: 0.5]
[xgboost_dart_mode: 0]
[uniform_drop: 0]
[drop_seed: 4]
[top_rate: 0.2]
[other_rate: 0.1]
[min_data_per_group: 100]
[max_cat_threshold: 32]
[cat_l2: 10]
[cat_smooth: 10]
[max_cat_to_onehot: 4]
[top_k: 20]
[monotone_constraints: ]
[monotone_constraints_method: basic]
[monotone_penalty: 0]
[feature_contri: ]
[forcedsplits_filename: ]
[refit_decay_rate: 0.9]
[cegb_tradeoff: 1]
[cegb_penalty_split: 0]
[cegb_penalty_feature_lazy: ]
[cegb_penalty_feature_coupled: ]
[path_smooth: 0]
[interaction_constraints: ]
[verbosity: 0]
[saved_feature_importance_type: 0]
[linear_tree: 0]
[max_bin: 255]
[max_bin_by_feature: ]
[min_data_in_bin: 3]
[bin_construct_sample_cnt: 200000]
[data_random_seed: 1]
[is_enable_sparse: 1]
[enable_bundle: 1]
[use_missing: 1]
[zero_as_missing: 0]
[feature_pre_filter: 1]
[pre_partition: 0]
[two_round: 0]
[header: 0]
[label_column: ]
[weight_column: ]
[group_column: ]
[ignore_column: ]
[categorical_feature: ]
[forcedbins_filename: ]
[precise_float_parser: 0]
[objective_seed: 5]
[num_class: 1]
[is_unbalance: 0]
[scale_pos_weight: 1]
[sigmoid: 1]
[boost_from_average: 1]
[reg_sqrt: 0]
[alpha: 0.9]
[fair_c: 1]
[poisson_max_delta_step: 0.7]
[tweedie_variance_power: 1.5]
[lambdarank_truncation_level: 30]
[lambdarank_norm: 1]
[label_gain: ]
[eval_at: ]
[multi_error_top_k: 1]
[auc_mu_weights: ]
[num_machines: 1]
[local_listen_port: 12400]
[time_out: 120]
[machine_list_filename: ]
[machines: ]
[gpu_platform_id: -1]
[gpu_device_id: -1]
[gpu_use_dp: 0]
[num_gpu: 1]

end of parameters

pandas_categorical:[]
