tree
version=v3
num_class=1
num_tree_per_iteration=1
label_index=0
max_feature_idx=22
objective=regression
feature_names=f_0 f_1 f_2 f_3 f_4 f_5 f_6 f_7 f_8 f_9 f_10 f_11 f_12 f_13 f_14 f_15 f_16 f_17 f_18 f_19 f_20 f_21 f_22
feature_infos=[3.5138360446667107e-07:0.0066553821535006137] [2.5600331918768856e-06:0.0039732576088439284] [9.2225614268401974e-06:0.0029579505118275174] [0.53000000000000003:6.5599999999999996] [-33.000000000000007:46] [2.4100000000000001:21.82] [-101.00000000000016:144.99999999999994] [-0.15710919088766695:0.17837578087457961] [-81:74] [-46:33.999999999999986] [-51.000000000000021:33.999999999999986] [-33.000000000000007:27.999999999999979] [-41:96.000000000000014] [-36.000000000000007:32.999999999999986] [-0.52000000000000002:2.9100000000000001] [-0.94999999999999996:3.8500000000000001] [-52:73.999999999999972] [-28.000000000000004:24.000000000000004] [-0.29572649572649579:0.64215246636771273] [-0.02958455728073861:0.047292143401983289] [-0.054746473503621829:0.033993115318416534] [-0.039377561323276189:0.045346674363414774] [-0.019984292877423981:0.018327052533256172]
tree_sizes=1836 1874 1877 1892 1865 1882 1884 1877 1898 1862 1878 1888 1911 1893 1879 1905 1946 1933 1930 1922 1887

Tree=0
num_leaves=20
num_cat=0
split_feature=2 15 1 1 21 15 19 3 21 18 13 3 3 1 7 6 22 3 19
split_gain=9.20916 5.29219 3.652 1.84286 1.33361 1.31765 1.72142 1.43417 1.38075 1.51724 1.24444 0.997495 0.811227 1.15944 0.963333 0.69869 0.761051 0.561704 0.546122
threshold=0.00021412709822831415 2.9150000000000005 0.00038902402540016425 8.4653776542144366e-05 -0.0019162738562985002 0.095000000000000015 0.0012554749817955682 2.0250000000000004 0.0036453912282764516 -0.00068627271132282164 0.99999999999998956 3.1250000000000004 2.5350000000000006 0.00044428057153355255 -0.0051640508307710933 6.9999999999999627 -0.00088227951229263846 1.155 0.0051645498571676338
decision_type=2 2 2 2 2 2 2 2 2 2 2 2 2 2 2 2 2 2 2
left_child=3 5 10 -1 -4 6 -2 -7 12 -10 -3 15 13 14 -9 -5 -17 -18 -19
right_child=1 2 4 11 -6 7 -8 8 9 -11 -12 -13 -14 -15 -16 16 17 18 -20
leaf_value=0.048832560727938901 0.068750692855072223 0.064829124242230224 0.086257695590974001 0.05058015310189614 0.069829124223603767 0.05015109399387984 0.05054341000973437 0.0706624575538327 0.056495790939940976 0.073162457544519471 0.048162457637651729 0.0606624575910856 0.051075078986024668 0.048162457637651729 0.056495790939940976 0.063162457581772372 0.0606624575910856 0.050299209766443843 0.058579124265513288
leaf_weight=1940 34 24 21 972 30 176 21 20 36 22 21 28 103 21 30 20 20 117 24
leaf_count=1940 34 24 21 972 30 176 21 20 36 22 21 28 103 21 30 20 20 117 24
internal_value=0.0506973 0.0567492 0.0674333 0.0497805 0.0765938 0.0545339 0.0617988 0.0535546 0.0561366 0.0628176 0.0570513 0.0513377 0.0539096 0.0580216 0.0621625 0.0511113 0.0539636 0.0528208 0.0517086
internal_weight=0 559 96 3121 51 463 55 408 232 58 45 1181 174 71 50 1153 181 161 141
internal_count=3680 559 96 3121 51 463 55 408 232 58 45 1181 174 71 50 1153 181 161 141
is_linear=0
shrinkage=1


Tree=1
num_leaves=20
num_cat=0
split_feature=2 2 3 1 18 21 14 5 14 16 3 7 17 3 1 3 1 6 21
split_gain=8.31127 2.57346 3.59613 1.66318 1.44235 1.67175 1.59421 1.01118 1.84062 1.98855 0.917114 0.829594 0.817665 0.844768 0.76227 0.646832 1.09078 0.625626 0.621895
threshold=0.00021412709822831415 0.0011109579304333353 6.0750000000000002 8.4653776542144366e-05 0.034269647546533062 0.0016071173122118589 1.6950000000000001 6.5250000000000012 1.2350000000000001 1.0000000000000122 3.1250000000000004 -0.0055161523069370824 -3.0000000000000133 1.7750000000000001 0.00031067803756707407 1.7550000000000001 0.00016127300123694045 2.0000000000000244 -0.00413459976302366
decision_type=2 2 2 2 2 2 2 2 2 2 2 2 2 2 2 2 2 2 2
left_child=3 4 -3 -1 11 18 -7 17 9 -9 15 12 -2 -14 -15 16 -10 -5 -6
right_child=1 2 -4 7 5 6 -8 8 10 -11 -12 -13 13 14 -16 -17 -18 -19 -20
leaf_value=-0.0017715249807794685 0.013728942809005579 0.03098489020181739 0.0019952521659433843 -0.0014631160881456943 0.010202180720208322 0.0076170335446173951 0.025841412499236566 0.0033377515088956235 -0.00014582546575674936 0.018664475366698973 0.0094668773002922549 0.001580379244114738 -0.0025343466129514481 0.0018098228494636715 0.012415844998839829 -0.0015656040068350585 0.011714858388794321 0.0015844059288501742 0.001401216342893182
leaf_weight=1940 30 23 20 516 34 24 24 59 63 33 28 256 31 32 36 204 28 250 49
leaf_count=1940 30 23 20 516 34 24 24 59 63 33 28 256 31 32 36 204 28 250 49
internal_value=0 0.0057493 0.0175013 -0.000870955 0.00476996 0.0093018 0.0167292 0.000608389 0.00259608 0.00883538 0.000818942 0.00322796 0.00649758 0.00430626 0.00742478 -1.8786e-06 0.00350362 -0.000468494 0.00500643
internal_weight=0 559 43 3121 516 131 48 1181 415 92 323 385 129 99 68 295 91 766 83
internal_count=3680 559 43 3121 516 131 48 1181 415 92 323 385 129 99 68 295 91 766 83
is_linear=0
shrinkage=0.05


Tree=2
num_leaves=20
num_cat=0
split_feature=2 15 1 1 3 15 21 3 21 5 5 14 16 3 3 12 3 1 6
split_gain=7.50092 4.49366 3.13719 1.50102 1.33679 1.20918 1.1509 1.12103 1.17708 1.06974 0.912588 1.66116 1.79467 0.827695 0.775543 1.03546 0.583766 0.984428 0.567198
threshold=0.00021412709822831415 2.8750000000000004 0.00038902402540016425 8.4653776542144366e-05 2.0850000000000004 0.095000000000000015 -0.0019162738562985002 2.0250000000000004 0.0080129540332106747 7.7650000000000006 6.5250000000000012 1.2350000000000001 1.0000000000000122 3.1250000000000004 2.2650000000000001 -5.0000000000000009 1.7550000000000001 0.00016127300123694045 6.9999999999999627
decision_type=2 2 2 2 2 2 2 2 2 2 2 2 2 2 2 2 2 2 2
left_child=3 5 4 -1 -3 9 -4 -7 14 -2 18 12 -12 16 -9 -16 17 -13 -5
right_child=1 2 6 10 -6 7 -8 8 -10 -11 11 13 -14 -15 15 -17 -18 -19 -20
leaf_value=-0.0016829487633382538 0.017689175667384496 0.015567392891361602 0.032724394134822345 -0.00098134092143757862 -0.0011208480357059413 -0.0006210005869066096 0.01746267938365539 0.010643501655431466 0.015183863493924341 0.0037221079371098816 0.0031708639778070531 -0.00013853439854251014 0.017731251420848301 0.0089935332536697395 0.010990258645532387 0.00049920796106259029 -0.0014873239421742219 0.011129115455384767 0.0030068533531236417
leaf_weight=1940 26 21 21 663 28 173 30 32 24 29 59 63 33 28 28 147 204 28 103
leaf_count=1940 26 21 21 663 28 173 30 32 24 29 59 63 33 28 28 147 204 28 103
internal_value=0 0.00546184 0.0150662 -0.000827408 0.00603126 0.00336937 0.0237469 0.00242248 0.0047018 0.0103247 0.000577969 0.00246628 0.00839361 0.000777995 0.00348649 0.00217778 -1.78481e-06 0.00332843 -0.000445069
internal_weight=0 559 100 3121 49 459 51 404 231 55 1181 415 92 323 207 175 295 91 766
internal_count=3680 559 100 3121 49 459 51 404 231 55 1181 415 92 323 207 175 295 91 766
is_linear=0
shrinkage=0.05


Tree=3
num_leaves=20
num_cat=0
split_feature=2 15 1 1 15 19 3 21 18 21 13 5 14 16 3 3 0 19 6
split_gain=6.76958 4.06581 2.78957 1.35467 1.07484 1.49591 1.11928 1.14069 1.25078 1.03869 1.02804 0.82361 1.4992 1.61969 0.746995 0.713246 1.04397 0.542503 0.533037
threshold=0.00021412709822831415 2.9150000000000005 0.00038902402540016425 8.4653776542144366e-05 0.095000000000000015 0.0012554749817955682 2.0250000000000004 0.0036453912282764516 -0.00068627271132282164 -0.0019162738562985002 0.99999999999998956 6.5250000000000012 1.2350000000000001 1.0000000000000122 3.1250000000000004 2.5350000000000006 0.00033789471293591157 -0.0084699647779241088 2.0000000000000244
decision_type=2 2 2 2 2 2 2 2 2 2 2 2 2 2 2 2 2 2 2
left_child=3 4 10 -1 5 -2 17 15 -9 -4 -3 18 13 -13 -14 16 -8 -6 -5
right_child=1 2 9 11 6 -7 7 8 -10 -11 -12 12 14 -15 -16 -17 -18 -19 -20
leaf_value=-0.0015988011710038504 0.016289028415785119 0.012549015833064914 0.03108817445380347 -0.0013408934192139974 0.0068975185177155909 -0.00068382157811096734 0.012125064280668372 0.0049761299561295247 0.020108654942702166 0.016589545123279096 -0.0025993612018369496 0.0030123206518464173 -1.6954421239384152e-06 0.016844688954226899 0.0085438568145036701 -3.8491059275506773e-05 -3.1049950330546407e-05 -0.0016659915291013256 0.0014720958113670348
leaf_weight=1940 34 24 21 516 21 21 38 36 22 30 21 59 295 33 28 103 33 155 250
leaf_count=1940 34 24 21 516 21 21 38 36 22 30 21 59 295 33 28 103 33 155 250
internal_value=0 0.00518874 0.0145534 -0.000786037 0.00324704 0.00980849 0.00236253 0.00464351 0.0107161 0.0225596 0.00547977 0.000549071 0.00234296 0.00797393 0.000739095 0.00261933 0.00647504 -0.000644209 -0.000422816
internal_weight=0 559 96 3121 463 55 408 232 58 51 45 1181 415 92 323 174 71 176 766
internal_count=3680 559 96 3121 463 55 408 232 58 51 45 1181 415 92 323 174 71 176 766
is_linear=0
shrinkage=0.05


Tree=4
num_leaves=20
num_cat=0
split_feature=1 15 1 1 3 6 19 15 3 3 4 3 1 3 14 16 16 16 14
split_gain=6.13917 3.11443 2.39113 2.02027 1.5545 1.46628 1.86694 1.45079 1.12351 1.33897 1.06586 0.705149 0.665 0.596391 0.590763 0.667747 0.855904 0.561646 0.559864
threshold=0.00029160087980803414 2.9150000000000005 0.00038902402540016425 0.000431001232881904 1.5450000000000002 5.9999999999999174 0.0011129607173459013 2.1650000000000005 3.8800000000000003 5.5750000000000011 0.99999999999999545 2.2150000000000003 9.4936300278312307e-05 1.7850000000000004 2.3250000000000006 1.0000000000000007 6.5000000000000178 -10.999999999999991 1.3250000000000004
decision_type=2 2 2 2 2 2 2 2 2 2 2 2 2 2 2 2 2 2 2
left_child=4 3 -3 5 -1 6 7 -2 -5 -10 -4 -8 -6 14 15 -14 18 -15 -17
right_child=1 2 10 8 12 -7 11 -9 9 -11 -12 -13 13 17 -16 16 -18 -19 -20
leaf_value=-0.0013292181120664621 0.023288076073938124 0.0025550110116600994 0.030430742781609302 -0.0030737626822847949 -0.00045223358560931583 -0.00040127180516719824 -0.0026318538172001192 0.0065735840424895296 0.016110660256817937 0.00033043258619017721 0.015625685898046342 0.010177392432732243 0.00050969808406773069 0.0091146776825189596 0.010147460039172855 0.016569148799912496 -0.00084011743310838946 0.00052416850300624851 0.0055265030823647976
leaf_weight=2221 37 25 20 102 464 35 22 20 20 41 31 21 105 20 35 22 24 391 24
leaf_count=2221 37 25 20 102 464 35 22 20 20 41 31 21 105 20 35 22 24 391 24
internal_value=0 0.00618726 0.0152222 0.00388305 -0.000571419 0.00840674 0.0114895 0.0174233 0.000136424 0.00550428 0.0214316 0.00362382 0.000979798 0.00204979 0.00421749 0.0030315 0.00681421 0.000942198 0.0108078
internal_weight=0 374 76 298 3306 135 100 57 163 61 51 43 1085 621 210 175 70 411 46
internal_count=3680 374 76 298 3306 135 100 57 163 61 51 43 1085 621 210 175 70 411 46
is_linear=0
shrinkage=0.05


Tree=5
num_leaves=20
num_cat=0
split_feature=3 3 1 19 0 5 3 2 1 5 0 5 1 14 5 2 9 18 2
split_gain=4.36376 1.67317 1.66925 1.18081 0.640713 0.622703 0.907931 0.76343 0.640411 1.59892 1.79826 0.85449 0.886549 0.905178 1.17854 0.699291 0.856396 0.637164 0.601686
threshold=4.4350000000000014 5.9650000000000007 8.4653776542144366e-05 0.0045328490245939443 0.0007214066849551274 6.6550000000000011 2.4950000000000006 9.5956451631978981e-05 0.00029160087980803414 8.8850000000000033 0.00040928595257693927 8.2350000000000012 0.00021458245434873856 1.2350000000000001 7.6250000000000009 0.0001389390760071311 -2.9999999999999853 -0.066168937590066965 0.00047795047566142907
decision_type=2 2 2 2 2 2 2 2 2 2 2 2 2 2 2 2 2 2 2
left_child=2 3 -1 4 -2 18 7 -7 11 17 -11 12 13 14 -9 -15 -17 -10 -4
right_child=1 -3 5 -5 -6 6 -8 8 9 10 -12 -13 -14 15 -16 16 -18 -19 -20
leaf_value=-0.0013759284748511235 0.013491632549890451 0.00024633080388108893 -0.00031119237273629795 0.0043802611973314063 0.024894032212482257 0.011581417731940748 -0.0012528028518045691 0.019427537492343359 0.0091009504720568658 0.02348894225876956 0.0049814853976879805 -0.0019667234623760689 -0.0023993486088925396 -0.0011151211391038755 0.0041836783697362994 0.012827296701392958 0.0019440915435552598 -0.00098712321163879515 0.0072653301336147169
leaf_weight=1963 28 30 889 21 22 24 177 21 20 21 35 127 58 68 32 28 51 72 27
leaf_count=1963 28 30 889 21 22 24 177 21 20 21 35 127 58 68 32 28 51 72 27
internal_value=0 0.0101466 -0.000390605 0.0143299 0.0185087 0.000781632 0.00186673 0.00285803 0.00246524 0.00526058 0.0119218 0.00139066 0.00304333 0.0046217 0.0102237 0.00260194 0.00580143 0.00120594 -8.78669e-05
internal_weight=0 101 3613 71 50 1650 734 557 533 148 56 385 258 200 53 147 79 92 916
internal_count=3714 101 3613 71 50 1650 734 557 533 148 56 385 258 200 53 147 79 92 916
is_linear=0
shrinkage=0.05


Tree=6
num_leaves=20
num_cat=0
split_feature=3 3 1 1 15 5 3 2 1 5 0 22 22 18 2 14 3 17 1
split_gain=3.93829 1.51004 1.5065 1.10176 1.47472 0.56199 0.819408 0.688996 0.577971 1.44303 1.62293 0.783282 0.63534 0.57504 0.543022 0.515672 0.470784 0.61162 0.451412
threshold=4.4350000000000014 5.9650000000000007 8.4653776542144366e-05 0.00092014798587458418 2.6125000000000003 6.6550000000000011 2.4950000000000006 9.5956451631978981e-05 0.00029160087980803414 8.8850000000000033 0.00040928595257693927 -0.0011416593438461906 0.00036970122657720156 -0.066168937590066965 0.00047795047566142907 -0.12499999999999999 1.675 -1.0000000180025095e-35 0.00010257529705095438
decision_type=2 2 2 2 2 2 2 2 2 2 2 2 2 2 2 2 2 2 2
left_child=2 3 15 4 -2 14 7 -7 11 13 -11 -9 18 -10 -4 16 17 -1 -13
right_child=1 -3 5 -5 -6 6 -8 8 9 10 -12 12 -14 -15 -16 -17 -18 -19 -20
leaf_value=0.00026459663175046447 0.018662423834852553 0.00023401419942577684 -0.00029563275579660628 0.022908809848807075 0.0012815133381921511 0.011002346912088495 -0.0011901626879044173 0.010955648049712182 0.0086459031235426673 0.022314495220780373 0.0047324111685156829 0.0064723640608672917 0.007522569200955332 -0.00093776708106613834 0.0069020636517692496 -0.0014594723185610797 -0.002097556181252003 0.012630068305879833 -0.00038919294623093807
leaf_weight=20 23 30 889 22 26 24 177 20 20 21 35 26 32 72 27 1896 27 20 307
leaf_count=20 23 30 889 22 26 24 177 20 20 21 35 26 32 72 27 1896 27 20 307
internal_value=0 0.0096393 -0.000371075 0.0136134 0.0094399 0.00074255 0.00177339 0.00271513 0.00234197 0.00499755 0.0113257 0.00132113 0.000793209 0.00114564 -8.34736e-05 -0.00130713 0.00300387 0.00644733 0.000146544
internal_weight=0 101 3613 71 49 1650 734 557 533 148 56 385 365 92 916 1963 67 40 333
internal_count=3714 101 3613 71 49 1650 734 557 533 148 56 385 365 92 916 1963 67 40 333
is_linear=0
shrinkage=0.05


Tree=7
num_leaves=20
num_cat=0
split_feature=3 3 1 10 12 5 14 1 0 3 17 5 6 14 5 5 2 17 17
split_gain=3.55431 1.36281 1.35962 1.11687 1.00664 0.507196 0.779699 1.49993 1.08103 0.57978 0.578456 1.0987 0.504757 0.465394 0.458272 0.489521 1.88634 0.466988 2.40828
threshold=4.4350000000000014 5.9650000000000007 8.4653776542144366e-05 3.9999999999999707 -1.9999999999999989 6.6550000000000011 1.2350000000000001 0.00012382522305140774 0.00078494393648379315 1.9950000000000003 1.0000000000000007 8.1250000000000018 16.500000000000007 -0.12499999999999999 9.8150000000000031 9.1250000000000018 0.00025615468592144375 -1.0000000180025095e-35 0.50000000000000611
decision_type=2 2 2 2 2 2 2 2 2 2 2 2 2 2 2 2 2 2 2
left_child=2 3 13 4 -2 12 7 -7 14 10 -9 -12 -4 -1 15 17 -17 -8 -19
right_child=1 -3 5 -5 -6 6 8 9 -10 -11 11 -13 -14 -15 -16 16 -18 18 -20
leaf_value=0.002853676473805264 0.011010675817728043 0.00022231354688604673 -0.0002989709053167516 0.0046825547702610496 0.026060407441109421 0.014701260626316071 -0.0015119354172958342 -0.0038465835553194794 0.012001159973442555 0.0089352060539218108 0.01123401587112592 -0.0036014723281065624 0.0061919526166973578 -0.0013864987198742823 -0.003032809983433029 -0.0023603131143110139 0.01541938535296 0.011633002579212189 -0.00067997111750699082
leaf_weight=67 25 30 885 26 20 31 179 42 21 26 26 24 31 1896 81 35 26 50 193
leaf_count=67 25 30 885 26 20 31 179 42 21 26 26 24 31 1896 81 35 26 50 193
internal_value=0 0.00915734 -0.000352521 0.0129327 0.0176994 0.000705423 0.00168472 0.00491374 0.000862289 0.00234244 0.000479267 0.00411298 -7.92999e-05 -0.00124178 0.000447544 0.00103121 0.00521792 0.000426017 0.00185356
internal_weight=0 101 3613 71 45 1650 734 149 585 118 92 50 916 1963 564 483 61 422 243
internal_count=3714 101 3613 71 45 1650 734 149 585 118 92 50 916 1963 564 483 61 422 243
is_linear=0
shrinkage=0.05


Tree=8
num_leaves=20
num_cat=0
split_feature=3 3 1 19 0 1 1 8 16 5 5 2 4 14 5 4 9 6 19
split_gain=3.20776 1.22994 1.22705 1.00564 0.535771 0.461265 0.668767 0.912081 0.644864 0.615664 1.96921 0.570884 0.556469 0.523071 1.09733 0.922073 0.90664 0.783664 0.433384
threshold=4.4350000000000014 5.9650000000000007 8.4653776542144366e-05 0.0045328490245939443 0.0007214066849551274 0.00027539525219091328 0.00015639894608797034 -5.9999999999999885 10.000000000000004 8.8850000000000033 9.6950000000000021 0.00062599042765729888 -1.0000000180025095e-35 1.2350000000000001 6.7250000000000005 1.9999999999999853 -1.9999999999999682 6.9999999999999627 -0.0046397191717866817
decision_type=2 2 2 2 2 2 2 2 2 2 2 2 2 2 2 2 2 2 2
left_child=2 3 -1 4 -2 6 7 -4 9 11 -11 18 -12 14 15 17 -16 -9 -7
right_child=1 -3 5 -5 -6 8 -8 13 -10 10 12 -13 -14 -15 16 -17 -18 -19 -20
leaf_value=-0.0011796867731110332 0.011554672475904228 0.00021119777113199234 0.0094090004742611207 0.0031040671414562637 0.021981552378697831 0.0052811594679951675 -0.0011792727757245303 -0.00049224323988290733 -0.003511688429862261 0.017362505415904114 0.0065890332764905434 0.0095414414824474426 -0.0040876901421982512 -0.00037655037367480927 0.00082169502042233949 0.0097820883284189877 0.014565178975462915 0.0087595559358596819 -0.00062009015431006755
leaf_weight=1963 28 30 32 21 22 41 500 271 40 29 23 21 26 435 20 28 30 25 129
leaf_count=1963 28 30 32 21 22 41 500 271 40 29 23 21 26 435 20 28 30 25 129
internal_value=0 0.00869947 -0.000334895 0.0122861 0.0161425 0.000670152 0.000268852 0.00112981 0.00241171 0.00329252 0.00703565 0.00176391 0.000923833 0.000802323 0.00217347 0.00110954 0.00906779 0.000289159 0.000803152
internal_weight=0 101 3613 71 50 1650 1341 841 309 269 78 191 49 809 374 324 50 296 170
internal_count=3714 101 3613 71 50 1650 1341 841 309 269 78 191 49 809 374 324 50 296 170
is_linear=0
shrinkage=0.05


Tree=9
num_leaves=20
num_cat=0
split_feature=3 3 1 10 12 6 1 1 4 5 18 15 16 5 5 12 3 14 15
split_gain=2.89501 1.11002 1.10742 0.974478 0.906975 0.446084 0.630288 0.59725 0.821707 1.33407 0.588541 0.647101 0.584006 0.59548 1.70954 0.632729 0.596176 0.604087 1.12637
threshold=4.4350000000000014 5.9650000000000007 8.4653776542144366e-05 3.9999999999999707 -1.9999999999999989 19.999999999999975 0.00027539525219091328 0.00015639894608797034 1.0000000000000122 4.7950000000000008 0.051070228756179177 2.0850000000000004 10.000000000000004 8.8850000000000033 9.8150000000000031 -1.9999999999999682 1.8050000000000004 0.115 0.69500000000000006
decision_type=2 2 2 2 2 2 2 2 2 2 2 2 2 2 2 2 2 2 2
left_child=2 3 -1 4 -2 6 7 8 -4 -10 11 -11 13 15 -15 -8 17 -17 -19
right_child=1 -3 5 -5 -6 -7 12 -9 9 10 -12 -13 -14 14 -16 16 -18 18 -20
leaf_value=-0.0011207023882214596 0.0097752779424190531 0.00020063794528444608 0.00053028406474568809 0.0039654488961857097 0.024060562718659639 -0.0039667231341203061 0.0088262847438454629 -0.0010666120219860967 0.016863476103171706 0.011188729231556256 -0.0029870343244364187 0.00051905956740180652 -0.0030253876104123067 0.016479142935525989 0.00091936359772594965 -0.0031773324202125277 -0.0029669571636865536 0.012241249235675615 -0.0014377521557940379
leaf_weight=1963 25 30 721 26 20 51 30 487 20 27 31 30 36 31 41 24 60 34 27
leaf_count=1963 25 30 721 26 20 51 30 487 20 27 31 30 36 31 41 24 60 34 27
internal_value=0 0.0082645 -0.00031815 0.0116718 0.0161243 0.000636644 0.000783468 0.000323126 0.00113953 0.00520684 0.00255761 0.00557311 0.00292414 0.00379128 0.00761871 0.00221656 0.000849033 0.00354267 0.00618661
internal_weight=0 101 3613 71 45 1650 1599 1316 829 108 88 57 283 247 72 175 145 85 61
internal_count=3714 101 3613 71 45 1650 1599 1316 829 108 88 57 283 247 72 175 145 85 61
is_linear=0
shrinkage=0.05


Tree=10
num_leaves=20
num_cat=0
split_feature=2 15 1 3 1 2 3 4 3 3 4 14 4 3 9 19 3 1 19
split_gain=3.88657 2.89996 1.81688 1.53787 0.977107 1.41275 0.911767 0.886091 0.645285 1.23997 1.04864 1.30315 0.85157 0.642202 0.680646 1.21816 0.502024 0.551261 0.720682
threshold=0.00021412709822831415 2.8750000000000004 0.00041659036141107858 2.0850000000000004 0.00044428057153355255 0.00053789099948906786 1.5550000000000004 1.2500000000000291 2.0150000000000001 2.5750000000000006 0.50000000000000611 1.8950000000000002 1.9999999999999964 3.1250000000000004 -8.9999999999999893 0.0020809489352322523 1.8050000000000004 9.770877397249885e-05 -0.004570784347035727
decision_type=2 2 2 2 2 2 2 2 2 2 2 2 2 2 2 2 2 2 2
left_child=6 4 3 -3 5 8 -1 -4 12 10 11 -10 -2 14 15 -8 17 -16 -19
right_child=1 2 7 -5 -6 -7 13 -9 9 -11 -12 -13 -14 -15 16 -17 -18 18 -20
leaf_value=-0.0011140364442604948 -0.0006036254874569305 0.014892522951898477 0.026893493197858331 -0.0020883770535389582 -0.0010449794964902353 0.015278489567339421 -0.0024778030135414819 0.012894834033571757 0.02208053306490183 -0.00062655723886564376 0.0022776406579490364 0.0049572072271257643 0.0099731483158062816 0.0082188387268355909 -1.6542789562949986e-05 0.013372129395052237 -0.0010162394498211315 0.011178117797330574 0.0022184053393907118
leaf_weight=2206 141 24 20 30 149 25 22 26 25 48 29 20 22 28 254 27 424 27 133
leaf_count=2206 141 24 20 30 149 25 22 26 25 48 29 20 22 28 254 27 424 27 133
internal_value=0 0.0039635 0.011679 0.00545869 0.00228255 0.00388192 -0.000563644 0.0189812 0.00288222 0.00563225 0.00969201 0.0144702 0.000823915 0.000763315 0.000527966 0.00625583 0.000193043 0.00143153 0.00373036
internal_weight=0 559 100 54 459 310 3121 46 285 122 74 45 163 915 887 49 838 414 160
internal_count=3680 559 100 54 459 310 3121 46 285 122 74 45 163 915 887 49 838 414 160
is_linear=0
shrinkage=0.05


Tree=11
num_leaves=20
num_cat=0
split_feature=2 15 3 2 1 2 3 5 11 3 0 3 9 8 18 12 3 16 14
split_gain=3.50763 2.61722 1.74113 1.81577 0.88184 1.27501 0.82287 0.750898 1.41596 0.74805 0.616144 0.579588 0.614283 0.783815 0.549363 0.50057 0.494611 0.519969 0.476507
threshold=0.00021412709822831415 2.8750000000000004 1.9450000000000001 0.00072509667545322032 0.00044428057153355255 0.00053789099948906786 1.5550000000000004 2.5750000000000006 0.50000000000003386 2.0950000000000002 0.00047178329073543245 3.1250000000000004 -8.9999999999999893 -1.9999999999999993 0.065292542289508884 -2.9999999999999996 3.8800000000000003 -1.2499999999999953 1.2350000000000001
decision_type=2 2 2 2 2 2 2 2 2 2 2 2 2 2 2 2 2 2 2
left_child=6 4 -3 9 5 10 7 8 -1 -4 14 12 13 -8 15 -2 -6 -18 -14
right_child=1 2 3 -5 16 -7 11 -9 -10 -11 -12 -13 18 -15 -16 -17 17 -19 -20
leaf_value=0.015151360922399909 0.0079201690654736017 0.024047391885146503 0.0097558621125295765 0.017881133247166874 -0.0031958805234922516 0.014369419510737062 0.013422335285972803 -0.0011868277068287894 -0.0018521989552304149 -0.0024475739006884398 0.0099749132014381198 0.0077298178765922787 0.0025927584403091009 0.00068449087023478132 0.0082800743529573076 0.00036450293923660023 0.0090918417669832701 -0.00086271174671128401 -0.00039627593938129017
leaf_weight=20 24 20 20 28 93 25 20 2156 30 32 26 28 162 29 30 205 20 36 676
leaf_count=20 24 20 20 28 93 25 20 2156 30 32 26 28 162 29 30 205 20 36 676
internal_value=0 0.00372767 0.0109841 0.00771833 0.00214674 0.00365094 -0.000530107 -0.00104775 0.00494922 0.00224606 0.00271073 0.000717897 0.000496552 0.00588361 0.0019815 0.00115636 -0.000982803 0.00269249 0.000181556
internal_weight=0 559 100 80 459 310 3121 2206 50 52 285 915 887 49 259 229 149 56 838
internal_count=3680 559 100 80 459 310 3121 2206 50 52 285 915 887 49 259 229 149 56 838
is_linear=0
shrinkage=0.0495


Tree=12
num_leaves=20
num_cat=0
split_feature=2 15 13 2 15 19 13 3 7 7 21 20 3 9 19 3 1 19 7
split_gain=3.16897 2.36453 1.65081 1.18482 0.806662 1.15238 0.782936 0.743422 0.685525 0.741844 0.559653 0.559409 0.523629 0.554975 1.09189 0.442858 0.494631 0.649169 0.563597
threshold=0.00021412709822831415 2.8750000000000004 0.58333333333335802 0.00031965087587533205 0.095000000000000015 0.0012554749817955682 4.999999999999992 1.5550000000000004 -0.0056700736530880249 -0.0086479235797295977 -0.0029777702841253802 -0.00040663025995479879 3.1250000000000004 -8.9999999999999893 0.0020809489352322523 1.8050000000000004 9.770877397249885e-05 -0.004570784347035727 -0.011473557876334637
decision_type=2 2 2 2 2 2 2 2 2 2 2 2 2 2 2 2 2 2 2
left_child=7 4 3 -3 5 -2 8 -1 9 -6 11 -10 13 14 -9 16 -15 -18 -19
right_child=1 2 -4 -5 6 -7 -8 12 10 -11 -12 -13 -14 15 -16 -17 17 18 -20
leaf_value=-0.00098592864726035974 0.013162719458765624 0.022313112524013967 0.0024615608388242811 0.0086518796469872046 0.0017164293568065962 -0.0014378772554812687 0.0080563770080906514 -0.002567601915830746 -0.003689360457576066 0.011627521924530822 -0.0030376880448568346 0.0053507992157712583 0.0072737200329106829 -3.3467932660425978e-05 0.012139749087207019 -0.00094234195539912306 0.01037305810695514 0.0074821929167194628 0.00016923042722046374
leaf_weight=2206 34 30 39 31 133 21 37 22 25 21 140 48 28 254 27 424 27 34 99
leaf_count=2206 34 30 39 31 133 21 37 22 25 21 140 48 28 254 27 424 27 34 99
internal_value=0 0.00350772 0.010336 0.0153705 0.00202007 0.00758795 0.00126207 -0.000498828 0.000577087 0.00306794 -0.00122381 0.00225485 0.000675538 0.000467253 0.00553645 0.000170844 0.00131092 0.00344513 0.00203871
internal_weight=0 559 100 61 459 55 404 3121 367 154 213 73 915 887 49 838 414 160 133
internal_count=3680 559 100 61 459 55 404 3121 367 154 213 73 915 887 49 838 414 160 133
is_linear=0
shrinkage=0.049005


Tree=13
num_leaves=20
num_cat=0
split_feature=2 15 3 2 21 13 15 7 18 5 21 15 6 5 9 2 21 8 20
split_gain=2.86599 2.14764 1.69732 1.8467 0.835233 1.30118 1.54871 0.823338 1.15946 0.705564 0.776156 1.87815 1.35818 0.628081 1.19373 0.436966 0.412497 0.729319 0.749168
threshold=0.00021412709822831415 2.9150000000000005 1.9650000000000001 0.00072509667545322032 0.00096796067751225856 4.999999999999992 0.16500000000000004 -0.0051640508307710933 0.0070675503261143921 7.3350000000000009 -0.0021406837773617622 2.0850000000000004 3.0000000000000031 2.5750000000000006 0.50000000000005607 0.00031965087587533205 -0.0021406837773617622 4.0000000000000027 0.0031059811177488465
decision_type=2 2 2 2 2 2 2 2 2 2 2 2 2 2 2 2 2 2 2
left_child=9 4 -3 15 16 6 -6 8 -8 13 11 12 -11 14 -1 -4 17 18 -2
right_child=1 2 3 -5 5 -7 7 -9 -10 10 -12 -13 -14 -15 -16 -17 -18 -19 -20
leaf_value=0.013467590238227935 -0.0021082247501877085 0.022097517464635893 0.0056036984613505193 0.016356034837368718 0.013281748866565166 0.015639421098379232 -0.001795140899007249 -0.0024590821008896062 0.013783702279102989 0.020118702733989403 -4.1477614763751627e-05 -2.1210412704709866e-05 0.0031567537414377463 -0.00082880259360591996 -0.001720571870501301 -0.0037712135226297453 -0.0018267630871249827 0.009920186819021324 0.0049472090328957696
leaf_weight=21 91 21 22 28 28 22 23 76 22 25 234 73 20 2719 29 25 120 23 58
leaf_count=21 91 21 22 28 28 22 23 76 22 25 234 73 20 2719 29 25 120 23 58
internal_value=0 0.00330247 0.00990644 0.00649293 0.00193318 0.00462584 0.00299968 0.000620355 0.00582118 -0.000469639 0.00157627 0.00478436 0.0125801 -0.000729719 0.00465846 0.000617043 0.00035631 0.00187938 0.000638186
internal_weight=0 559 96 75 463 171 149 121 45 3121 352 118 45 2769 50 47 292 172 149
internal_count=3680 559 96 75 463 171 149 121 45 3121 352 118 45 2769 50 47 292 172 149
is_linear=0
shrinkage=0.048515


Tree=14
num_leaves=20
num_cat=0
split_feature=2 15 13 17 1 15 5 0 7 3 3 3 5 9 3 3 3 9 19
split_gain=2.59465 1.94561 1.45065 1.07645 0.810517 1.05102 1.38179 0.787565 0.772066 0.966845 1.26581 0.65228 0.627763 1.26575 0.604856 0.825859 0.453734 0.499884 0.993301
threshold=0.00021412709822831415 2.8750000000000004 0.58333333333335802 -1.0000000180025095e-35 0.000431001232881904 0.095000000000000015 7.8050000000000006 0.00045115425046341699 -0.0056700736530880249 2.0250000000000004 2.5350000000000006 1.5550000000000004 2.5950000000000002 0.50000000000005607 3.8800000000000003 5.5750000000000011 3.1250000000000004 -8.9999999999999893 0.0020809489352322523
decision_type=2 2 2 2 2 2 2 2 2 2 2 2 2 2 2 2 2 2 2
left_child=11 4 3 -3 5 6 -2 8 9 -7 -11 12 13 -1 -6 -16 17 18 -13
right_child=1 2 -4 -5 14 7 -8 -9 -10 10 -12 16 -14 -15 15 -17 -18 -19 -20
leaf_value=0.012229277327148382 0.019461215903191789 0.0066472455298123064 0.0019467674497464502 0.019492761382248248 -0.0031941718944270728 -0.00014400623414524187 0.0021993808638937243 0.010383694083039269 -0.0011096296033900434 0.017518959013995691 0.0015841978340296581 -0.0024147125576474784 -0.001028492485200569 -0.0016860321915010848 0.010853370457097715 -0.0010514178610293498 0.0066555725412468713 0.00017000632767673524 0.011333809988287076
leaf_weight=25 20 27 39 34 102 49 23 24 134 23 23 22 2143 38 20 41 28 838 27
leaf_count=25 20 27 39 34 102 49 23 24 134 23 23 22 2143 38 20 41 28 838 27
internal_value=0 0.00311083 0.00918153 0.013807 0.00178823 0.00328596 0.0102281 0.00210607 0.00123854 0.0045507 0.00955158 -0.000442386 -0.000889572 0.00383592 -0.000931572 0.00285179 0.000635749 0.000445721 0.005161
internal_weight=0 559 100 61 459 296 43 253 229 95 46 3121 2206 63 163 61 915 887 49
internal_count=3680 559 100 61 459 296 43 253 229 95 46 3121 2206 63 163 61 915 887 49
is_linear=0
shrinkage=0.0480298


Tree=15
num_leaves=20
num_cat=0
split_feature=3 3 10 16 2 3 6 6 7 20 20 3 3 19 15 15 2 5 2
split_gain=1.77412 0.978954 0.896408 0.728935 0.653489 0.556169 0.416705 0.487131 0.47049 0.495539 0.663151 0.826715 0.51765 0.902203 0.982277 0.441383 0.424486 0.348461 0.695246
threshold=4.4350000000000014 5.9650000000000007 3.9999999999999707 -4.2499999999999973 5.8319409107235937e-05 0.56500000000000006 19.999999999999975 16.500000000000007 -0.0033383181154690296 -0.0041416301989362072 -0.0026749973613768847 1.675 1.9950000000000003 -0.0020708922909721257 2.3150000000000008 0.065000000000000016 0.00062599042765729888 7.3750000000000009 0.00015295098111545836
decision_type=2 2 2 2 2 2 2 2 2 2 2 2 2 2 2 2 2 2 2
left_child=4 2 3 -2 -1 -6 7 8 9 -7 11 -11 15 -14 -15 -12 -10 -17 -19
right_child=1 -3 -4 -5 5 6 -8 -9 16 10 12 -13 13 14 -16 17 -18 18 -20
leaf_value=-0.0010836151158076558 0.0067561705694075998 -0.0010800198590793805 0.0021357217598110944 0.018886747866688914 0.0071474171765811955 -0.0010194339482629867 -0.0040540162058614847 0.0055895646504662286 -0.00054052967023636748 0.0020836349321837039 0.0057118920355912345 0.014407173951939667 2.5370147203826676e-05 0.012770604087001695 0.00014548758135575558 -0.0005636974370753317 0.0057169732956917508 0.0073562409283026743 -0.0014549749851984978
leaf_weight=1375 21 30 26 24 26 203 52 38 1252 32 34 20 64 38 22 351 25 40 41
leaf_count=1375 21 30 26 24 26 203 52 38 1252 32 34 20 64 38 22 351 25 40 41
internal_value=0 0.00612168 0.00916465 0.0132258 -0.000267766 0.000233482 0.000152215 0.000253476 0.00015792 0.00102831 0.00167581 0.00682346 0.00122212 0.00395248 0.00814139 0.000495584 -0.000418026 8.50413e-05 0.00289624
internal_weight=0 101 71 45 3613 2238 2212 2160 2122 845 642 52 590 124 60 466 1277 432 81
internal_count=3714 101 71 45 3613 2238 2212 2160 2122 845 642 52 590 124 60 466 1277 432 81
is_linear=0
shrinkage=0.0475495


Tree=16
num_leaves=20
num_cat=0
split_feature=0 5 1 2 3 0 17 13 2 15 15 2 19 1 1 21 21 1 0
split_gain=1.61826 0.850726 1.40626 0.5743 0.507741 0.355874 0.321293 0.312945 0.502756 1.5299 1.07289 0.506438 0.657186 0.447712 0.433177 0.512948 0.895856 0.676934 0.525656
threshold=0.0018581489659376591 15.805000000000001 0.0005691685285342925 5.8319409107235937e-05 0.56500000000000006 0.00085506830252801973 -7.0000000000000027 0.50000000000002276 0.00021412709822831415 2.8750000000000004 3.0750000000000006 0.00023833301312043095 -1.0000000180025095e-35 0.00015639894608797034 9.4936300278312307e-05 0.00067551731447390584 0.00032007478130358097 0.00010376705887667355 5.6740585625317082e-05
decision_type=2 2 2 2 2 2 2 2 2 2 2 2 2 2 2 2 2 2 2
left_child=1 3 -3 -1 -5 -4 -6 8 13 11 -11 12 -10 14 -8 16 17 -16 -19
right_child=-2 2 5 4 6 -7 7 -9 9 10 -12 -13 -14 -15 15 -17 -18 18 -20
leaf_value=-0.0010217688829394381 0.011847632621444937 0.014854955425226963 -0.0041780476220327715 0.0067394855291034615 -0.0031641992484124433 0.0045959319541367021 -0.00037251145668930807 -0.00080036769826112803 -9.9784667341095679e-05 0.016988159599510836 0.0024184604814581809 0.00020638914427566007 0.011153423373279233 -0.0014958554835763664 0.0078280081332565404 -0.0002641016241135912 0.012027794804403483 0.0078078872243913539 0.00027505718032027146
leaf_weight=1375 25 22 21 26 64 20 507 509 23 24 21 287 23 302 39 190 22 23 191
leaf_count=1375 25 22 21 26 64 20 507 509 23 24 21 287 23 302 39 190 22 23 191
internal_value=0 -0.000169534 0.00525379 -0.000263762 0.000199259 0.000101942 0.000122834 0.000220182 0.000534625 0.00204225 0.010189 0.000941343 0.00552682 8.73078e-05 0.000579196 0.00161686 0.00291644 0.00212415 0.00108466
internal_weight=0 3689 63 3626 2251 41 2225 2161 1652 378 45 333 46 1274 972 465 275 253 214
internal_count=3714 3689 63 3626 2251 41 2225 2161 1652 378 45 333 46 1274 972 465 275 253 214
is_linear=0
shrinkage=0.047074


Tree=17
num_leaves=20
num_cat=0
split_feature=0 3 14 3 2 3 3 7 7 2 20 7 19 0 0 4 7 21 20
split_gain=1.46949 0.696627 0.897189 0.705199 0.512817 0.462287 0.378598 0.357662 0.412003 0.4724 0.38272 0.496147 1.35846 0.549676 0.444079 0.366274 0.557525 0.34863 0.741025
threshold=0.0018581489659376591 4.4350000000000014 1.8225000000000005 5.3350000000000009 5.8319409107235937e-05 0.56500000000000006 3.2150000000000003 -0.0035474671735492565 -0.024029275533943125 6.2684374616155925e-05 -0.0040492866207750269 -0.017892133569085419 -0.0020708922909721257 0.00040928595257693927 0.00012119080949087023 -1.0000000000000118 -0.0078475336322870164 0.0036453912282764516 -0.0030623816885802508
decision_type=2 2 2 2 2 2 2 2 2 2 2 2 2 2 2 2 2 2 2
left_child=1 4 -3 -4 -1 -6 7 8 17 -10 -11 12 -12 15 -14 16 -13 -7 -19
right_child=-2 2 3 -5 5 6 -8 -9 9 10 11 13 14 -15 -16 -17 -18 18 -20
leaf_value=-0.00096393341838529043 0.011177018054389478 0.011050593656301826 0.0075899123527319807 -0.0034385430249416829 0.0063580085184279074 -0.0012757800813376955 -0.0045671681520030576 -0.00030290837307105409 0.0080098843231381344 -0.00075250513963403046 -0.0017322627709193043 0.0096619933223525602 0.0063547998658381429 0.0088343329295582553 0.016175593223667007 0.00027672271244467658 -0.00060895020302745707 -0.002729879517098258 0.0098044194078961942
leaf_weight=1375 25 27 20 34 26 233 37 1299 24 143 31 24 20 20 20 293 22 21 20
leaf_count=1375 25 27 20 34 26 233 37 1299 24 143 31 24 20 20 20 293 22 21 20
internal_value=0 -0.000159938 0.00411424 0.00064607 -0.000255894 0.000180091 0.000107311 0.000187014 0.000917679 0.00160435 0.00133605 0.00203062 0.00559025 0.00132662 0.0112652 0.000883689 0.0047498 -0.000578452 0.00338441
internal_weight=0 3689 81 54 3608 2233 2207 2170 871 597 573 430 71 359 40 339 46 274 41
internal_count=3714 3689 81 54 3608 2233 2207 2170 871 597 573 430 71 359 40 339 46 274 41
is_linear=0
shrinkage=0.0466033


Tree=18
num_leaves=20
num_cat=0
split_feature=0 5 1 2 7 21 11 20 7 7 21 22 4 1 1 14 0 1 18
split_gain=1.33572 0.718248 1.23318 0.47269 0.379371 0.618757 0.678546 0.814934 1.29431 0.586312 0.500272 0.710211 0.775792 0.668894 1.3056 0.500793 0.331937 0.255988 0.250627
threshold=0.0018581489659376591 15.805000000000001 0.0005691685285342925 5.8319409107235937e-05 -0.0056700736530880249 0.0036453912282764516 -5.0000000000000036 -0.003379360699149347 -0.017296740767498705 -0.022037256788934974 0.0013862033823210942 1.2081161241628282e-05 -1.0000000000000451 0.00013774902947501268 0.00011372594742989357 0.46500000000000002 0.00085506830252801973 0.0003191949020927279 -0.11264646151788509
decision_type=2 2 2 2 2 2 2 2 2 2 2 2 2 2 2 2 2 2 2
left_child=1 3 -3 -1 5 9 -7 -8 -9 -5 11 12 -11 14 15 -14 -4 -15 -6
right_child=-2 2 16 4 18 6 7 8 -10 10 -12 -13 13 17 -16 -17 -18 -19 -20
leaf_value=-0.00090982085372625482 0.010549571199004442 0.013545091105199102 -0.004046617723396791 -0.0012333549692979909 0.0027518428816608038 -0.0030552869746460582 0.00061321379608095629 0.016023902286260019 0.0025664921225368193 0.012452617242263313 -0.0017515328144831446 -0.00028111774168965809 0.0090022134715071946 -0.0015563599910186339 0.015532299679635177 0.00047681077064719632 0.0042585107923868194 0.004470844105869818 -0.00039656034712097829
leaf_weight=1375 25 22 21 273 56 24 42 29 32 21 80 134 20 60 22 55 20 20 1383
leaf_count=1375 25 22 21 273 56 24 42 29 32 21 80 134 20 60 22 55 20 20 1383
internal_value=0 -0.00015096 0.00473307 -0.000235817 0.000175891 0.000973239 0.00393109 0.00555899 0.00896428 0.000424849 0.00152361 0.0023128 0.00406828 0.00307353 0.00564927 0.00275025 4.66448e-06 -4.9559e-05 -0.000274037
internal_weight=0 3689 63 3626 2251 812 127 103 61 685 412 332 198 177 97 75 41 80 1439
internal_count=3714 3689 63 3626 2251 812 127 103 61 685 412 332 198 177 97 75 41 80 1439
is_linear=0
shrinkage=0.0461372


Tree=19
num_leaves=20
num_cat=0
split_feature=0 5 1 2 3 0 7 14 5 8 17 19 19 15 0 1 17 1 10
split_gain=1.21531 0.653501 1.12202 0.430079 0.414671 0.302014 0.299177 0.430041 0.568164 0.952161 0.871696 0.639443 1.07658 0.53767 0.463094 0.356741 0.668696 0.395597 0.334461
threshold=0.0018581489659376591 15.805000000000001 0.0005691685285342925 5.8319409107235937e-05 0.56500000000000006 0.00085506830252801973 -0.0035474671735492565 2.1150000000000007 7.3750000000000009 -1.1666666666667156 1.9999999999999936 -0.0044010899778512127 0.0015502254226958947 0.065000000000000016 8.941356805933459e-05 0.00017439684792101235 3.0000000000000022 3.667515708496517e-05 -0.99999999999998967
decision_type=2 2 2 2 2 2 2 2 2 2 2 2 2 2 2 2 2 2 2
left_child=1 3 -3 -1 -5 -4 7 8 13 18 11 -11 -13 14 -6 16 17 -15 -10
right_child=-2 2 5 4 6 -7 -8 -9 9 10 -12 12 -14 15 -16 -17 -18 -19 -20
leaf_value=-0.00085916581606365128 0.0099622144926289381 0.012790956458127669 -0.0038213187445522634 0.005901040420792255 0.010469747755531642 0.0040214144527126747 -0.00033580481233133277 -0.0010700983059801379 -0.0035781691911574549 -0.0017272864485819316 0.012244516459080855 0.01205069359280952 6.7202768170259564e-06 0.0055904374680913567 0.00064047232525571071 -0.0024094126687717082 0.0068959038344811067 -0.00039064857577830254 0.0031248376899420541
leaf_weight=1375 25 22 21 26 20 20 1329 209 41 32 32 32 30 25 20 98 33 299 25
leaf_count=1375 25 22 21 26 20 20 1329 209 41 32 32 32 30 25 20 98 33 299 25
internal_value=0 -0.000142555 0.00446955 -0.000222688 0.000166098 4.40477e-06 9.90831e-05 0.000744134 0.00129606 0.00340516 0.00573314 0.0035165 0.00622296 0.000477987 0.00555511 3.1647e-05 0.000701742 7.0855e-05 -0.00103915
internal_weight=0 3689 63 3626 2251 41 2225 896 687 192 126 94 62 495 40 455 357 324 66
internal_count=3714 3689 63 3626 2251 41 2225 896 687 192 126 94 62 495 40 455 357 324 66
is_linear=0
shrinkage=0.0456759


Tree=20
num_leaves=20
num_cat=0
split_feature=2 15 3 2 1 15 19 1 3 3 20 3 14 14 2 15 12 7 2
split_gain=1.78601 2.11492 2.06814 1.08125 0.814732 1.02742 1.064 0.697071 0.649332 0.747534 1.09881 0.567592 0.552573 1.46791 1.23566 1.12535 0.456454 0.428671 0.402984
threshold=0.00022863242871383989 2.8550000000000004 2.0350000000000006 0.00072509667545322032 0.000431001232881904 0.095000000000000015 0.00044776387866096728 0.0003191949020927279 2.1950000000000007 2.5850000000000004 -0.00053531493916492135 1.5550000000000004 1.2350000000000001 -0.18499999999999997 0.00014958479746790502 0.14500000000000005 4.9999999999999885 -0.0027300828890746138 0.00019292242589676791
decision_type=2 2 2 2 2 2 2 2 2 2 2 2 2 2 2 2 2 2 2
left_child=11 4 -3 7 5 6 -2 -4 -7 10 -10 -1 13 -13 15 -15 -6 -17 -16
right_child=1 2 3 -5 16 8 -8 -9 9 -11 -12 12 -14 14 18 17 -18 -19 -20
leaf_value=-0.00077279741563701567 0.017832262864844364 0.024002648927271369 0.0070131774712353951 0.013092917409436456 -0.0026041287556290631 -0.00068782591596245777 0.0018977122101932764 -0.0061878730636090043 -7.2748633101582534e-06 -0.00035781693146672358 0.013804525240427919 -0.0026255634960843559 0.00011134729455249298 0.0016487503601681618 -0.0038386562541127206 0.020222039784615242 0.0046306930840588536 0.01031057526357472 0.0056834996771067386
leaf_weight=2211 22 20 20 29 135 125 20 20 24 43 36 67 772 21 25 24 26 20 20
leaf_count=2211 22 20 20 29 135 125 20 20 24 43 36 67 772 21 25 24 26 20 20
internal_value=0 0.00282843 0.00984555 0.00574204 0.00137942 0.0030581 0.0102444 0.000412652 0.00173432 0.00467381 0.00827981 -0.000333778 0.000689057 0.00320879 0.00676243 0.0111718 -0.00143577 0.0157168 0.000393413
internal_weight=0 520 89 69 431 270 42 40 228 103 60 3160 949 177 110 65 161 44 45
internal_count=3680 520 89 69 431 270 42 40 228 103 60 3160 949 177 110 65 161 44 45
is_linear=0
shrinkage=0.05


end of trees

feature_importances:
f_3=72
f_1=49
f_2=37
f_5=30
f_15=28
f_19=20
f_0=19
f_14=19
f_7=17
f_21=17
f_6=11
f_16=10
f_4=9
f_17=9
f_18=9
f_9=8
f_20=8
f_13=7
f_12=6
f_8=4
f_10=4
f_22=4
f_11=2

parameters:
[boosting: gbdt]
[objective: regression]
[metric: binary_logloss]
[tree_learner: serial]
[device_type: cpu]
[data: ]
[valid: ]
[num_iterations: 10]
[learning_rate: 0.05]
[num_leaves: 20]
[num_threads: 0]
[deterministic: 0]
[force_col_wise: 0]
[force_row_wise: 0]
[histogram_pool_size: -1]
[max_depth: -1]
[min_data_in_leaf: 20]
[min_sum_hessian_in_leaf: 0.001]
[bagging_fraction: 0.7]
[pos_bagging_fraction: 1]
[neg_bagging_fraction: 1]
[bagging_freq: 5]
[bagging_seed: 3]
[feature_fraction: 0.9]
[feature_fraction_bynode: 1]
[feature_fraction_seed: 2]
[extra_trees: 0]
[extra_seed: 6]
[early_stopping_round: 0]
[first_metric_only: 0]
[max_delta_step: 0]
[lambda_l1: 0]
[lambda_l2: 0]
[linear_lambda: 0]
[min_gain_to_split: 0]
[drop_rate: 0.1]
[max_drop: 50]
[skip_drop: 0.5]
[xgboost_dart_mode: 0]
[uniform_drop: 0]
[drop_seed: 4]
[top_rate: 0.2]
[other_rate: 0.1]
[min_data_per_group: 100]
[max_cat_threshold: 32]
[cat_l2: 10]
[cat_smooth: 10]
[max_cat_to_onehot: 4]
[top_k: 20]
[monotone_constraints: ]
[monotone_constraints_method: basic]
[monotone_penalty: 0]
[feature_contri: ]
[forcedsplits_filename: ]
[refit_decay_rate: 0.9]
[cegb_tradeoff: 1]
[cegb_penalty_split: 0]
[cegb_penalty_feature_lazy: ]
[cegb_penalty_feature_coupled: ]
[path_smooth: 0]
[interaction_constraints: ]
[verbosity: 0]
[saved_feature_importance_type: 0]
[linear_tree: 0]
[max_bin: 255]
[max_bin_by_feature: ]
[min_data_in_bin: 3]
[bin_construct_sample_cnt: 200000]
[data_random_seed: 1]
[is_enable_sparse: 1]
[enable_bundle: 1]
[use_missing: 1]
[zero_as_missing: 0]
[feature_pre_filter: 1]
[pre_partition: 0]
[two_round: 0]
[header: 0]
[label_column: ]
[weight_column: ]
[group_column: ]
[ignore_column: ]
[categorical_feature: ]
[forcedbins_filename: ]
[precise_float_parser: 0]
[objective_seed: 5]
[num_class: 1]
[is_unbalance: 0]
[scale_pos_weight: 1]
[sigmoid: 1]
[boost_from_average: 1]
[reg_sqrt: 0]
[alpha: 0.9]
[fair_c: 1]
[poisson_max_delta_step: 0.7]
[tweedie_variance_power: 1.5]
[lambdarank_truncation_level: 30]
[lambdarank_norm: 1]
[label_gain: ]
[eval_at: ]
[multi_error_top_k: 1]
[auc_mu_weights: ]
[num_machines: 1]
[local_listen_port: 12400]
[time_out: 120]
[machine_list_filename: ]
[machines: ]
[gpu_platform_id: -1]
[gpu_device_id: -1]
[gpu_use_dp: 0]
[num_gpu: 1]

end of parameters

pandas_categorical:[]
