tree
version=v3
num_class=1
num_tree_per_iteration=1
label_index=0
max_feature_idx=22
objective=regression
feature_names=f_0 f_1 f_2 f_3 f_4 f_5 f_6 f_7 f_8 f_9 f_10 f_11 f_12 f_13 f_14 f_15 f_16 f_17 f_18 f_19 f_20 f_21 f_22
feature_infos=[3.5138360446667107e-07:0.0066553821535006137] [2.5600331918768856e-06:0.0039732576088439284] [9.2225614268401974e-06:0.0029579505118275174] [0.53000000000000003:6.5599999999999996] [-33.000000000000007:46] [2.4100000000000001:21.82] [-101.00000000000016:144.99999999999994] [-0.15710919088766695:0.17837578087457961] [-81:74] [-46:33.999999999999986] [-51.000000000000021:33.999999999999986] [-33.000000000000007:27.999999999999979] [-41:96.000000000000014] [-36.000000000000007:32.999999999999986] [-0.52000000000000002:2.9100000000000001] [-0.94999999999999996:3.8500000000000001] [-52:73.999999999999972] [-28.000000000000004:24.000000000000004] [-0.29572649572649579:0.64215246636771273] [-0.02958455728073861:0.047292143401983289] [-0.054746473503621829:0.033993115318416534] [-0.039377561323276189:0.045346674363414774] [-0.019984292877423981:0.018327052533256172]
tree_sizes=1836 1874 1877 1892 1865 1882 1884 1877 1898 1862

Tree=0
num_leaves=20
num_cat=0
split_feature=2 15 1 1 21 15 19 3 21 18 13 3 3 1 7 6 22 3 19
split_gain=9.20916 5.29219 3.652 1.84286 1.33361 1.31765 1.72142 1.43417 1.38075 1.51724 1.24444 0.997495 0.811227 1.15944 0.963333 0.69869 0.761051 0.561704 0.546122
threshold=0.00021412709822831415 2.9150000000000005 0.00038902402540016425 8.4653776542144366e-05 -0.0019162738562985002 0.095000000000000015 0.0012554749817955682 2.0250000000000004 0.0036453912282764516 -0.00068627271132282164 0.99999999999998956 3.1250000000000004 2.5350000000000006 0.00044428057153355255 -0.0051640508307710933 6.9999999999999627 -0.00088227951229263846 1.155 0.0051645498571676338
decision_type=2 2 2 2 2 2 2 2 2 2 2 2 2 2 2 2 2 2 2
left_child=3 5 10 -1 -4 6 -2 -7 12 -10 -3 15 13 14 -9 -5 -17 -18 -19
right_child=1 2 4 11 -6 7 -8 8 9 -11 -12 -13 -14 -15 -16 16 17 18 -20
leaf_value=0.048832560727938901 0.068750692855072223 0.064829124242230224 0.086257695590974001 0.05058015310189614 0.069829124223603767 0.05015109399387984 0.05054341000973437 0.0706624575538327 0.056495790939940976 0.073162457544519471 0.048162457637651729 0.0606624575910856 0.051075078986024668 0.048162457637651729 0.056495790939940976 0.063162457581772372 0.0606624575910856 0.050299209766443843 0.058579124265513288
leaf_weight=1940 34 24 21 972 30 176 21 20 36 22 21 28 103 21 30 20 20 117 24
leaf_count=1940 34 24 21 972 30 176 21 20 36 22 21 28 103 21 30 20 20 117 24
internal_value=0.0506973 0.0567492 0.0674333 0.0497805 0.0765938 0.0545339 0.0617988 0.0535546 0.0561366 0.0628176 0.0570513 0.0513377 0.0539096 0.0580216 0.0621625 0.0511113 0.0539636 0.0528208 0.0517086
internal_weight=0 559 96 3121 51 463 55 408 232 58 45 1181 174 71 50 1153 181 161 141
internal_count=3680 559 96 3121 51 463 55 408 232 58 45 1181 174 71 50 1153 181 161 141
is_linear=0
shrinkage=1


Tree=1
num_leaves=20
num_cat=0
split_feature=2 2 3 1 18 21 14 5 14 16 3 7 17 3 1 3 1 6 21
split_gain=8.31127 2.57346 3.59613 1.66318 1.44235 1.67175 1.59421 1.01118 1.84062 1.98855 0.917114 0.829594 0.817665 0.844768 0.76227 0.646832 1.09078 0.625626 0.621895
threshold=0.00021412709822831415 0.0011109579304333353 6.0750000000000002 8.4653776542144366e-05 0.034269647546533062 0.0016071173122118589 1.6950000000000001 6.5250000000000012 1.2350000000000001 1.0000000000000122 3.1250000000000004 -0.0055161523069370824 -3.0000000000000133 1.7750000000000001 0.00031067803756707407 1.7550000000000001 0.00016127300123694045 2.0000000000000244 -0.00413459976302366
decision_type=2 2 2 2 2 2 2 2 2 2 2 2 2 2 2 2 2 2 2
left_child=3 4 -3 -1 11 18 -7 17 9 -9 15 12 -2 -14 -15 16 -10 -5 -6
right_child=1 2 -4 7 5 6 -8 8 10 -11 -12 -13 13 14 -16 -17 -18 -19 -20
leaf_value=-0.0017715249807794685 0.013728942809005579 0.03098489020181739 0.0019952521659433843 -0.0014631160881456943 0.010202180720208322 0.0076170335446173951 0.025841412499236566 0.0033377515088956235 -0.00014582546575674936 0.018664475366698973 0.0094668773002922549 0.001580379244114738 -0.0025343466129514481 0.0018098228494636715 0.012415844998839829 -0.0015656040068350585 0.011714858388794321 0.0015844059288501742 0.001401216342893182
leaf_weight=1940 30 23 20 516 34 24 24 59 63 33 28 256 31 32 36 204 28 250 49
leaf_count=1940 30 23 20 516 34 24 24 59 63 33 28 256 31 32 36 204 28 250 49
internal_value=0 0.0057493 0.0175013 -0.000870955 0.00476996 0.0093018 0.0167292 0.000608389 0.00259608 0.00883538 0.000818942 0.00322796 0.00649758 0.00430626 0.00742478 -1.8786e-06 0.00350362 -0.000468494 0.00500643
internal_weight=0 559 43 3121 516 131 48 1181 415 92 323 385 129 99 68 295 91 766 83
internal_count=3680 559 43 3121 516 131 48 1181 415 92 323 385 129 99 68 295 91 766 83
is_linear=0
shrinkage=0.05


Tree=2
num_leaves=20
num_cat=0
split_feature=2 15 1 1 3 15 21 3 21 5 5 14 16 3 3 12 3 1 6
split_gain=7.50092 4.49366 3.13719 1.50102 1.33679 1.20918 1.1509 1.12103 1.17708 1.06974 0.912588 1.66116 1.79467 0.827695 0.775543 1.03546 0.583766 0.984428 0.567198
threshold=0.00021412709822831415 2.8750000000000004 0.00038902402540016425 8.4653776542144366e-05 2.0850000000000004 0.095000000000000015 -0.0019162738562985002 2.0250000000000004 0.0080129540332106747 7.7650000000000006 6.5250000000000012 1.2350000000000001 1.0000000000000122 3.1250000000000004 2.2650000000000001 -5.0000000000000009 1.7550000000000001 0.00016127300123694045 6.9999999999999627
decision_type=2 2 2 2 2 2 2 2 2 2 2 2 2 2 2 2 2 2 2
left_child=3 5 4 -1 -3 9 -4 -7 14 -2 18 12 -12 16 -9 -16 17 -13 -5
right_child=1 2 6 10 -6 7 -8 8 -10 -11 11 13 -14 -15 15 -17 -18 -19 -20
leaf_value=-0.0016829487633382538 0.017689175667384496 0.015567392891361602 0.032724394134822345 -0.00098134092143757862 -0.0011208480357059413 -0.0006210005869066096 0.01746267938365539 0.010643501655431466 0.015183863493924341 0.0037221079371098816 0.0031708639778070531 -0.00013853439854251014 0.017731251420848301 0.0089935332536697395 0.010990258645532387 0.00049920796106259029 -0.0014873239421742219 0.011129115455384767 0.0030068533531236417
leaf_weight=1940 26 21 21 663 28 173 30 32 24 29 59 63 33 28 28 147 204 28 103
leaf_count=1940 26 21 21 663 28 173 30 32 24 29 59 63 33 28 28 147 204 28 103
internal_value=0 0.00546184 0.0150662 -0.000827408 0.00603126 0.00336937 0.0237469 0.00242248 0.0047018 0.0103247 0.000577969 0.00246628 0.00839361 0.000777995 0.00348649 0.00217778 -1.78481e-06 0.00332843 -0.000445069
internal_weight=0 559 100 3121 49 459 51 404 231 55 1181 415 92 323 207 175 295 91 766
internal_count=3680 559 100 3121 49 459 51 404 231 55 1181 415 92 323 207 175 295 91 766
is_linear=0
shrinkage=0.05


Tree=3
num_leaves=20
num_cat=0
split_feature=2 15 1 1 15 19 3 21 18 21 13 5 14 16 3 3 0 19 6
split_gain=6.76958 4.06581 2.78957 1.35467 1.07484 1.49591 1.11928 1.14069 1.25078 1.03869 1.02804 0.82361 1.4992 1.61969 0.746995 0.713246 1.04397 0.542503 0.533037
threshold=0.00021412709822831415 2.9150000000000005 0.00038902402540016425 8.4653776542144366e-05 0.095000000000000015 0.0012554749817955682 2.0250000000000004 0.0036453912282764516 -0.00068627271132282164 -0.0019162738562985002 0.99999999999998956 6.5250000000000012 1.2350000000000001 1.0000000000000122 3.1250000000000004 2.5350000000000006 0.00033789471293591157 -0.0084699647779241088 2.0000000000000244
decision_type=2 2 2 2 2 2 2 2 2 2 2 2 2 2 2 2 2 2 2
left_child=3 4 10 -1 5 -2 17 15 -9 -4 -3 18 13 -13 -14 16 -8 -6 -5
right_child=1 2 9 11 6 -7 7 8 -10 -11 -12 12 14 -15 -16 -17 -18 -19 -20
leaf_value=-0.0015988011710038504 0.016289028415785119 0.012549015833064914 0.03108817445380347 -0.0013408934192139974 0.0068975185177155909 -0.00068382157811096734 0.012125064280668372 0.0049761299561295247 0.020108654942702166 0.016589545123279096 -0.0025993612018369496 0.0030123206518464173 -1.6954421239384152e-06 0.016844688954226899 0.0085438568145036701 -3.8491059275506773e-05 -3.1049950330546407e-05 -0.0016659915291013256 0.0014720958113670348
leaf_weight=1940 34 24 21 516 21 21 38 36 22 30 21 59 295 33 28 103 33 155 250
leaf_count=1940 34 24 21 516 21 21 38 36 22 30 21 59 295 33 28 103 33 155 250
internal_value=0 0.00518874 0.0145534 -0.000786037 0.00324704 0.00980849 0.00236253 0.00464351 0.0107161 0.0225596 0.00547977 0.000549071 0.00234296 0.00797393 0.000739095 0.00261933 0.00647504 -0.000644209 -0.000422816
internal_weight=0 559 96 3121 463 55 408 232 58 51 45 1181 415 92 323 174 71 176 766
internal_count=3680 559 96 3121 463 55 408 232 58 51 45 1181 415 92 323 174 71 176 766
is_linear=0
shrinkage=0.05


Tree=4
num_leaves=20
num_cat=0
split_feature=1 15 1 1 3 6 19 15 3 3 4 3 1 3 14 16 16 16 14
split_gain=6.13917 3.11443 2.39113 2.02027 1.5545 1.46628 1.86694 1.45079 1.12351 1.33897 1.06586 0.705149 0.665 0.596391 0.590763 0.667747 0.855904 0.561646 0.559864
threshold=0.00029160087980803414 2.9150000000000005 0.00038902402540016425 0.000431001232881904 1.5450000000000002 5.9999999999999174 0.0011129607173459013 2.1650000000000005 3.8800000000000003 5.5750000000000011 0.99999999999999545 2.2150000000000003 9.4936300278312307e-05 1.7850000000000004 2.3250000000000006 1.0000000000000007 6.5000000000000178 -10.999999999999991 1.3250000000000004
decision_type=2 2 2 2 2 2 2 2 2 2 2 2 2 2 2 2 2 2 2
left_child=4 3 -3 5 -1 6 7 -2 -5 -10 -4 -8 -6 14 15 -14 18 -15 -17
right_child=1 2 10 8 12 -7 11 -9 9 -11 -12 -13 13 17 -16 16 -18 -19 -20
leaf_value=-0.0013292181120664621 0.023288076073938124 0.0025550110116600994 0.030430742781609302 -0.0030737626822847949 -0.00045223358560931583 -0.00040127180516719824 -0.0026318538172001192 0.0065735840424895296 0.016110660256817937 0.00033043258619017721 0.015625685898046342 0.010177392432732243 0.00050969808406773069 0.0091146776825189596 0.010147460039172855 0.016569148799912496 -0.00084011743310838946 0.00052416850300624851 0.0055265030823647976
leaf_weight=2221 37 25 20 102 464 35 22 20 20 41 31 21 105 20 35 22 24 391 24
leaf_count=2221 37 25 20 102 464 35 22 20 20 41 31 21 105 20 35 22 24 391 24
internal_value=0 0.00618726 0.0152222 0.00388305 -0.000571419 0.00840674 0.0114895 0.0174233 0.000136424 0.00550428 0.0214316 0.00362382 0.000979798 0.00204979 0.00421749 0.0030315 0.00681421 0.000942198 0.0108078
internal_weight=0 374 76 298 3306 135 100 57 163 61 51 43 1085 621 210 175 70 411 46
internal_count=3680 374 76 298 3306 135 100 57 163 61 51 43 1085 621 210 175 70 411 46
is_linear=0
shrinkage=0.05


Tree=5
num_leaves=20
num_cat=0
split_feature=3 3 1 19 0 5 3 2 1 5 0 5 1 14 5 2 9 18 2
split_gain=4.36376 1.67317 1.66925 1.18081 0.640713 0.622703 0.907931 0.76343 0.640411 1.59892 1.79826 0.85449 0.886549 0.905178 1.17854 0.699291 0.856396 0.637164 0.601686
threshold=4.4350000000000014 5.9650000000000007 8.4653776542144366e-05 0.0045328490245939443 0.0007214066849551274 6.6550000000000011 2.4950000000000006 9.5956451631978981e-05 0.00029160087980803414 8.8850000000000033 0.00040928595257693927 8.2350000000000012 0.00021458245434873856 1.2350000000000001 7.6250000000000009 0.0001389390760071311 -2.9999999999999853 -0.066168937590066965 0.00047795047566142907
decision_type=2 2 2 2 2 2 2 2 2 2 2 2 2 2 2 2 2 2 2
left_child=2 3 -1 4 -2 18 7 -7 11 17 -11 12 13 14 -9 -15 -17 -10 -4
right_child=1 -3 5 -5 -6 6 -8 8 9 10 -12 -13 -14 15 -16 16 -18 -19 -20
leaf_value=-0.0013759284748511235 0.013491632549890451 0.00024633080388108893 -0.00031119237273629795 0.0043802611973314063 0.024894032212482257 0.011581417731940748 -0.0012528028518045691 0.019427537492343359 0.0091009504720568658 0.02348894225876956 0.0049814853976879805 -0.0019667234623760689 -0.0023993486088925396 -0.0011151211391038755 0.0041836783697362994 0.012827296701392958 0.0019440915435552598 -0.00098712321163879515 0.0072653301336147169
leaf_weight=1963 28 30 889 21 22 24 177 21 20 21 35 127 58 68 32 28 51 72 27
leaf_count=1963 28 30 889 21 22 24 177 21 20 21 35 127 58 68 32 28 51 72 27
internal_value=0 0.0101466 -0.000390605 0.0143299 0.0185087 0.000781632 0.00186673 0.00285803 0.00246524 0.00526058 0.0119218 0.00139066 0.00304333 0.0046217 0.0102237 0.00260194 0.00580143 0.00120594 -8.78669e-05
internal_weight=0 101 3613 71 50 1650 734 557 533 148 56 385 258 200 53 147 79 92 916
internal_count=3714 101 3613 71 50 1650 734 557 533 148 56 385 258 200 53 147 79 92 916
is_linear=0
shrinkage=0.05


Tree=6
num_leaves=20
num_cat=0
split_feature=3 3 1 1 15 5 3 2 1 5 0 22 22 18 2 14 3 17 1
split_gain=3.93829 1.51004 1.5065 1.10176 1.47472 0.56199 0.819408 0.688996 0.577971 1.44303 1.62293 0.783282 0.63534 0.57504 0.543022 0.515672 0.470784 0.61162 0.451412
threshold=4.4350000000000014 5.9650000000000007 8.4653776542144366e-05 0.00092014798587458418 2.6125000000000003 6.6550000000000011 2.4950000000000006 9.5956451631978981e-05 0.00029160087980803414 8.8850000000000033 0.00040928595257693927 -0.0011416593438461906 0.00036970122657720156 -0.066168937590066965 0.00047795047566142907 -0.12499999999999999 1.675 -1.0000000180025095e-35 0.00010257529705095438
decision_type=2 2 2 2 2 2 2 2 2 2 2 2 2 2 2 2 2 2 2
left_child=2 3 15 4 -2 14 7 -7 11 13 -11 -9 18 -10 -4 16 17 -1 -13
right_child=1 -3 5 -5 -6 6 -8 8 9 10 -12 12 -14 -15 -16 -17 -18 -19 -20
leaf_value=0.00026459663175046447 0.018662423834852553 0.00023401419942577684 -0.00029563275579660628 0.022908809848807075 0.0012815133381921511 0.011002346912088495 -0.0011901626879044173 0.010955648049712182 0.0086459031235426673 0.022314495220780373 0.0047324111685156829 0.0064723640608672917 0.007522569200955332 -0.00093776708106613834 0.0069020636517692496 -0.0014594723185610797 -0.002097556181252003 0.012630068305879833 -0.00038919294623093807
leaf_weight=20 23 30 889 22 26 24 177 20 20 21 35 26 32 72 27 1896 27 20 307
leaf_count=20 23 30 889 22 26 24 177 20 20 21 35 26 32 72 27 1896 27 20 307
internal_value=0 0.0096393 -0.000371075 0.0136134 0.0094399 0.00074255 0.00177339 0.00271513 0.00234197 0.00499755 0.0113257 0.00132113 0.000793209 0.00114564 -8.34736e-05 -0.00130713 0.00300387 0.00644733 0.000146544
internal_weight=0 101 3613 71 49 1650 734 557 533 148 56 385 365 92 916 1963 67 40 333
internal_count=3714 101 3613 71 49 1650 734 557 533 148 56 385 365 92 916 1963 67 40 333
is_linear=0
shrinkage=0.05


Tree=7
num_leaves=20
num_cat=0
split_feature=3 3 1 10 12 5 14 1 0 3 17 5 6 14 5 5 2 17 17
split_gain=3.55431 1.36281 1.35962 1.11687 1.00664 0.507196 0.779699 1.49993 1.08103 0.57978 0.578456 1.0987 0.504757 0.465394 0.458272 0.489521 1.88634 0.466988 2.40828
threshold=4.4350000000000014 5.9650000000000007 8.4653776542144366e-05 3.9999999999999707 -1.9999999999999989 6.6550000000000011 1.2350000000000001 0.00012382522305140774 0.00078494393648379315 1.9950000000000003 1.0000000000000007 8.1250000000000018 16.500000000000007 -0.12499999999999999 9.8150000000000031 9.1250000000000018 0.00025615468592144375 -1.0000000180025095e-35 0.50000000000000611
decision_type=2 2 2 2 2 2 2 2 2 2 2 2 2 2 2 2 2 2 2
left_child=2 3 13 4 -2 12 7 -7 14 10 -9 -12 -4 -1 15 17 -17 -8 -19
right_child=1 -3 5 -5 -6 6 8 9 -10 -11 11 -13 -14 -15 -16 16 -18 18 -20
leaf_value=0.002853676473805264 0.011010675817728043 0.00022231354688604673 -0.0002989709053167516 0.0046825547702610496 0.026060407441109421 0.014701260626316071 -0.0015119354172958342 -0.0038465835553194794 0.012001159973442555 0.0089352060539218108 0.01123401587112592 -0.0036014723281065624 0.0061919526166973578 -0.0013864987198742823 -0.003032809983433029 -0.0023603131143110139 0.01541938535296 0.011633002579212189 -0.00067997111750699082
leaf_weight=67 25 30 885 26 20 31 179 42 21 26 26 24 31 1896 81 35 26 50 193
leaf_count=67 25 30 885 26 20 31 179 42 21 26 26 24 31 1896 81 35 26 50 193
internal_value=0 0.00915734 -0.000352521 0.0129327 0.0176994 0.000705423 0.00168472 0.00491374 0.000862289 0.00234244 0.000479267 0.00411298 -7.92999e-05 -0.00124178 0.000447544 0.00103121 0.00521792 0.000426017 0.00185356
internal_weight=0 101 3613 71 45 1650 734 149 585 118 92 50 916 1963 564 483 61 422 243
internal_count=3714 101 3613 71 45 1650 734 149 585 118 92 50 916 1963 564 483 61 422 243
is_linear=0
shrinkage=0.05


Tree=8
num_leaves=20
num_cat=0
split_feature=3 3 1 19 0 1 1 8 16 5 5 2 4 14 5 4 9 6 19
split_gain=3.20776 1.22994 1.22705 1.00564 0.535771 0.461265 0.668767 0.912081 0.644864 0.615664 1.96921 0.570884 0.556469 0.523071 1.09733 0.922073 0.90664 0.783664 0.433384
threshold=4.4350000000000014 5.9650000000000007 8.4653776542144366e-05 0.0045328490245939443 0.0007214066849551274 0.00027539525219091328 0.00015639894608797034 -5.9999999999999885 10.000000000000004 8.8850000000000033 9.6950000000000021 0.00062599042765729888 -1.0000000180025095e-35 1.2350000000000001 6.7250000000000005 1.9999999999999853 -1.9999999999999682 6.9999999999999627 -0.0046397191717866817
decision_type=2 2 2 2 2 2 2 2 2 2 2 2 2 2 2 2 2 2 2
left_child=2 3 -1 4 -2 6 7 -4 9 11 -11 18 -12 14 15 17 -16 -9 -7
right_child=1 -3 5 -5 -6 8 -8 13 -10 10 12 -13 -14 -15 16 -17 -18 -19 -20
leaf_value=-0.0011796867731110332 0.011554672475904228 0.00021119777113199234 0.0094090004742611207 0.0031040671414562637 0.021981552378697831 0.0052811594679951675 -0.0011792727757245303 -0.00049224323988290733 -0.003511688429862261 0.017362505415904114 0.0065890332764905434 0.0095414414824474426 -0.0040876901421982512 -0.00037655037367480927 0.00082169502042233949 0.0097820883284189877 0.014565178975462915 0.0087595559358596819 -0.00062009015431006755
leaf_weight=1963 28 30 32 21 22 41 500 271 40 29 23 21 26 435 20 28 30 25 129
leaf_count=1963 28 30 32 21 22 41 500 271 40 29 23 21 26 435 20 28 30 25 129
internal_value=0 0.00869947 -0.000334895 0.0122861 0.0161425 0.000670152 0.000268852 0.00112981 0.00241171 0.00329252 0.00703565 0.00176391 0.000923833 0.000802323 0.00217347 0.00110954 0.00906779 0.000289159 0.000803152
internal_weight=0 101 3613 71 50 1650 1341 841 309 269 78 191 49 809 374 324 50 296 170
internal_count=3714 101 3613 71 50 1650 1341 841 309 269 78 191 49 809 374 324 50 296 170
is_linear=0
shrinkage=0.05


Tree=9
num_leaves=20
num_cat=0
split_feature=3 3 1 10 12 6 1 1 4 5 18 15 16 5 5 12 3 14 15
split_gain=2.89501 1.11002 1.10742 0.974478 0.906975 0.446084 0.630288 0.59725 0.821707 1.33407 0.588541 0.647101 0.584006 0.59548 1.70954 0.632729 0.596176 0.604087 1.12637
threshold=4.4350000000000014 5.9650000000000007 8.4653776542144366e-05 3.9999999999999707 -1.9999999999999989 19.999999999999975 0.00027539525219091328 0.00015639894608797034 1.0000000000000122 4.7950000000000008 0.051070228756179177 2.0850000000000004 10.000000000000004 8.8850000000000033 9.8150000000000031 -1.9999999999999682 1.8050000000000004 0.115 0.69500000000000006
decision_type=2 2 2 2 2 2 2 2 2 2 2 2 2 2 2 2 2 2 2
left_child=2 3 -1 4 -2 6 7 8 -4 -10 11 -11 13 15 -15 -8 17 -17 -19
right_child=1 -3 5 -5 -6 -7 12 -9 9 10 -12 -13 -14 14 -16 16 -18 18 -20
leaf_value=-0.0011207023882214596 0.0097752779424190531 0.00020063794528444608 0.00053028406474568809 0.0039654488961857097 0.024060562718659639 -0.0039667231341203061 0.0088262847438454629 -0.0010666120219860967 0.016863476103171706 0.011188729231556256 -0.0029870343244364187 0.00051905956740180652 -0.0030253876104123067 0.016479142935525989 0.00091936359772594965 -0.0031773324202125277 -0.0029669571636865536 0.012241249235675615 -0.0014377521557940379
leaf_weight=1963 25 30 721 26 20 51 30 487 20 27 31 30 36 31 41 24 60 34 27
leaf_count=1963 25 30 721 26 20 51 30 487 20 27 31 30 36 31 41 24 60 34 27
internal_value=0 0.0082645 -0.00031815 0.0116718 0.0161243 0.000636644 0.000783468 0.000323126 0.00113953 0.00520684 0.00255761 0.00557311 0.00292414 0.00379128 0.00761871 0.00221656 0.000849033 0.00354267 0.00618661
internal_weight=0 101 3613 71 45 1650 1599 1316 829 108 88 57 283 247 72 175 145 85 61
internal_count=3714 101 3613 71 45 1650 1599 1316 829 108 88 57 283 247 72 175 145 85 61
is_linear=0
shrinkage=0.05


end of trees

feature_importances:
f_3=36
f_1=30
f_5=20
f_2=12
f_14=12
f_15=11
f_6=8
f_16=8
f_19=8
f_21=8
f_0=6
f_18=6
f_17=5
f_4=4
f_12=4
f_22=3
f_7=2
f_9=2
f_10=2
f_13=2
f_8=1

parameters:
[boosting: gbdt]
[objective: regression]
[metric: binary_logloss]
[tree_learner: serial]
[device_type: cpu]
[data: ]
[valid: ]
[num_iterations: 10]
[learning_rate: 0.05]
[num_leaves: 20]
[num_threads: 0]
[deterministic: 0]
[force_col_wise: 0]
[force_row_wise: 0]
[histogram_pool_size: -1]
[max_depth: -1]
[min_data_in_leaf: 20]
[min_sum_hessian_in_leaf: 0.001]
[bagging_fraction: 0.7]
[pos_bagging_fraction: 1]
[neg_bagging_fraction: 1]
[bagging_freq: 5]
[bagging_seed: 3]
[feature_fraction: 0.9]
[feature_fraction_bynode: 1]
[feature_fraction_seed: 2]
[extra_trees: 0]
[extra_seed: 6]
[early_stopping_round: 0]
[first_metric_only: 0]
[max_delta_step: 0]
[lambda_l1: 0]
[lambda_l2: 0]
[linear_lambda: 0]
[min_gain_to_split: 0]
[drop_rate: 0.1]
[max_drop: 50]
[skip_drop: 0.5]
[xgboost_dart_mode: 0]
[uniform_drop: 0]
[drop_seed: 4]
[top_rate: 0.2]
[other_rate: 0.1]
[min_data_per_group: 100]
[max_cat_threshold: 32]
[cat_l2: 10]
[cat_smooth: 10]
[max_cat_to_onehot: 4]
[top_k: 20]
[monotone_constraints: ]
[monotone_constraints_method: basic]
[monotone_penalty: 0]
[feature_contri: ]
[forcedsplits_filename: ]
[refit_decay_rate: 0.9]
[cegb_tradeoff: 1]
[cegb_penalty_split: 0]
[cegb_penalty_feature_lazy: ]
[cegb_penalty_feature_coupled: ]
[path_smooth: 0]
[interaction_constraints: ]
[verbosity: 0]
[saved_feature_importance_type: 0]
[linear_tree: 0]
[max_bin: 255]
[max_bin_by_feature: ]
[min_data_in_bin: 3]
[bin_construct_sample_cnt: 200000]
[data_random_seed: 1]
[is_enable_sparse: 1]
[enable_bundle: 1]
[use_missing: 1]
[zero_as_missing: 0]
[feature_pre_filter: 1]
[pre_partition: 0]
[two_round: 0]
[header: 0]
[label_column: ]
[weight_column: ]
[group_column: ]
[ignore_column: ]
[categorical_feature: ]
[forcedbins_filename: ]
[precise_float_parser: 0]
[objective_seed: 5]
[num_class: 1]
[is_unbalance: 0]
[scale_pos_weight: 1]
[sigmoid: 1]
[boost_from_average: 1]
[reg_sqrt: 0]
[alpha: 0.9]
[fair_c: 1]
[poisson_max_delta_step: 0.7]
[tweedie_variance_power: 1.5]
[lambdarank_truncation_level: 30]
[lambdarank_norm: 1]
[label_gain: ]
[eval_at: ]
[multi_error_top_k: 1]
[auc_mu_weights: ]
[num_machines: 1]
[local_listen_port: 12400]
[time_out: 120]
[machine_list_filename: ]
[machines: ]
[gpu_platform_id: -1]
[gpu_device_id: -1]
[gpu_use_dp: 0]
[num_gpu: 1]

end of parameters

pandas_categorical:[]
