tree
version=v3
num_class=1
num_tree_per_iteration=1
label_index=0
max_feature_idx=22
objective=regression
feature_names=f_0 f_1 f_2 f_3 f_4 f_5 f_6 f_7 f_8 f_9 f_10 f_11 f_12 f_13 f_14 f_15 f_16 f_17 f_18 f_19 f_20 f_21 f_22
feature_infos=[3.5138360446667107e-07:0.0066553821535006137] [2.5600331918768856e-06:0.0039732576088439284] [9.2225614268401974e-06:0.0029579505118275174] [0.53000000000000003:6.5599999999999996] [-33.000000000000007:46] [2.4100000000000001:21.82] [-101.00000000000016:144.99999999999994] [-0.15710919088766695:0.17837578087457961] [-81:74] [-46:33.999999999999986] [-51.000000000000021:33.999999999999986] [-33.000000000000007:27.999999999999979] [-41:96.000000000000014] [-36.000000000000007:32.999999999999986] [-0.52000000000000002:2.9100000000000001] [-0.94999999999999996:3.8500000000000001] [-52:73.999999999999972] [-28.000000000000004:24.000000000000004] [-0.29572649572649579:0.64215246636771273] [-0.02958455728073861:0.047292143401983289] [-0.054746473503621829:0.033993115318416534] [-0.039377561323276189:0.045346674363414774] [-0.019984292877423981:0.018327052533256172]
tree_sizes=1788 1835 1870 1837 1834 1861 1860 1847 1852 1862

Tree=0
num_leaves=20
num_cat=0
split_feature=3 3 14 2 3 14 1 15 3 14 15 3 1 1 14 3 1 14 14
split_gain=16.0314 5.04037 4.93475 10.5122 6.078 2.60596 2.2864 2.4788 2.1558 2.11648 5.1568 1.90706 3.2953 4.69756 1.70625 1.59193 1.42917 1.40669 1.40603
threshold=1.4750000000000003 3.3350000000000004 1.2950000000000002 0.00013639639565115336 1.7250000000000003 1.7750000000000001 3.5975404058942853e-05 3.6250000000000004 1.9350000000000003 -0.22499999999999998 1.5650000000000002 2.5050000000000003 0.00031067803756707407 0.00038902402540016425 2.3450000000000002 5.4050000000000011 5.9651842879946376e-05 1.4350000000000003 1.5550000000000004
decision_type=2 2 2 2 2 2 2 2 2 2 2 2 2 2 2 2 2 2 2
left_child=-1 2 3 4 9 -3 -4 11 -6 16 -11 12 17 -14 15 -7 -2 -8 -19
right_child=1 5 6 -5 8 14 7 -9 -10 10 -12 -13 13 -15 -16 -17 -18 18 -20
leaf_value=0.098558388877370479 0.11379349473655315 0.12629349473655316 0.096661141795376673 0.1010553994984579 0.14112108094344972 0.11525901197793245 0.097335161403219808 0.11851571695877537 0.12129349473655315 0.13101571695877537 0.10586796282165953 0.098168494736553147 0.12811167655473496 0.10488724473655314 0.12129349473655315 0.099952031321919002 0.096293494736553145 0.11104759309720888 0.1030502514933099
leaf_weight=2031 20 35 136 189 29 29 96 27 26 36 47 160 33 64 26 41 28 61 555
leaf_count=2031 20 35 136 189 29 29 96 27 26 36 47 160 33 64 26 41 28 61 555
internal_value=0.101362 0.105207 0.104389 0.10936 0.117799 0.114614 0.102742 0.103573 0.131748 0.111942 0.116775 0.103156 0.104143 0.112788 0.110356 0.106293 0.103585 0.102965 0.103842
internal_weight=0 1638 1507 375 186 131 1132 996 55 131 83 969 809 97 96 70 48 712 616
internal_count=3669 1638 1507 375 186 131 1132 996 55 131 83 969 809 97 96 70 48 712 616
is_linear=0
shrinkage=1


Tree=1
num_leaves=20
num_cat=0
split_feature=5 14 2 3 5 14 5 1 3 4 3 2 14 14 3 2 3 7 4
split_gain=14.77 5.07373 12.7391 5.29592 6.11679 4.80811 3.78956 3.31123 2.79909 1.87459 1.83415 2.52112 2.43989 4.47843 3.02562 5.10424 2.3431 1.72992 1.50763
threshold=6.4050000000000011 1.2850000000000004 0.00013639639565115336 3.3350000000000004 16.830000000000002 1.9350000000000003 8.1250000000000018 0.00092014798587458418 2.0150000000000001 0.99999999999998435 2.5050000000000003 0.0001700048985150641 1.8425000000000002 2.0950000000000002 1.885 0.0002060789442026405 2.2850000000000006 0.0093166391743119154 -1.0000000180025095e-35
decision_type=2 2 2 2 2 2 2 2 2 2 2 2 2 2 2 2 2 2 2
left_child=8 2 6 10 5 -5 17 -7 9 -1 11 -3 -13 16 15 -15 18 -2 -14
right_child=1 3 -4 4 -6 7 -8 -9 -10 -11 -12 12 13 14 -16 -17 -18 -19 -20
leaf_value=-0.0027507341669265602 0.033512055147754946 -0.00022529088231650269 0.00021476876317409047 0.038102289117299598 -0.0031378455371374177 0.0047285217185353131 0.0044551243819296359 0.029354059733450413 0.010674768525429748 0.00051249565947734585 -0.0030513895918493688 -0.0025116489285772498 0.03233059272170067 0.032347488123923539 -0.0026221199035644533 -0.0029466758171717328 0.0045739107951521876 0.018765490514536701 0.015389147990693651
leaf_weight=2029 59 275 114 26 42 43 20 20 44 562 161 55 29 20 75 21 20 30 24
leaf_count=2029 59 275 114 26 42 43 20 20 44 562 161 55 29 20 75 21 20 30 24
internal_value=0 0.00522097 0.0119003 0.00338437 0.0125899 0.020012 0.0241218 0.0125462 -0.00183056 -0.00204292 0.00161095 0.00305726 0.00675686 0.00945405 0.00334837 0.01427 0.0191562 0.0285413 0.024659
internal_weight=0 1034 223 811 131 89 109 63 2635 2591 680 519 244 189 116 41 73 89 53
internal_count=3669 1034 223 811 131 89 109 63 2635 2591 680 519 244 189 116 41 73 89 53
is_linear=0
shrinkage=0.05


Tree=2
num_leaves=20
num_cat=0
split_feature=3 3 5 14 14 2 5 5 1 1 5 3 14 1 2 15 2 20 1
split_gain=13.3372 4.07129 5.52041 4.33932 3.98838 8.68911 6.37709 4.10348 2.98838 2.72969 2.31213 2.33876 3.09249 2.48963 4.32501 2.79538 4.56342 2.41431 2.34997
threshold=1.4750000000000003 3.3350000000000004 16.830000000000002 1.9350000000000003 1.2950000000000002 0.00013639639565115336 6.4050000000000011 8.1450000000000014 0.00092014798587458418 0.00010958717105207616 5.2650000000000006 1.7850000000000004 1.4425000000000001 3.7164834871543255e-05 4.6564423054855548e-05 2.8550000000000004 0.00014352400018456221 -0.00031749130152880495 0.00029888057667890782
decision_type=2 2 2 2 2 2 2 2 2 2 2 2 2 2 2 2 2 2 2
left_child=-1 4 3 -3 5 6 9 -8 -5 -2 -6 12 -12 -14 -15 -16 17 -17 -13
right_child=1 2 -4 8 10 -7 7 -9 -10 -11 11 18 13 14 15 16 -18 -19 -20
leaf_value=-0.0025583894063999713 -0.0025461143550445449 0.036197172907682568 -0.0029809531445304555 0.0044920954073584358 -0.0043202881665923929 -0.00031054011452450326 0.026771784241321268 0.0018069384805858135 0.027886355966329573 0.019132664054632188 -0.0040672464789274863 -0.001134513947550976 -0.0035555987641578768 0.02903120370151905 0.00073936598996321358 0.01580439177883226 0.030073609575629236 -0.00028024024384863238 0.0065739382361251174
leaf_weight=2031 53 26 42 43 158 189 93 20 20 20 68 504 41 26 90 43 28 51 123
leaf_count=2031 53 26 42 43 158 189 93 20 20 20 68 504 41 26 90 43 28 51 123
internal_value=0 0.00350568 0.0119604 0.0190114 0.00277073 0.00723982 0.014912 0.0223532 0.0119188 0.00339328 0.00129024 0.00220037 0.00549383 0.00782413 0.0097845 0.00742406 0.0123554 0.00707762 0.00037767
internal_weight=0 1638 131 89 1507 375 186 113 63 73 1132 974 347 279 238 212 122 94 627
internal_count=3669 1638 131 89 1507 375 186 113 63 73 1132 974 347 279 238 212 122 94 627
is_linear=0
shrinkage=0.05


Tree=3
num_leaves=20
num_cat=0
split_feature=3 3 5 14 14 2 5 5 1 1 5 5 15 14 2 14 3 15 14
split_gain=12.0368 3.67434 4.98217 3.91623 3.59951 7.84192 5.75533 3.70339 2.69702 2.46354 2.0867 2.1435 3.23107 1.60852 1.52125 3.11278 4.22676 3.68786 3.63569
threshold=1.4750000000000003 3.3350000000000004 16.830000000000002 1.9350000000000003 1.2950000000000002 0.00013639639565115336 6.4050000000000011 8.1450000000000014 0.00092014798587458418 0.00010958717105207616 5.2650000000000006 5.5850000000000009 2.0750000000000006 2.5750000000000006 0.00013125213201836312 1.8425000000000002 1.885 2.7050000000000005 2.0950000000000002
decision_type=2 2 2 2 2 2 2 2 2 2 2 2 2 2 2 2 2 2 2
left_child=-1 4 3 -3 5 6 9 -8 -5 -2 -6 12 -12 -14 -13 -16 17 -17 -18
right_child=1 2 -4 8 10 -7 7 -9 -10 -11 11 14 13 -15 15 16 18 -19 -20
leaf_value=-0.0024304699649780274 -0.0024188085195590864 0.034387316354192225 -0.002831905530322166 0.0042674907678088483 -0.0041042736554636229 -0.000295013104560514 0.025433195061901566 0.0017165916040539743 0.026492038518190389 0.018176030628383161 -0.0023994155530188536 -0.00096038723178207882 0.026776681516481483 0.009849152941670684 -0.0021388197156218436 -0.0033122242954762085 0.010335686312446113 0.019343671216288719 -0.0034545628985097592
leaf_weight=2031 53 26 42 43 158 189 93 20 20 20 37 400 23 36 173 23 79 82 121
leaf_count=2031 53 26 42 43 158 189 93 20 20 20 37 400 23 36 173 23 79 82 121
internal_value=0 0.00333039 0.0113624 0.0180608 0.00263219 0.00687783 0.0141664 0.0212356 0.0113229 0.00322361 0.00122573 0.00209035 0.0091839 0.016448 0.00131475 0.00321862 0.00625743 0.014381 0.00199259
internal_weight=0 1638 131 89 1507 375 186 113 63 73 1132 974 96 59 878 478 305 105 200
internal_count=3669 1638 131 89 1507 375 186 113 63 73 1132 974 96 59 878 478 305 105 200
is_linear=0
shrinkage=0.05


Tree=4
num_leaves=20
num_cat=0
split_feature=3 3 14 2 3 3 14 14 1 15 17 3 3 3 1 1 3 15 0
split_gain=10.8632 3.31609 3.24856 7.07733 4.73585 2.08457 4.46805 1.88479 1.7557 2.12897 1.70832 1.66066 1.53842 1.4698 2.55537 4.06491 2.43127 1.46775 1.32561
threshold=1.4750000000000003 3.3350000000000004 1.2950000000000002 0.00013639639565115336 1.7250000000000003 5.4050000000000011 1.9750000000000003 2.1150000000000007 3.5975404058942853e-05 3.6250000000000004 -1.9999999999999976 1.6150000000000004 1.9350000000000003 2.5050000000000003 0.00031067803756707407 0.0005691685285342925 2.0950000000000002 1.675 0.00014303656366073875
decision_type=2 2 2 2 2 2 2 2 2 2 2 2 2 2 2 2 2 2 2
left_child=-1 2 3 4 10 6 -3 -7 -4 13 -2 17 -6 14 -10 16 -16 -12 -5
right_child=1 5 8 18 12 7 -8 -9 9 -11 11 -13 -14 -15 15 -17 -18 -19 -20
leaf_value=-0.0023089462499616183 0.018331371445674451 0.035001114982625717 -0.00416438735966735 0.0059354685499506486 0.033689081283478903 0.00040239449590444569 0.0064670978223576262 0.018370655197650194 0.0013349969243484268 0.015740651195799864 0.021369082514535301 -0.00086934200867458628 0.016939558762197309 -0.002872561097610742 0.0081812441787298996 -0.0042686240126689279 0.027710096612572673 0.0033045440750277561 -0.0031012482110124371
leaf_weight=2031 32 23 136 59 29 54 34 20 712 27 22 54 26 160 34 33 30 23 130
leaf_count=2031 32 23 136 59 29 54 34 20 712 27 22 54 26 160 34 33 30 23 130
internal_value=0 0.00316387 0.00250058 0.00653394 0.013458 0.0107943 0.0179808 0.00525868 0.00116444 0.00189207 0.00828843 0.00504222 0.0257711 0.0015062 0.00237221 0.00998557 0.0173354 0.0121361 -0.000280263
internal_weight=0 1638 1507 375 186 131 57 74 1132 996 131 99 55 969 809 97 64 45 189
internal_count=3669 1638 1507 375 186 131 57 74 1132 996 131 99 55 969 809 97 64 45 189
is_linear=0
shrinkage=0.05


Tree=5
num_leaves=20
num_cat=0
split_feature=5 14 1 3 5 3 2 6 0 3 2 3 3 14 14 22 2 3 2
split_gain=9.62776 2.8799 6.21981 3.77839 3.85949 2.29288 2.24439 2.4519 2.14389 2.00835 2.46263 1.97894 1.91876 3.3572 4.07546 1.7924 1.51282 1.4341 3.62658
threshold=6.4050000000000011 1.2850000000000004 0.00018459761654618056 3.0750000000000006 10.425000000000002 0.56500000000000006 0.00010304762348123098 3.0000000000000031 0.0018581489659376591 2.5050000000000003 0.0001700048985150641 2.3850000000000002 2.2850000000000006 2.1350000000000002 1.8550000000000002 -1.2081891058002279e-05 0.00014618665233674707 5.5500000000000007 0.00047795047566142907
decision_type=2 2 2 2 2 2 2 2 2 2 2 2 2 2 2 2 2 2 2
left_child=5 2 6 9 -5 -1 -2 -8 17 10 11 -3 13 14 -12 -16 -7 18 -6
right_child=1 3 -4 4 8 16 7 -9 -10 -11 12 -13 -14 -15 15 -17 -18 -19 -20
leaf_value=0.011677223263729004 0.023409188884225759 -0.001931624145557483 -0.0023440628101428353 0.028611620515584947 -0.00067378447667972464 -0.0024607742552618123 0.01791027195231859 -0.00036832235055044298 0.020493347146971663 -0.0043363651749512835 0.0010959996014005609 0.013990465303262076 -0.0013909934277551762 0.0016698667589499028 0.01035712750797922 0.027836313919926234 0.0011518777965242603 -0.0032688995175387554 0.025752743072807789
leaf_weight=31 55 276 75 23 37 2279 43 32 22 141 36 21 69 98 22 44 332 46 20
leaf_count=31 55 276 75 23 37 2279 43 32 22 141 36 21 69 98 22 44 332 46 20
internal_value=0 0.00379977 0.00912222 0.00252363 0.00978835 -0.00184091 0.0157374 0.0101114 0.00632487 0.00100286 0.00233295 -0.00080582 0.00579843 0.00827879 0.0146285 0.0220099 -0.00200141 0.0032986 0.00859868
internal_weight=0 1060 205 855 148 2642 130 75 125 707 566 297 269 200 102 66 2611 103 57
internal_count=3702 1060 205 855 148 2642 130 75 125 707 566 297 269 200 102 66 2611 103 57
is_linear=0
shrinkage=0.05


Tree=6
num_leaves=20
num_cat=0
split_feature=5 15 1 3 5 3 0 3 14 12 20 16 3 17 2 4 15 8 7
split_gain=8.68905 2.75599 5.64362 3.07786 3.42426 2.06932 1.86992 1.83986 1.68863 1.64131 1.82535 1.75546 1.62951 2.00401 1.36532 1.38598 1.38488 1.31267 1.28977
threshold=6.4050000000000011 0.31500000000000006 0.00015490659283186908 3.0750000000000006 10.425000000000002 0.56500000000000006 0.0018581489659376591 2.5050000000000003 2.1350000000000002 -1 -0.0026622646519940392 -0.99999999999998412 2.1950000000000007 -0.75000000000000611 0.00014618665233674707 1.9999999999999964 3.6250000000000004 1.4999999999999996 0.016635012585286883
decision_type=2 2 2 2 2 2 2 2 2 2 2 2 2 2 2 2 2 2 2
left_child=5 2 -2 7 -5 -1 17 8 9 -3 18 12 13 -12 15 16 -7 -6 -11
right_child=1 3 -4 4 6 14 -8 -9 -10 10 11 -13 -14 -15 -16 -17 -18 -19 -20
leaf_value=0.011093362432814413 0.024745140326294032 -0.002300433451672653 -0.00057917128063061018 0.027181039653394537 0.00055883669978882894 -0.0027526004032570649 0.019468680328943513 -0.0035138248928360174 -0.0010388787205956409 0.014001408082315293 -0.0016689586788415909 8.7288195579688751e-05 0.019750754147147141 0.013052219966816348 0.0010942839546106667 0.0033297140295933756 0.0082473584161750196 0.014295857789164241 0.0019788196434577308
leaf_weight=31 44 77 44 23 83 2147 22 143 207 87 50 161 24 43 332 103 29 22 30
leaf_count=31 44 77 44 23 83 2147 22 143 207 87 50 161 24 43 332 103 29 22 30
internal_value=0 0.00360978 0.012083 0.00284266 0.00942911 -0.00174887 0.0062142 0.00164075 0.00272633 0.00437759 0.00567938 0.00347435 0.00813518 0.00513761 -0.00190134 -0.00233774 -0.002606 0.00343707 0.0109187
internal_weight=0 1060 88 972 150 2642 127 822 679 472 395 278 117 93 2611 2279 2176 105 117
internal_count=3702 1060 88 972 150 2642 127 822 679 472 395 278 117 93 2611 2279 2176 105 117
is_linear=0
shrinkage=0.05


Tree=7
num_leaves=20
num_cat=0
split_feature=5 15 1 3 5 1 3 5 3 14 15 14 2 15 3 3 3 15 6
split_gain=7.84187 2.48728 5.09337 2.77777 3.0975 3.20342 1.86756 1.81328 1.66047 1.5248 1.61692 3.04183 3.80954 4.07952 2.64728 4.96945 2.36842 2.53762 1.39165
threshold=6.4050000000000011 0.31500000000000006 0.00015490659283186908 3.0750000000000006 16.435000000000006 0.000431001232881904 0.56500000000000006 10.545000000000002 2.5050000000000003 2.1150000000000007 2.0050000000000003 1.6150000000000004 0.00014352400018456221 2.9150000000000005 2.1850000000000005 2.2850000000000006 1.5650000000000002 1.5750000000000004 5.9999999999999174
decision_type=2 2 2 2 2 2 2 2 2 2 2 2 2 2 2 2 2 2 2
left_child=6 2 -2 8 5 7 -1 -5 9 10 16 -12 -13 14 -14 -16 17 -3 -15
right_child=1 3 -4 4 -6 -7 -8 -9 -10 -11 11 12 13 18 15 -17 -18 -19 -20
leaf_value=0.010538694082248596 0.023507882908663968 0.021447580462942522 -0.00055021270262924115 0.019252959825098517 -9.1529162279490773e-05 0.026299173633257553 -0.0018062724473260914 0.00047577916541033323 -0.0033381336531439032 -0.00090268653443205036 0.024887900409244358 -0.0020752874892894873 -0.0059816866731032354 0.015085145425708855 0.027155464572402151 -0.0020730500081271837 -0.0031502601105806438 -0.00020841459833806559 0.031706902459263803
leaf_weight=31 44 24 44 20 58 36 2611 36 143 214 21 108 39 34 26 33 129 31 20
leaf_count=31 44 24 44 20 58 36 2611 36 143 214 21 108 39 34 26 33 129 31 20
internal_value=0 0.00342929 0.0114788 0.00270053 0.00895766 0.0146626 -0.00166142 0.00718192 0.00155871 0.00259001 0.0041974 0.00658325 0.0051048 0.0102064 0.00412598 0.0108073 0.000553791 0.00924147 0.0212414
internal_weight=0 1060 88 972 150 92 2642 56 822 679 465 281 260 152 98 59 184 55 54
internal_count=3702 1060 88 972 150 92 2642 56 822 679 465 281 260 152 98 59 184 55 54
is_linear=0
shrinkage=0.05


Tree=8
num_leaves=20
num_cat=0
split_feature=5 15 5 3 5 3 14 0 3 14 15 14 2 15 3 3 3 15 1
split_gain=7.07729 2.24477 4.71974 2.50694 2.86664 1.68548 1.67862 1.55627 1.49857 1.37881 1.41623 2.77538 3.52367 4.11021 2.40325 4.58202 2.1375 2.2902 1.40904
threshold=6.4050000000000011 0.31500000000000006 7.8750000000000009 3.0750000000000006 10.425000000000002 0.56500000000000006 -0.12499999999999999 0.0018581489659376591 2.5050000000000003 2.1350000000000002 2.0050000000000003 1.6150000000000004 0.00014352400018456221 2.9150000000000005 2.1850000000000005 2.2850000000000006 1.5650000000000002 1.5750000000000004 0.0001909814549781555
decision_type=2 2 2 2 2 2 2 2 2 2 2 2 2 2 2 2 2 2 2
left_child=5 2 6 8 -5 -1 -2 -6 9 10 16 -12 -13 14 -14 -16 17 -3 -15
right_child=1 3 -4 4 7 -7 -8 -9 -10 -11 11 12 13 18 15 -17 -18 -19 -20
leaf_value=0.010011759220111755 0.012506943911314012 0.020375201152637603 -0.0017797484621405605 0.024752114551222844 0.0030347156666574028 -0.0017159587868793584 0.031223781666030057 0.01766011779281226 -0.0031712268615936069 -0.00094180050787430458 0.023643505289441064 -0.0020442092875102616 -0.0057088742078077502 0.012156527260175118 0.025797690995610679 -0.0020858460379874007 -0.0029927471291649253 -0.00019799396395683291 0.028186272444396185
leaf_weight=31 25 24 40 23 105 2611 23 22 143 207 21 111 41 26 26 34 129 31 29
leaf_count=31 25 24 40 23 105 2611 23 22 143 207 21 111 41 26 26 34 129 31 29
internal_value=0 0.00325783 0.0109049 0.0025655 0.00850978 -0.00157835 0.0214754 0.00556825 0.00148078 0.00246051 0.00395262 0.00614179 0.00476525 0.00961044 0.00362136 0.00999702 0.000526101 0.0087794 0.0206086
internal_weight=0 1060 88 972 150 2642 48 127 822 679 472 288 267 156 101 60 184 55 55
internal_count=3702 1060 88 972 150 2642 48 127 822 679 472 288 267 156 101 60 184 55 55
is_linear=0
shrinkage=0.05


Tree=9
num_leaves=20
num_cat=0
split_feature=5 3 5 1 3 5 3 1 5 14 1 6 2 1 5 20 15 2 3
split_gain=6.52091 2.28196 2.68418 2.8324 1.67409 1.64543 2.67991 2.23122 2.20275 2.78188 4.96851 1.78082 1.62968 2.51331 1.48098 1.47042 1.51279 1.66292 1.36985
threshold=5.3150000000000004 3.0750000000000006 16.435000000000006 0.000431001232881904 0.56500000000000006 5.6850000000000014 1.2550000000000001 3.7164834871543255e-05 6.4050000000000011 1.2850000000000004 0.00018459761654618056 7.9999999999999858 4.5747779466240956e-05 0.00010862140622825244 10.545000000000002 -0.0023437503576278491 1.5650000000000002 0.00011824206964160203 2.5050000000000003
decision_type=2 2 2 2 2 2 2 2 2 2 2 2 2 2 2 2 2 2 2
left_child=4 5 3 14 -1 6 -2 -8 -7 10 11 15 -9 -14 -3 -10 17 -17 -11
right_child=1 2 -4 -5 -6 8 7 12 9 18 -12 -13 13 -15 -16 16 -18 -19 -20
leaf_value=0.0095111717860544894 -0.0032864696803418074 0.017269880622625352 -0.00033955336387815149 0.024336955406599577 -0.0021950380111387534 -0.0023479180172499684 -0.0043014095367296884 0.025733172278851271 0.02556392177939415 0.0018896614474510978 -0.003006981736789011 0.00032730798491022802 0.0026852406196150127 0.019672011456599362 0.00030025438302093085 0.025825641463909834 0.0037902103676911328 0.0069486942887306211 -0.0036183874763495538
leaf_weight=31 55 20 58 36 2064 360 23 20 29 566 73 22 51 38 36 28 31 20 141
leaf_count=31 55 20 58 36 2064 360 23 20 29 566 73 22 51 38 36 28 31 20 141
internal_value=0 0.0022121 0.00808429 0.013395 -0.00202182 0.00160755 0.00598641 0.00985011 0.000962786 0.00227252 0.00743169 0.0132934 0.0128362 0.00993802 0.00636084 0.0159346 0.0123999 0.0179602 0.000791168
internal_weight=0 1607 150 92 2095 1457 187 132 1270 910 203 130 109 89 56 108 79 48 707
internal_count=3702 1607 150 92 2095 1457 187 132 1270 910 203 130 109 89 56 108 79 48 707
is_linear=0
shrinkage=0.05


end of trees

feature_importances:
f_3=51
f_14=31
f_5=27
f_1=23
f_2=19
f_15=18
f_0=4
f_4=3
f_6=3
f_20=3
f_7=2
f_17=2
f_8=1
f_12=1
f_16=1
f_22=1

parameters:
[boosting: gbdt]
[objective: regression]
[metric: binary_logloss]
[tree_learner: serial]
[device_type: cpu]
[data: ]
[valid: ]
[num_iterations: 10]
[learning_rate: 0.05]
[num_leaves: 20]
[num_threads: 0]
[deterministic: 0]
[force_col_wise: 0]
[force_row_wise: 0]
[histogram_pool_size: -1]
[max_depth: -1]
[min_data_in_leaf: 20]
[min_sum_hessian_in_leaf: 0.001]
[bagging_fraction: 0.7]
[pos_bagging_fraction: 1]
[neg_bagging_fraction: 1]
[bagging_freq: 5]
[bagging_seed: 3]
[feature_fraction: 0.9]
[feature_fraction_bynode: 1]
[feature_fraction_seed: 2]
[extra_trees: 0]
[extra_seed: 6]
[early_stopping_round: 0]
[first_metric_only: 0]
[max_delta_step: 0]
[lambda_l1: 0]
[lambda_l2: 0]
[linear_lambda: 0]
[min_gain_to_split: 0]
[drop_rate: 0.1]
[max_drop: 50]
[skip_drop: 0.5]
[xgboost_dart_mode: 0]
[uniform_drop: 0]
[drop_seed: 4]
[top_rate: 0.2]
[other_rate: 0.1]
[min_data_per_group: 100]
[max_cat_threshold: 32]
[cat_l2: 10]
[cat_smooth: 10]
[max_cat_to_onehot: 4]
[top_k: 20]
[monotone_constraints: ]
[monotone_constraints_method: basic]
[monotone_penalty: 0]
[feature_contri: ]
[forcedsplits_filename: ]
[refit_decay_rate: 0.9]
[cegb_tradeoff: 1]
[cegb_penalty_split: 0]
[cegb_penalty_feature_lazy: ]
[cegb_penalty_feature_coupled: ]
[path_smooth: 0]
[interaction_constraints: ]
[verbosity: 0]
[saved_feature_importance_type: 0]
[linear_tree: 0]
[max_bin: 255]
[max_bin_by_feature: ]
[min_data_in_bin: 3]
[bin_construct_sample_cnt: 200000]
[data_random_seed: 1]
[is_enable_sparse: 1]
[enable_bundle: 1]
[use_missing: 1]
[zero_as_missing: 0]
[feature_pre_filter: 1]
[pre_partition: 0]
[two_round: 0]
[header: 0]
[label_column: ]
[weight_column: ]
[group_column: ]
[ignore_column: ]
[categorical_feature: ]
[forcedbins_filename: ]
[precise_float_parser: 0]
[objective_seed: 5]
[num_class: 1]
[is_unbalance: 0]
[scale_pos_weight: 1]
[sigmoid: 1]
[boost_from_average: 1]
[reg_sqrt: 0]
[alpha: 0.9]
[fair_c: 1]
[poisson_max_delta_step: 0.7]
[tweedie_variance_power: 1.5]
[lambdarank_truncation_level: 30]
[lambdarank_norm: 1]
[label_gain: ]
[eval_at: ]
[multi_error_top_k: 1]
[auc_mu_weights: ]
[num_machines: 1]
[local_listen_port: 12400]
[time_out: 120]
[machine_list_filename: ]
[machines: ]
[gpu_platform_id: -1]
[gpu_device_id: -1]
[gpu_use_dp: 0]
[num_gpu: 1]

end of parameters

pandas_categorical:[]
