tree
version=v3
num_class=1
num_tree_per_iteration=1
label_index=0
max_feature_idx=22
objective=regression
feature_names=f_0 f_1 f_2 f_3 f_4 f_5 f_6 f_7 f_8 f_9 f_10 f_11 f_12 f_13 f_14 f_15 f_16 f_17 f_18 f_19 f_20 f_21 f_22
feature_infos=[3.5138360446667107e-07:0.0066553821535006137] [2.5600331918768856e-06:0.0039732576088439284] [9.2225614268401974e-06:0.0029579505118275174] [0.53000000000000003:6.5599999999999996] [-33.000000000000007:46] [2.4100000000000001:21.82] [-101.00000000000016:144.99999999999994] [-0.15710919088766695:0.17837578087457961] [-81:74] [-46:33.999999999999986] [-51.000000000000021:33.999999999999986] [-33.000000000000007:27.999999999999979] [-41:96.000000000000014] [-36.000000000000007:32.999999999999986] [-0.52000000000000002:2.9100000000000001] [-0.94999999999999996:3.8500000000000001] [-52:73.999999999999972] [-28.000000000000004:24.000000000000004] [-0.29572649572649579:0.64215246636771273] [-0.02958455728073861:0.047292143401983289] [-0.054746473503621829:0.033993115318416534] [-0.039377561323276189:0.045346674363414774] [-0.019984292877423981:0.018327052533256172]
tree_sizes=1807 1878 1885 1878 1893 1882 1882 1883 1882 1888

Tree=0
num_leaves=20
num_cat=0
split_feature=1 3 7 6 20 3 19 16 6 20 21 7 3 3 2 0 0 8 19
split_gain=17.3264 6.98904 2.19068 1.97085 2.55485 2.45266 2.86861 2.56264 2.0496 1.94247 1.92334 1.82869 1.91815 1.67091 1.5153 1.51485 2.60085 1.78947 2.00836
threshold=6.5726403584304391e-05 1.4950000000000003 -0.0055161523069370824 -5.0000000000000036 0.0062432867954338453 1.8350000000000002 0.0010678886996755568 1.0000000000000007 -11.999999999999831 0.00031051206165466644 0.0054576492294422527 -0.0082106832309584137 3.3350000000000004 1.4650000000000001 0.0008778760289980921 0.00039292612916385034 0.00029294299535326018 -3.0000000000000004 0.00029045520414205944
decision_type=2 2 2 2 2 2 2 2 2 2 2 2 2 2 2 2 2 2 2
left_child=13 -2 3 4 8 6 7 9 -3 -5 14 12 -7 -1 15 16 17 18 -4
right_child=1 2 10 5 -6 11 -8 -9 -10 -11 -12 -13 -14 -15 -16 -17 -18 -19 -20
leaf_value=0.15264105015095111 0.15698893523973492 0.16671368901389153 0.15940599681509232 0.17632907348599575 0.15810164900844165 0.15663870125884394 0.160239330136008 0.18690599640531039 0.18493231222419426 0.15940599681509232 0.15565599687097167 0.17340599660647604 0.1691428387752652 0.15632347258918083 0.17559647276431162 0.15557883637829428 0.17501575268004979 0.16070820809789915 0.1781938753230099
leaf_weight=1221 844 26 25 39 23 159 60 28 38 30 128 25 38 412 21 81 41 407 33
leaf_count=1221 844 26 25 39 23 159 60 28 38 30 128 25 38 412 21 81 41 407 33
internal_value=0.157269 0.160476 0.162925 0.165608 0.172395 0.16405 0.168833 0.174148 0.177531 0.168971 0.161227 0.160667 0.159051 0.15357 0.162399 0.161927 0.162944 0.161879 0.170096
internal_weight=0 2046 1202 466 87 379 157 97 64 69 736 222 197 1633 608 587 506 465 58
internal_count=3679 2046 1202 466 87 379 157 97 64 69 736 222 197 1633 608 587 506 465 58
is_linear=0
shrinkage=1


Tree=1
num_leaves=20
num_cat=0
split_feature=5 5 1 0 5 8 21 2 14 6 21 5 14 2 16 18 3 13 0
split_gain=16.9503 5.20935 4.13458 2.06766 1.96883 2.4087 1.97704 2.7971 4.55658 2.61749 1.95504 1.849 1.6778 1.74759 1.6767 1.57818 1.51098 1.53095 1.45042
threshold=4.6850000000000014 2.5750000000000006 8.5935968161977044e-05 6.4293806717573889e-05 6.5250000000000012 -3.0000000000000004 0.0051427030701910468 0.00014272775835659257 1.2350000000000001 0.99999999999988998 0.0036478049392976168 4.7750000000000012 2.4750000000000005 2.4966296907854478e-05 1.0000000000000122 -0.011139633200523134 1.6150000000000004 6.0000000000000036 2.2361522396385086e-05
decision_type=2 2 2 2 2 2 2 2 2 2 2 2 2 2 2 2 2 2 2
left_child=1 -1 12 -3 5 -4 7 8 14 15 16 -7 13 -2 -6 -10 -9 -18 -15
right_child=2 3 4 -5 6 11 -8 10 9 -11 -12 -13 -14 18 -16 -17 17 -19 -20
leaf_value=0.012272294223308564 0.014228015005588533 -0.0052165867240003619 0.010967521799702042 -0.0011873287323130866 0.017487183702843533 0.013531305960246496 0.0010788334955771765 -0.0080676136030392222 0.0061956871567027914 -0.0012125547902256835 0.016106874750154775 0.00027550919987689488 -0.0046109264944830244 -0.0050495726946327424 0.034865759863801631 0.023137865905408506 0.0059626054858835523 -0.0081826009228825585 0.0020007900738870945
leaf_weight=50 25 1166 71 438 35 28 150 22 28 51 41 435 155 90 23 27 439 20 385
leaf_count=50 25 1166 71 438 35 28 150 22 28 51 41 435 155 90 23 27 439 20 385
internal_value=0 -0.0036209 0.0032016 -0.00411633 0.00476379 0.00239217 0.00627868 0.00741567 0.0131117 0.0069468 0.0056261 0.00107716 -6.58788e-05 0.00134309 0.0243787 0.0145128 0.00473273 0.00534626 0.000664932
internal_weight=0 1654 2025 1604 1370 534 836 686 164 106 522 463 655 500 58 55 481 459 475
internal_count=3679 1654 2025 1604 1370 534 836 686 164 106 522 463 655 500 58 55 481 459 475
is_linear=0
shrinkage=0.05


Tree=2
num_leaves=20
num_cat=0
split_feature=5 5 1 15 2 3 1 2 21 3 14 21 0 14 1 3 2 1 1
split_gain=15.2977 4.70144 3.74846 3.43508 4.00236 2.7036 2.11346 2.59905 2.51993 2.50093 2.05222 1.90562 1.86606 1.75061 2.35634 1.428 1.40821 1.59759 1.3523
threshold=4.6850000000000014 2.5750000000000006 9.4936300278312307e-05 2.8750000000000004 0.00021412709822831415 1.9450000000000001 0.00011492671108808577 0.00011322572871777011 0.0011722110493427309 1.6850000000000003 1.2350000000000001 0.0051427030701910468 6.4293806717573889e-05 2.0250000000000004 0.00014654629797720495 1.7250000000000003 1.7805028538604964e-05 3.5848820148827845e-05 0.000431001232881904
decision_type=2 2 2 2 2 2 2 2 2 2 2 2 2 2 2 2 2 2 2
left_child=1 -1 10 6 13 -6 7 9 -9 -4 15 -7 -3 14 -5 -2 -12 -18 -8
right_child=2 12 3 4 5 11 18 8 -10 -11 16 -13 -14 -15 -16 -17 17 -19 -20
leaf_value=0.011658679306507111 0.0034561449089857543 -0.0049557574917634198 0.0097650475157745956 -0.0008223546296358109 0.033999107740819455 0.0186485723473809 0.0032863248792071803 0.02766681256993064 0.0052259802140972832 -0.00821818470441062 0.011904440969228745 0.0019998255670070648 -0.0011279624993126142 0.0021437321713677158 0.020806383494945135 0.017531307893139975 -0.0060403376817703249 -1.0407657215469762e-05 -0.0018698770144293386
leaf_weight=50 127 1166 58 20 20 55 708 29 22 29 20 25 438 135 34 21 149 418 155
leaf_count=50 127 1166 58 20 20 55 708 29 22 29 20 25 438 135 34 21 149 418 155
internal_value=0 -0.00343986 0.00304152 0.00466532 0.00946721 0.0175565 0.00327896 0.00902431 0.0179865 0.00377064 0.000191586 0.0134458 -0.00391051 0.00518716 0.0127957 0.0054533 -0.00113505 -0.00159499 0.00236024
internal_weight=0 1654 2025 1290 289 100 1001 138 51 87 735 80 1604 189 54 148 587 567 863
internal_count=3679 1654 2025 1290 289 100 1001 138 51 87 735 80 1604 189 54 148 587 567 863
is_linear=0
shrinkage=0.05


Tree=3
num_leaves=20
num_cat=0
split_feature=5 5 5 8 14 19 15 15 2 1 3 2 0 0 2 15 1 15 1
split_gain=13.8062 4.26745 3.38855 3.37085 2.15394 2.05857 2.17866 1.9584 2.43919 1.97797 2.72448 1.94479 1.8341 1.75822 1.5737 1.48786 1.93765 2.03364 1.47976
threshold=4.6850000000000014 2.5350000000000006 6.7250000000000005 -2.9999999999999942 2.6050000000000004 0.004783445839655843 0.65500000000000014 2.8750000000000004 0.00021412709822831415 0.00013932666621876375 1.8250000000000004 0.00021175105529494946 0.00010173907323154901 0.00014580195543478728 0.00015863812416232217 2.1425000000000005 0.00036108626769904126 2.0050000000000003 0.0002389834274486406
decision_type=2 2 2 2 2 2 2 2 2 2 2 2 2 2 2 2 2 2 2
left_child=1 -1 3 11 5 6 14 15 9 -9 -11 13 -3 -2 -4 16 17 -8 -5
right_child=2 12 4 18 -6 -7 7 8 -10 10 -12 -13 -14 -15 -16 -17 -18 -19 -20
leaf_value=0.016085994137184961 0.01151329842209816 -0.0043101488615291707 0.025570645121236642 -0.00036377085327084316 -0.0082691964918169478 0.0009180052435015612 0.006258672922849655 0.0011371089076554334 0.017833137467051997 0.028154339566826822 0.0051378326283560861 0.023006388341838664 0.00037620649105165065 -0.0047265768647193913 0.0097765119827311966 0.001161691892359938 -0.0038191136191872994 0.019276721603595295 0.0069351069331169135
leaf_weight=28 50 1380 24 937 29 187 130 81 66 20 36 22 246 25 46 224 34 39 75
leaf_count=28 50 1380 24 937 29 187 130 81 66 20 36 22 246 25 46 224 34 39 75
internal_value=0 -0.00326787 0.00288945 0.00103059 0.00513996 0.00557837 0.00682335 0.00589354 0.00993666 0.00613252 0.013358 0.00993444 -0.00360114 0.00610001 0.0151916 0.0039714 0.00707177 0.00926284 0.000177154
internal_weight=0 1654 2025 1109 916 887 700 630 203 137 56 97 1626 75 70 427 203 169 1012
internal_count=3679 1654 2025 1109 916 887 700 630 203 137 56 97 1626 75 70 427 203 169 1012
is_linear=0
shrinkage=0.05


Tree=4
num_leaves=20
num_cat=0
split_feature=3 1 1 18 15 2 22 1 14 3 22 9 10 17 9 1 20 20 0
split_gain=11.936 4.3126 2.70022 2.03265 2.01493 1.52567 1.48064 2.62247 1.47659 1.28533 1.55845 1.97702 1.61405 2.48246 1.51229 1.53363 1.50953 2.00263 1.45599
threshold=1.4950000000000003 3.5848820148827845e-05 7.6878958991197669e-05 -0.019110644246733251 0.76500000000000012 0.0008778760289980921 0.00066566828555469925 0.00092014798587458418 -0.18499999999999997 2.5750000000000006 0.00041038870236498331 -0.50000000000004474 -5.000000000000048 1.9999999999999687 9.5000000000000213 0.00012088434735780755 -0.002344915822845572 0.002549380434826332 0.00036537238660844527
decision_type=2 2 2 2 2 2 2 2 2 2 2 2 2 2 2 2 2 2 2
left_child=2 -2 -1 4 8 -6 7 9 -3 10 11 12 13 -5 15 16 -13 -18 -17
right_child=1 3 -4 6 5 -7 -8 -9 -10 -11 -12 14 -14 -15 -16 18 17 -19 -20
leaf_value=-0.0036386740344706695 -0.0047927866362292189 0.0022478211558226383 0.00011935972808650025 0.0045463478023355661 0.0001017730504922245 0.012784796267747879 -0.00026488824041335135 0.022407479643821716 0.01689036066333453 0.00072819945566794458 0.020164429431869871 -0.002102640806697309 0.001298067465956722 0.020369185390882196 -0.0035911271348595623 0.018786641465205894 0.016492529238263769 0.0032837770743803542 0.0036244199797511104
leaf_weight=1381 145 33 731 110 460 25 91 25 36 102 21 32 224 32 20 76 60 55 20
leaf_count=1381 145 33 731 110 460 25 91 25 36 102 21 32 224 32 20 76 60 55 20
internal_value=0 0.00342152 -0.00233795 0.00425913 0.0018929 0.000755537 0.00576937 0.00647609 0.00988741 0.00594646 0.00676532 0.00631797 0.00394175 0.00811206 0.00962481 0.0107125 0.00750255 0.0101753 0.0156278
internal_weight=0 1567 2112 1422 554 485 868 777 69 752 650 629 366 142 263 243 147 115 96
internal_count=3679 1567 2112 1422 554 485 868 777 69 752 650 629 366 142 263 243 147 115 96
is_linear=0
shrinkage=0.05


Tree=5
num_leaves=20
num_cat=0
split_feature=5 2 3 18 14 8 3 22 1 1 8 2 13 3 4 2 1 5 3
split_gain=11.4446 2.90433 2.77429 1.86146 2.65692 2.0277 1.63491 1.7313 2.03199 1.86884 1.60469 1.57091 1.50671 1.80884 2.72259 1.80661 1.77783 1.77388 2.13862
threshold=4.6850000000000014 0.0003959031665177832 0.56500000000000006 0.085970422819072648 2.4750000000000005 -0.41666666666666513 5.9650000000000007 3.6041016090782037e-05 0.0010567632396975984 0.00067045409494581782 6.999999999999992 0.00022227302685285188 3.9999999999999707 2.0050000000000003 -1.0000000180025095e-35 0.00023413147035680136 0.00012708015221958249 7.0850000000000009 1.2350000000000001
decision_type=2 2 2 2 2 2 2 2 2 2 2 2 2 2 2 2 2 2 2
left_child=2 3 -1 4 5 12 7 8 9 -3 -7 -6 13 15 -15 17 -16 18 -2
right_child=1 6 -4 -5 11 10 -8 -9 -10 -11 -12 -13 -14 14 16 -17 -18 -19 -20
leaf_value=0.012291020154953003 0.011059493474338366 0.0082892485551143962 -0.0033092737274686085 -0.0032589490964727583 -0.0035787939146876857 0.0013233284759549633 -0.0025609767188628516 0.018518837889035543 0.020577525185502096 -0.0066299273279206514 0.011696409223935543 0.010128900797470758 -0.0062949883341789255 0.024232604680582883 0.019349549107608343 -0.0037053158879280092 0.0023312788914170183 0.0114666072172778 0.00059520898018768456
leaf_weight=29 69 76 1649 159 229 847 30 45 23 29 39 23 25 32 21 55 57 105 167
leaf_count=29 69 76 1649 159 229 847 30 45 23 29 39 23 25 32 21 55 57 105 167
internal_value=0 0.00254051 -0.00303966 0.00191043 0.0024029 0.00324419 0.00821437 0.0100829 0.00711717 0.00416871 0.00177993 -0.00232769 0.00568738 0.00627939 0.0119515 0.0047038 0.00691312 0.00606011 0.00365468
internal_weight=0 2031 1678 1828 1669 1417 203 173 128 105 886 252 531 506 110 396 78 341 236
internal_count=3709 2031 1678 1828 1669 1417 203 173 128 105 886 252 531 506 110 396 78 341 236
is_linear=0
shrinkage=0.05


Tree=6
num_leaves=20
num_cat=0
split_feature=5 2 3 20 0 13 13 18 14 8 5 6 22 0 15 5 15 15 2
split_gain=10.3288 2.62116 2.5038 1.69472 1.81253 2.04666 1.68059 1.99971 2.22599 1.45747 1.79704 1.40619 2.25095 2.35144 1.79676 1.51342 1.28039 1.19483 3.38743
threshold=4.6850000000000014 0.0003959031665177832 0.56500000000000006 -0.0032861411180600815 0.00038013036086486979 -1.0000000180025095e-35 1.2499999999999958 0.085970422819072648 2.6450000000000005 -0.41666666666666513 4.7750000000000012 2.0000000000002243 -2.4160863026922993e-05 0.00011548751961095039 3.2850000000000006 8.9500000000000011 2.2050000000000005 2.9150000000000005 0.00021175105529494946
decision_type=2 2 2 2 2 2 2 2 2 2 2 2 2 2 2 2 2 2 2
left_child=2 6 -1 -3 16 -6 7 8 9 10 -2 12 13 -12 -14 -13 -5 -11 -19
right_child=1 3 -4 4 5 -7 -8 -9 -10 17 11 15 14 -15 -16 -17 -18 18 -20
leaf_value=0.011676469162620348 0.01949844522320706 0.0014371731143066849 -0.0031438100068694971 0.010289021693170072 0.018940643822917574 0.0023421087287939513 -0.0013973542833113457 -0.0030071576639097569 -0.0043296245637760369 0.0013679741997265778 0.023785447290069178 0.00074438604836662612 0.0028227520552841397 0.0046896184927650861 0.018137051673098047 0.013598454972872369 0.027587020591549251 0.0026806470681363208 0.021361315225561461
leaf_weight=29 23 69 1649 20 26 65 333 147 93 621 38 192 148 28 22 26 23 127 30
leaf_count=29 23 69 1649 20 26 65 333 147 93 621 38 192 148 28 22 26 23 127 30
internal_value=0 0.00241349 -0.00288768 0.00780365 0.0110819 0.00708455 0.00181491 0.00253042 0.00313429 0.00368739 0.00586349 0.00517273 0.0078472 0.0156842 0.0048046 0.00227744 0.0195414 0.00235321 0.0062502
internal_weight=0 2031 1678 203 134 91 1828 1495 1348 1255 477 454 236 66 170 218 43 778 157
internal_count=3709 2031 1678 203 134 91 1828 1495 1348 1255 477 454 236 66 170 218 43 778 157
is_linear=0
shrinkage=0.05


Tree=7
num_leaves=20
num_cat=0
split_feature=5 2 5 20 0 13 14 2 19 5 2 15 1 3 21 5 5 0 15
split_gain=9.3217 2.3656 2.35152 1.52949 1.63581 1.84711 1.52622 3.84712 2.28335 2.38363 2.09419 2.74095 3.80675 2.70906 1.51826 1.50215 1.49411 1.48714 1.77493
threshold=4.6850000000000014 0.0003959031665177832 2.5750000000000006 -0.0032861411180600815 0.00038013036086486979 -1.0000000180025095e-35 1.2350000000000001 0.00015136415005260825 0.0085315627113423682 6.5250000000000012 0.00020125595990399398 2.8750000000000004 0.00019659368262106165 2.0550000000000002 -0.0018118180523344905 4.8950000000000005 9.2000000000000011 0.00013453221150686051 0.87500000000000011
decision_type=2 2 2 2 2 2 2 2 2 2 2 2 2 2 2 2 2 2 2
left_child=2 6 -1 -3 -5 -6 7 8 9 17 -8 16 -13 -14 -11 -9 -12 18 -2
right_child=1 3 -4 4 5 -7 10 15 -10 14 11 12 13 -15 -16 -17 -18 -19 -20
leaf_value=0.0076209316979039396 0.0046557827019377759 0.0013653143160585045 -0.003081327799650339 0.018564367952734927 0.017993611670457401 0.0022250032768799709 -0.00017784966528415681 0.011729720793664456 -0.0066448588086211171 0.027280471044091079 -0.0010777906898189994 0.030387070368636738 0.016738341224414331 -0.0058741687008967772 0.011834956087717195 -0.0013848612008015972 0.0094327455262343089 -0.0014760678722744898 0.01693708853175243
leaf_weight=53 76 69 1625 43 26 65 1050 24 23 26 136 22 27 26 41 242 45 42 48
leaf_count=53 76 69 1625 43 26 65 1050 24 23 26 136 22 27 26 41 242 45 42 48
internal_value=0 0.00229281 -0.00274329 0.00741347 0.0105278 0.00673032 0.00172416 0.00400938 0.00838484 0.00986846 0.000810777 0.00486569 0.012903 0.00564541 0.0178287 -0.000201591 0.00153533 0.00665557 0.00940984
internal_weight=0 2031 1678 203 134 91 1828 522 256 233 1306 256 75 53 67 266 181 166 124
internal_count=3709 2031 1678 203 134 91 1828 522 256 233 1306 256 75 53 67 266 181 166 124
is_linear=0
shrinkage=0.05


Tree=8
num_leaves=20
num_cat=0
split_feature=5 3 2 18 14 8 15 22 14 2 8 15 2 3 5 6 0 2 17
split_gain=8.41283 2.17559 2.13495 1.50829 2.18183 1.65605 1.57168 1.81826 3.9317 1.61482 1.4551 1.71937 2.08263 1.38166 1.54721 1.76113 1.36968 1.27994 1.25417
threshold=4.6850000000000014 0.56500000000000006 0.0003959031665177832 0.085970422819072648 2.4750000000000005 -0.41666666666666513 3.2850000000000006 -2.4160863026922993e-05 1.2350000000000001 0.00013599016773257848 6.999999999999992 2.8750000000000004 0.00021175105529494946 5.9650000000000007 15.805000000000001 -6.4999999999999494 0.00022995161977178258 0.00022227302685285188 2.0000000000000013
decision_type=2 2 2 2 2 2 2 2 2 2 2 2 2 2 2 2 2 2 2
left_child=1 -1 3 4 5 6 7 8 9 -2 11 16 -13 14 15 -4 -7 -6 -17
right_child=2 -3 13 -5 17 10 -8 -9 -10 -11 -12 12 -14 -15 -16 18 -18 -19 -20
leaf_value=0.010969929191572914 0.029693648316290067 -0.0028448842913183468 0.017354056956591431 -0.0030152675818722204 -0.003334891168181032 0.0011284492169867462 0.01484956235477799 0.002181819240641163 0.0031060520037312373 0.012207909769588902 0.01096333574790221 0.003055224412738687 0.018466256798378058 -0.0028628989060719809 0.01685691120272333 -0.0016454637298981348 -0.0046490221134116569 0.0090383361215176788 0.0096199546186696919
leaf_weight=29 23 1649 27 159 229 594 38 332 107 31 39 101 28 30 44 60 124 23 42
leaf_count=29 23 1649 27 159 229 594 38 332 107 31 39 101 28 30 44 60 124 23 42
internal_value=0 -0.00260613 0.00217817 0.00163795 0.00208125 0.00284363 0.00505159 0.00429637 0.00865681 0.0196555 0.00152034 0.00108554 0.00640025 0.00704279 0.00876054 0.00599899 0.000130669 -0.00220559 0.00299324
internal_weight=0 1678 2031 1828 1669 1417 531 493 161 54 886 847 129 203 173 129 718 252 102
internal_count=3709 1678 2031 1828 1669 1417 531 493 161 54 886 847 129 203 173 129 718 252 102
is_linear=0
shrinkage=0.05


Tree=9
num_leaves=20
num_cat=0
split_feature=5 5 2 1 18 13 20 0 13 3 5 2 14 22 3 0 3 5 5
split_gain=7.59258 2.04385 1.92679 1.41508 1.73397 1.50742 1.34423 1.46639 1.64339 1.32463 4.16582 1.94641 2.4957 1.60576 1.50677 1.84683 1.38982 1.63631 2.31155
threshold=4.6850000000000014 2.5750000000000006 0.0003959031665177832 2.9587252760402096e-05 0.085970422819072648 2.9999999999999862 -0.0032861411180600815 0.00038013036086486979 -1.0000000180025095e-35 1.9950000000000003 6.0550000000000006 0.00022932187716886209 1.3825000000000001 -0.00049008577381393071 2.5750000000000006 0.00020738543161622747 1.8050000000000004 6.9350000000000014 8.2050000000000018
decision_type=2 2 2 2 2 2 2 2 2 2 2 2 2 2 2 2 2 2 2
left_child=1 -1 3 -2 5 9 -4 -8 -9 16 -11 12 13 -12 15 -13 17 -5 -19
right_child=2 -3 6 4 -6 -7 7 8 -10 10 11 14 -14 -15 -16 -17 -18 18 -20
leaf_value=0.0071866369050628742 -0.003715874580275111 -0.0027909684208723218 0.0010206078273662623 0.0017536996416226147 -0.0031019403766363099 -0.0020299300286896835 0.017219313476667848 0.016638890567880409 0.0017652158783032345 0.027894615978002548 0.02224997479468584 0.026281313824912778 -0.0016817017748261131 0.0035576620311648759 0.0029415465718091922 0.0079363084014724278 -0.00153935059833412 0.0097949683342290969 -0.0021595307108428744
leaf_weight=53 119 1625 69 643 156 169 43 26 65 20 20 23 151 27 43 34 208 161 54
leaf_count=53 119 1625 69 643 156 169 43 26 65 20 20 23 151 27 43 34 208 161 54
internal_value=0 -0.00247582 0.00206926 0.00155606 0.00192315 0.00242792 0.00669065 0.0096103 0.00601484 0.00297227 0.00580441 0.00432185 0.0014501 0.0115118 0.0100079 0.0153387 0.00212741 0.00301632 0.00679244
internal_weight=0 1678 2031 1828 1709 1553 203 134 91 1384 318 298 198 47 100 57 1066 858 215
internal_count=3709 1678 2031 1828 1709 1553 203 134 91 1384 318 298 198 47 100 57 1066 858 215
is_linear=0
shrinkage=0.05


end of trees

feature_importances:
f_5=26
f_2=24
f_3=22
f_1=19
f_0=15
f_15=13
f_14=12
f_8=8
f_13=7
f_20=7
f_18=6
f_21=6
f_22=6
f_6=5
f_19=4
f_7=2
f_9=2
f_16=2
f_17=2
f_4=1
f_10=1

parameters:
[boosting: gbdt]
[objective: regression]
[metric: binary_logloss]
[tree_learner: serial]
[device_type: cpu]
[data: ]
[valid: ]
[num_iterations: 10]
[learning_rate: 0.05]
[num_leaves: 20]
[num_threads: 0]
[deterministic: 0]
[force_col_wise: 0]
[force_row_wise: 0]
[histogram_pool_size: -1]
[max_depth: -1]
[min_data_in_leaf: 20]
[min_sum_hessian_in_leaf: 0.001]
[bagging_fraction: 0.7]
[pos_bagging_fraction: 1]
[neg_bagging_fraction: 1]
[bagging_freq: 5]
[bagging_seed: 3]
[feature_fraction: 0.9]
[feature_fraction_bynode: 1]
[feature_fraction_seed: 2]
[extra_trees: 0]
[extra_seed: 6]
[early_stopping_round: 0]
[first_metric_only: 0]
[max_delta_step: 0]
[lambda_l1: 0]
[lambda_l2: 0]
[linear_lambda: 0]
[min_gain_to_split: 0]
[drop_rate: 0.1]
[max_drop: 50]
[skip_drop: 0.5]
[xgboost_dart_mode: 0]
[uniform_drop: 0]
[drop_seed: 4]
[top_rate: 0.2]
[other_rate: 0.1]
[min_data_per_group: 100]
[max_cat_threshold: 32]
[cat_l2: 10]
[cat_smooth: 10]
[max_cat_to_onehot: 4]
[top_k: 20]
[monotone_constraints: ]
[monotone_constraints_method: basic]
[monotone_penalty: 0]
[feature_contri: ]
[forcedsplits_filename: ]
[refit_decay_rate: 0.9]
[cegb_tradeoff: 1]
[cegb_penalty_split: 0]
[cegb_penalty_feature_lazy: ]
[cegb_penalty_feature_coupled: ]
[path_smooth: 0]
[interaction_constraints: ]
[verbosity: 0]
[saved_feature_importance_type: 0]
[linear_tree: 0]
[max_bin: 255]
[max_bin_by_feature: ]
[min_data_in_bin: 3]
[bin_construct_sample_cnt: 200000]
[data_random_seed: 1]
[is_enable_sparse: 1]
[enable_bundle: 1]
[use_missing: 1]
[zero_as_missing: 0]
[feature_pre_filter: 1]
[pre_partition: 0]
[two_round: 0]
[header: 0]
[label_column: ]
[weight_column: ]
[group_column: ]
[ignore_column: ]
[categorical_feature: ]
[forcedbins_filename: ]
[precise_float_parser: 0]
[objective_seed: 5]
[num_class: 1]
[is_unbalance: 0]
[scale_pos_weight: 1]
[sigmoid: 1]
[boost_from_average: 1]
[reg_sqrt: 0]
[alpha: 0.9]
[fair_c: 1]
[poisson_max_delta_step: 0.7]
[tweedie_variance_power: 1.5]
[lambdarank_truncation_level: 30]
[lambdarank_norm: 1]
[label_gain: ]
[eval_at: ]
[multi_error_top_k: 1]
[auc_mu_weights: ]
[num_machines: 1]
[local_listen_port: 12400]
[time_out: 120]
[machine_list_filename: ]
[machines: ]
[gpu_platform_id: -1]
[gpu_device_id: -1]
[gpu_use_dp: 0]
[num_gpu: 1]

end of parameters

pandas_categorical:[]
