tree
version=v3
num_class=1
num_tree_per_iteration=1
label_index=0
max_feature_idx=22
objective=regression
feature_names=f_0 f_1 f_2 f_3 f_4 f_5 f_6 f_7 f_8 f_9 f_10 f_11 f_12 f_13 f_14 f_15 f_16 f_17 f_18 f_19 f_20 f_21 f_22
feature_infos=[3.5138360446667107e-07:0.0066553821535006137] [2.5600331918768856e-06:0.0039732576088439284] [9.2225614268401974e-06:0.0029579505118275174] [0.53000000000000003:6.5599999999999996] [-33.000000000000007:46] [2.4100000000000001:21.82] [-101.00000000000016:144.99999999999994] [-0.15710919088766695:0.17837578087457961] [-81:74] [-46:33.999999999999986] [-51.000000000000021:33.999999999999986] [-33.000000000000007:27.999999999999979] [-41:96.000000000000014] [-36.000000000000007:32.999999999999986] [-0.52000000000000002:2.9100000000000001] [-0.94999999999999996:3.8500000000000001] [-52:73.999999999999972] [-28.000000000000004:24.000000000000004] [-0.29572649572649579:0.64215246636771273] [-0.02958455728073861:0.047292143401983289] [-0.054746473503621829:0.033993115318416534] [-0.039377561323276189:0.045346674363414774] [-0.019984292877423981:0.018327052533256172]
tree_sizes=1835 1874 1874 1911 1907 1889 1887 1867 1886 1891

Tree=0
num_leaves=20
num_cat=0
split_feature=3 1 0 15 2 15 10 15 0 20 7 18 18 20 8 14 0 15 7
split_gain=20.1642 8.25282 3.35798 2.91077 2.70907 2.96647 2.59735 2.27193 2.13875 2.0897 2.37224 2.52553 2.47358 2.4958 2.8875 1.93844 2.66231 1.92242 2.46137
threshold=1.4950000000000003 3.5848820148827845e-05 8.6357569629969821e-05 0.76500000000000012 8.4172270788191816e-05 0.59250000000000014 9.9999999999999876 3.2750000000000004 2.2361522396385086e-05 0.002549380434826332 0.016949415565919116 -0.017098736586422632 0.027893842223705615 -0.0039411312065359963 -1.0000000180025095e-35 0.40500000000000008 0.00013946473670006969 2.8950000000000005 -0.005909608417132394
decision_type=2 2 2 2 2 2 2 2 2 2 2 2 2 2 2 2 2 2 2
left_child=2 -2 -1 4 -3 -6 8 15 -5 10 11 -10 13 -13 -15 16 -4 -14 -19
right_child=1 3 7 6 5 -7 -8 -9 9 -11 -12 12 17 14 -16 -17 -18 18 -20
leaf_value=0.20835200019127559 0.20568825739609481 0.23737902538779013 0.22025452916487331 0.20867481500927126 0.21889515414461705 0.23939515445009085 0.20911737622113902 0.22939515430107923 0.21687211263981701 0.2150612982881151 0.21393894969120181 0.22007697234404569 0.21658046879544024 0.24378704640742704 0.22689515426382634 0.20841689311891357 0.21115441328853027 0.22052260514926011 0.24053151810338763
leaf_weight=1541 145 31 128 59 150 20 90 20 217 319 137 66 143 37 80 207 216 51 22
leaf_count=1541 145 31 128 59 150 20 90 20 217 319 137 66 143 37 80 207 216 51 22
internal_value=0.212521 0.217052 0.209566 0.21821 0.223786 0.221307 0.217292 0.212841 0.217943 0.218453 0.21989 0.221213 0.223574 0.227851 0.232237 0.21224 0.214541 0.219951 0.226553
internal_weight=0 1567 2112 1422 201 170 1221 571 1131 1072 753 616 399 183 117 551 344 216 73
internal_count=3679 1567 2112 1422 201 170 1221 571 1131 1072 753 616 399 183 117 551 344 216 73
is_linear=0
shrinkage=1


Tree=1
num_leaves=20
num_cat=0
split_feature=5 5 5 14 1 8 2 19 18 3 18 3 5 4 4 21 5 1 0
split_gain=19.2526 5.44487 4.88306 3.08009 2.60551 2.54945 2.54365 2.44774 2.7269 2.25513 4.17444 3.42062 3.09377 3.39017 2.14071 2.10025 2.06481 2.93521 1.9214
threshold=4.6850000000000014 2.5750000000000006 6.5250000000000012 2.6150000000000007 0.00027566130516974247 -1.0000000000000118 3.0285766727076966e-05 -0.0022514071294559286 -0.0063804740362286552 2.3750000000000004 0.1083406268499665 3.1250000000000004 7.7650000000000006 1.0000000000000122 1.9999999999999853 0.0019475761371747782 17.175000000000004 0.0010567632396975984 0.00019587039556062823
decision_type=2 2 2 2 2 2 2 2 2 2 2 2 2 2 2 2 2 2 2
left_child=1 -1 4 9 5 -2 -3 -6 -9 10 -4 12 13 -11 -8 -16 17 18 -13
right_child=2 6 3 -5 7 -7 14 8 -10 11 -12 16 -14 -15 15 -17 -18 -19 -20
leaf_value=0.01246756249666214 0.0063316407319038148 -0.0076522242958442527 0.0092413051079223759 -0.0081423295108047685 0.024835413091239475 -0.00066137683642652882 -0.0035987010067130656 -0.0083598589693958114 0.016534940966150977 9.2019723220305015e-05 -0.010865182098415164 0.021555360741913318 -0.00669169026777285 0.024130938686430455 -0.00052116857841610909 0.019323155470192435 -0.0019764749881099252 0.027209505796432495 0.0040102560440419431
leaf_weight=50 155 416 588 37 21 819 1128 22 22 55 27 20 109 20 40 20 34 25 71
leaf_count=50 155 416 588 37 21 819 1128 22 22 55 27 20 109 20 40 20 34 25 71
internal_value=0 -0.00378093 0.00349015 0.00601057 0.0010983 0.000451475 -0.00428743 0.0107907 0.00408754 0.00656237 0.00835858 0.00325497 -0.00131367 0.0065024 -0.00310919 0.00609361 0.00885915 0.0120351 0.00786632
internal_weight=0 1654 2025 986 1039 974 1604 65 44 949 615 334 184 75 1188 60 150 116 91
internal_count=3679 1654 2025 986 1039 974 1604 65 44 949 615 334 184 75 1188 60 150 116 91
is_linear=0
shrinkage=0.05


Tree=2
num_leaves=20
num_cat=0
split_feature=5 5 5 14 8 2 3 18 3 5 20 6 14 1 2 5 1 13 3
split_gain=17.3755 4.914 4.40696 2.77978 2.35509 2.29564 2.03525 3.76743 3.08711 2.79213 2.5759 1.99532 2.0637 1.97131 1.9196 1.86349 2.64903 1.75398 2.16212
threshold=4.6850000000000014 2.5750000000000006 6.5250000000000012 2.6150000000000007 -2.9999999999999942 3.0285766727076966e-05 2.3750000000000004 0.1083406268499665 3.1250000000000004 7.7650000000000006 -0.00031513758145501608 6.9999999999998961 0.20500000000000004 0.00027566130516974247 0.00031965087587533205 17.175000000000004 0.0010567632396975984 1.0000000000000122 2.1650000000000005
decision_type=2 2 2 2 2 2 2 2 2 2 2 2 2 2 2 2 2 2 2
left_child=1 -1 4 6 -2 -3 7 17 9 10 -8 -7 -13 -6 -15 16 -10 18 -4
right_child=2 5 3 -5 13 11 8 -9 15 -11 -12 12 -14 14 -16 -17 -18 -19 -20
leaf_value=0.011844184339046479 0.0085911478213173288 -0.0072696129755618483 0.0084489244367935753 -0.0077352131137976773 -0.00025847072714119986 -0.0035817215894906346 0.014845058880746366 -0.010321922876216749 0.0074730068281456665 -0.0063571057051693622 -0.0037287571813379018 0.016553922587384782 -0.0002125198928973614 0.018650249923978533 -0.00062020827705661465 -0.001877651275957332 0.02584902995824814 0.0014102277516479225 0.01758014478377606
leaf_weight=50 94 416 441 37 893 1086 40 27 91 109 35 24 78 28 24 34 25 71 76
leaf_count=50 94 416 441 37 893 1086 40 27 91 109 35 24 78 28 24 34 25 71 76
internal_value=0 -0.00359189 0.00331564 0.00571004 0.00104338 -0.00407306 0.00623425 0.00794065 0.00309222 -0.00124798 0.00617728 -0.00295373 0.00373253 0.000292601 0.00975619 0.00841619 0.0114334 0.00877924 0.00979123
internal_weight=0 1654 2025 986 1039 1604 949 615 334 184 75 1188 102 945 52 150 116 588 517
internal_count=3679 1654 2025 986 1039 1604 949 615 334 184 75 1188 102 945 52 150 116 588 517
is_linear=0
shrinkage=0.05


Tree=3
num_leaves=20
num_cat=0
split_feature=5 5 1 3 3 21 18 2 21 3 20 19 16 7 2 2 21 3 3
split_gain=15.6813 4.43488 4.07682 3.47877 3.4476 2.41704 2.58528 2.15593 2.12581 2.11987 2.37355 2.13744 2.6014 3.81611 2.07182 1.94807 1.91809 2.5354 2.84712
threshold=4.6850000000000014 2.5750000000000006 3.5848820148827845e-05 1.4950000000000003 1.4350000000000003 0.0048243852378498939 -0.016707973690146923 0.00021787561350409434 0.0028917307415251563 1.8050000000000004 0.0026174435127628297 -0.0028284543063226693 1.0000000000000122 -0.0024623266209690682 3.0285766727076966e-05 0.0011109579304333353 -0.0036093337959557932 2.4950000000000006 1.9950000000000003
decision_type=2 2 2 2 2 2 2 2 2 2 2 2 2 2 2 2 2 2 2
left_child=1 -1 4 8 -2 9 -7 -8 -4 10 11 12 13 -5 -3 16 -11 18 -18
right_child=2 14 3 5 -6 6 7 -9 -10 15 -12 -13 -14 -15 -16 -17 17 -19 -20
leaf_value=0.011251975327730181 0.014540487392382187 -0.0069061321009380311 -0.0019143262965714233 0.020261127908121457 -0.0065777652996516084 -0.0053535537056203161 0.00017124391595522563 0.014014577915271123 0.0063157486638017735 -0.00042353785108952295 0.0034312525775534973 0.0080189534072947297 0.026843033425318893 -0.002865336487690608 -0.0028060443624101507 0.015436924911207623 0.0028765857751880375 -0.0011739426188998752 0.012430060716180863
leaf_weight=50 22 416 340 44 159 106 75 45 102 210 163 234 39 30 1188 36 154 108 158
leaf_count=50 22 416 340 44 159 106 75 45 102 210 163 234 39 30 1188 36 154 108 158
internal_value=0 -0.00341229 0.00314986 0.00385273 -0.00401091 0.00507211 0.000336383 0.00536249 -1.50782e-05 0.00598221 0.00840811 0.0107459 0.016393 0.0108855 -0.00386941 0.00412454 0.00347812 0.00542895 0.00771456
internal_weight=0 1654 2025 1844 181 1402 226 120 442 1176 510 347 113 74 1604 666 630 420 312
internal_count=3679 1654 2025 1844 181 1402 226 120 442 1176 510 347 113 74 1604 666 630 420 312
is_linear=0
shrinkage=0.05


Tree=4
num_leaves=20
num_cat=0
split_feature=3 1 14 15 2 15 1 10 0 20 15 7 20 16 0 18 22 0 10
split_gain=13.683 6.30783 2.79045 2.44659 2.36092 2.55478 2.32027 2.23986 1.74445 1.78196 2.1867 2.03005 2.33039 1.84435 2.43059 1.72526 2.66841 1.68231 1.69837
threshold=1.4950000000000003 3.5848820148827845e-05 2.6950000000000007 0.76500000000000012 8.4172270788191816e-05 0.59250000000000014 7.7811932823200835e-05 9.9999999999999876 2.2361522396385086e-05 0.002549380434826332 1.4550000000000003 0.016949415565919116 -0.0035579516479166125 5.0000000000000018 5.41917333615839e-05 -0.017098736586422632 -0.00017425651464714195 0.00010355877535675684 7.9999999999999973
decision_type=2 2 2 2 2 2 2 2 2 2 2 2 2 2 2 2 2 2 2
left_child=2 -2 6 4 -3 -6 -1 8 -5 10 -10 12 -12 14 -14 16 -16 -11 -19
right_child=1 3 -4 7 5 -7 -8 -9 9 17 11 -13 13 -15 15 -17 -18 18 -20
leaf_value=-0.003822175306545942 -0.0062046744494602601 0.022544197714136495 0.015698534817922685 -0.0038649278550834977 0.0053021629105011632 0.024326562732458118 -0.00031333531420599963 -0.003690340162979232 -0.0052359352509180708 -0.0032412325894391096 0.0044733850171371379 0.0012982292029693838 0.019636784645975854 0.020551857248295186 0.016546597623306774 0.010594724735636621 -0.0032301847004529206 0.0029801818790860203 0.018294446133077145
leaf_weight=1374 145 31 21 59 150 20 717 90 39 108 245 131 49 43 23 157 66 191 20
leaf_count=1374 145 31 21 59 150 20 717 90 39 108 245 131 49 43 23 157 66 191 20
internal_value=0 0.00372972 -0.00243687 0.00474272 0.00985436 0.00754033 -0.002619 0.00390124 0.00450535 0.00496603 0.00629287 0.00692259 0.00818639 0.0108778 0.00946764 0.00744208 0.00188067 0.00183401 0.00443177
internal_weight=0 1567 2112 1422 201 170 2091 1221 1131 1072 753 714 583 338 295 246 89 319 211
internal_count=3679 1567 2112 1422 201 170 2091 1221 1131 1072 753 714 583 338 295 246 89 319 211
is_linear=0
shrinkage=0.05


Tree=5
num_leaves=20
num_cat=0
split_feature=5 1 3 3 18 13 1 3 21 5 16 8 14 3 3 5 2 0 1
split_gain=13.226 3.42415 3.83851 3.07551 2.20953 2.17496 2.78505 2.03498 2.00218 1.86852 2.35622 1.85539 1.75842 1.65338 3.06689 2.49733 3.46431 2.29323 2.87129
threshold=4.6850000000000014 3.9827171173761936e-05 1.4150000000000003 0.56500000000000006 0.085970422819072648 1.0000000000000122 0.00023406698925246199 1.4850000000000001 0.0043435486945166977 5.0050000000000008 2.9999999999999862 -2.0000000000000004 2.4950000000000006 1.8050000000000004 1.9950000000000003 6.9750000000000005 0.00022932187716886209 8.0627964543525372e-05 0.00015980107118617043
decision_type=2 2 2 2 2 2 2 2 2 2 2 2 2 2 2 2 2 2 2
left_child=3 2 -2 -1 5 7 11 8 9 10 -3 -7 -6 -9 -15 17 -17 -16 -19
right_child=1 4 -4 -5 12 6 -8 13 -10 -11 -12 -13 -14 14 15 16 -18 18 -20
leaf_value=0.013027847609643279 0.016376397047530522 0.010241680023156936 -0.0057619497263699439 -0.0033975213720915604 -0.0037484802599800264 0.0088824834455462059 0.0080747820436954509 0.0084732246642210043 0.011133183966925805 -0.0033033309282646294 -0.006064538890495897 -0.0036454726768805918 0.010814827959984542 -0.00072789894184097656 0.025358330761082473 -0.0026718742991845637 0.0090730146871189059 -0.0049422527240081272 0.02090545186684245
leaf_weight=29 22 72 178 1649 152 34 93 441 47 168 32 226 24 192 32 97 178 22 21
leaf_count=29 22 72 178 1649 152 34 93 441 47 168 32 226 24 192 32 97 178 22 21
internal_value=0 0.00288512 -0.00332673 -0.00311365 0.00356364 0.00413005 0.000648958 0.00507385 0.00160387 -4.27348e-05 0.00522438 -0.0020072 -0.00176257 0.00619991 0.00435022 0.00713593 0.00493027 0.0152234 0.00768104
internal_weight=0 2031 200 1678 1831 1655 353 1302 319 272 104 260 176 983 542 350 275 75 43
internal_count=3709 2031 200 1678 1831 1655 353 1302 319 272 104 260 176 983 542 350 275 75 43
is_linear=0
shrinkage=0.05


Tree=6
num_leaves=20
num_cat=0
split_feature=5 2 3 15 8 14 18 2 15 3 8 1 1 15 4 6 2 3 7
split_gain=11.9365 3.09414 2.77565 2.34123 1.98525 1.85423 2.47298 1.66537 4.8078 2.97782 1.93288 1.96529 2.4535 2.47145 2.57651 1.79494 1.64016 1.59993 1.58826
threshold=4.6850000000000014 3.9901665013997445e-05 0.56500000000000006 3.6250000000000004 -1.0000000180025095e-35 2.0450000000000004 0.13897931073255756 0.00019292242589676791 2.8750000000000004 3.0050000000000003 1.0000000000000007 6.0072630002839946e-05 0.00013932666621876375 2.0550000000000002 -0.99999999999998412 -6.9999999999998943 0.00020803536314443157 1.9950000000000003 -0.01253709402334696
decision_type=2 2 2 2 2 2 2 2 2 2 2 2 2 2 2 2 2 2 2
left_child=2 -2 -1 4 5 6 -3 10 15 -10 -6 -12 13 14 -13 -9 -17 -18 -14
right_child=1 3 -4 -5 7 -7 -8 8 9 -11 11 12 18 -15 -16 16 17 -19 -20
leaf_value=0.012376455114833242 -0.0040486107766628272 0.0073280582965463987 -0.0032276452256376782 0.019516919959675184 -0.0015366057576290493 0.00080095444347976982 -0.010592624135315419 0.008635850301752351 0.024589542698028478 0.0026050313375890256 -0.0069893035560082174 0.0024975601969094113 -0.01129635210942339 0.0024903230462223294 0.020750506376398022 0.013214919157326222 -0.0069851814736338232 0.0021125890115009887 0.0026239531180437875
leaf_weight=29 155 514 1649 22 464 181 20 73 43 24 39 29 27 80 58 20 85 112 85
leaf_count=29 155 514 1649 22 464 181 20 73 43 24 39 29 27 80 58 20 85 112 85
internal_value=0 0.00274086 -0.00295797 0.00330182 0.00310941 0.00517446 0.00665687 0.00181309 0.00464273 0.0167145 0.000521293 0.00352401 0.00499362 0.00883344 0.0146662 0.00185374 -0.000427798 -0.00181284 -0.000731835
internal_weight=0 2031 1678 1876 1854 715 534 1139 357 67 782 318 279 167 87 290 217 197 112
internal_count=3709 2031 1678 1876 1854 715 534 1139 357 67 782 318 279 167 87 290 217 197 112
is_linear=0
shrinkage=0.05


Tree=7
num_leaves=20
num_cat=0
split_feature=5 1 3 18 8 5 2 15 3 5 20 17 8 7 14 15 14 2 11
split_gain=10.7727 2.85084 2.50502 2.13338 1.98628 1.83587 1.72058 5.26389 2.1396 2.75293 3.06003 2.13299 1.93438 1.68829 1.6562 1.57487 1.5611 2.8701 2.17704
threshold=4.6850000000000014 2.9587252760402096e-05 0.56500000000000006 0.085970422819072648 -1.0000000180025095e-35 4.8750000000000009 0.00019575577271879359 2.8750000000000004 1.7750000000000001 6.6850000000000014 0.0018189956198170212 -0.99999999999998412 2 0.0031397483765233107 2.4950000000000006 2.1350000000000002 1.3650000000000004 0.00014958479746790502 -1.2500000000000175
decision_type=2 2 2 2 2 2 2 2 2 2 2 2 2 2 2 2 2 2 2
left_child=2 5 -1 4 16 -2 8 -8 9 12 13 -9 15 -11 -5 -6 17 18 -3
right_child=1 3 -4 14 6 -7 7 11 -10 10 -12 -13 -14 -15 -16 -17 -18 -19 -20
leaf_value=0.011757632370652825 0.005120580553105384 0.022736375561604898 -0.0030662629845975165 -0.003807065370806887 -0.0045595655805312548 -0.008752039698667306 0.0022499791631158794 0.0069865878522396094 -0.0024558384090768064 0.025587719919220094 -0.00067083372881537992 0.025791564564171594 0.0070075102076672087 0.0089491226772467295 0.010261445306241512 0.0030510533571243286 0.0038557087318325531 0.0037649335769506607 0.0089893926659391984
leaf_weight=29 33 48 1649 163 149 86 265 25 281 31 38 38 101 30 24 125 392 130 72
leaf_count=29 33 48 1649 163 149 86 265 25 281 31 38 38 101 30 24 125 392 130 72
internal_value=0 0.00260382 -0.00281007 0.00307116 0.00362106 -0.00490501 0.00231474 0.00533838 0.00100116 0.00305056 0.0104667 0.0183293 0.00109271 0.0174048 -0.00200148 -0.00108757 0.00582471 0.00891209 0.0144882
internal_weight=0 2031 1678 1912 1725 119 1083 328 755 474 99 63 375 61 187 274 642 250 120
internal_count=3709 2031 1678 1912 1725 119 1083 328 755 474 99 63 375 61 187 274 642 250 120
is_linear=0
shrinkage=0.05


Tree=8
num_leaves=20
num_cat=0
split_feature=5 2 3 15 1 8 15 14 14 0 17 20 16 18 13 19 8 16 14
split_gain=9.72233 2.59354 2.26078 2.08648 1.69016 1.66288 1.5583 2.00127 1.41288 1.4791 1.62695 1.53575 1.49343 1.57192 1.48837 1.88053 1.58398 1.47748 1.35448
threshold=4.6850000000000014 3.9901665013997445e-05 0.56500000000000006 3.6250000000000004 2.9587252760402096e-05 -1.0000000180025095e-35 0.095000000000000015 0.16500000000000004 2.0450000000000004 3.6409659206855853e-05 1.4999999999999793 0.0012158217893900594 -1.0000000000000118 0.010889608291310584 0.99999999999998956 -0.0017001358366884321 -1.1666666666667156 4 0.46500000000000002
decision_type=2 2 2 2 2 2 2 2 2 2 2 2 2 2 2 2 2 2 2
left_child=2 -2 -1 4 -3 8 -4 -8 9 -6 14 12 -12 -14 15 16 -11 -17 -9
right_child=1 3 6 -5 5 -7 7 18 -10 10 11 -13 13 -15 -16 17 -18 -19 -20
leaf_value=0.01116975127109166 -0.0037423909960254548 -0.0063570548837282225 -0.0068931408748726984 0.018294705315069718 0.015640201037510848 0.0018548461725108802 0.0021285341749357626 -0.0056731605917793235 0.0010594159407767258 0.0046511305209535822 0.015935874010982187 0.015396383160259576 0.0096175880792240317 -0.0028731404329245948 -0.0052201907502280346 -0.0015202068440292194 0.017981176040111443 0.0099667011281928501 -0.002023220027561654
leaf_weight=29 155 49 214 22 39 1111 215 361 173 52 29 64 48 53 45 115 39 37 859
leaf_count=29 155 49 214 22 39 1111 215 361 173 52 29 64 48 53 45 115 39 37 859
internal_value=0 0.00247363 -0.00266957 0.00298721 0.00280557 0.0030543 -0.00291295 -0.00231939 0.00497447 0.00627448 0.00551667 0.00905607 0.00593468 0.00306305 0.0031325 0.0046793 0.010364 0.00127595 -0.00310324
internal_weight=0 2031 1678 1876 1854 1805 1649 1435 694 521 482 194 130 101 288 243 91 152 1220
internal_count=3709 2031 1678 1876 1854 1805 1649 1435 694 521 482 194 130 101 288 243 91 152 1220
is_linear=0
shrinkage=0.05


Tree=9
num_leaves=20
num_cat=0
split_feature=5 2 3 3 3 3 22 5 6 14 8 5 6 2 6 15 14 0 14
split_gain=8.77441 2.34067 2.04036 1.89469 3.13248 2.49259 2.89872 2.1992 2.85257 2.55139 1.95575 1.69939 2.17499 1.55105 1.48542 1.80861 1.88115 1.44166 1.41653
threshold=4.6850000000000014 3.9901665013997445e-05 0.56500000000000006 3.3150000000000004 5.9650000000000007 2.5050000000000003 -0.0024641875462623748 6.5250000000000012 8.2500000000000036 2.5850000000000004 1.5000000000000071 7.7650000000000006 3.0000000000000031 0.00010834004245635937 10.500000000000044 0.095000000000000015 0.085000000000000006 2.2361522396385086e-05 1.8425000000000002
decision_type=2 2 2 2 2 2 2 2 2 2 2 2 2 2 2 2 2 2 2
left_child=2 -2 -1 5 18 6 -3 17 9 10 -9 12 -7 -12 15 -4 -17 -8 -5
right_child=1 3 14 4 -6 11 7 8 -10 -11 13 -13 -14 -15 -16 16 -18 -19 -20
leaf_value=0.010611263482735077 -0.0035552716303256255 0.021464827798661733 -0.0074008282076045515 0.023264352738857269 -0.0054684828718503317 -0.0037002387079032696 -0.0046750314840950918 0.0086056159511548741 -0.0020477244930882611 -0.0074159993557259447 0.012695635239715161 -0.0072252185066353607 0.016765170507133009 -0.0019044696171393342 0.0054676865912833307 0.0034094052403930604 -0.0029747163425251346 0.0017969052417306449 0.0094981582684291396
leaf_weight=29 155 21 207 25 30 37 97 438 124 32 23 106 20 87 53 127 1262 762 74
leaf_count=29 155 21 207 25 30 37 97 438 124 32 23 106 20 87 53 127 1262 762 74
internal_value=0 0.00234994 -0.00253609 0.00283785 0.00868541 0.00240606 0.00301191 0.00276398 0.00483571 0.00630734 0.00710871 -0.00348146 0.00348061 0.00114828 -0.0027673 -0.00304077 -0.002391 0.00106608 0.0129745
internal_weight=0 2031 1678 1876 129 1747 1584 1563 704 580 548 163 57 110 1649 1596 1389 859 99
internal_count=3709 2031 1678 1876 129 1747 1584 1563 704 580 548 163 57 110 1649 1596 1389 859 99
is_linear=0
shrinkage=0.05


end of trees

feature_importances:
f_3=27
f_5=23
f_2=17
f_1=15
f_14=15
f_15=15
f_8=11
f_18=11
f_0=10
f_20=8
f_7=6
f_6=5
f_16=5
f_21=5
f_4=3
f_10=3
f_13=3
f_19=3
f_17=2
f_22=2
f_11=1

parameters:
[boosting: gbdt]
[objective: regression]
[metric: binary_logloss]
[tree_learner: serial]
[device_type: cpu]
[data: ]
[valid: ]
[num_iterations: 10]
[learning_rate: 0.05]
[num_leaves: 20]
[num_threads: 0]
[deterministic: 0]
[force_col_wise: 0]
[force_row_wise: 0]
[histogram_pool_size: -1]
[max_depth: -1]
[min_data_in_leaf: 20]
[min_sum_hessian_in_leaf: 0.001]
[bagging_fraction: 0.7]
[pos_bagging_fraction: 1]
[neg_bagging_fraction: 1]
[bagging_freq: 5]
[bagging_seed: 3]
[feature_fraction: 0.9]
[feature_fraction_bynode: 1]
[feature_fraction_seed: 2]
[extra_trees: 0]
[extra_seed: 6]
[early_stopping_round: 0]
[first_metric_only: 0]
[max_delta_step: 0]
[lambda_l1: 0]
[lambda_l2: 0]
[linear_lambda: 0]
[min_gain_to_split: 0]
[drop_rate: 0.1]
[max_drop: 50]
[skip_drop: 0.5]
[xgboost_dart_mode: 0]
[uniform_drop: 0]
[drop_seed: 4]
[top_rate: 0.2]
[other_rate: 0.1]
[min_data_per_group: 100]
[max_cat_threshold: 32]
[cat_l2: 10]
[cat_smooth: 10]
[max_cat_to_onehot: 4]
[top_k: 20]
[monotone_constraints: ]
[monotone_constraints_method: basic]
[monotone_penalty: 0]
[feature_contri: ]
[forcedsplits_filename: ]
[refit_decay_rate: 0.9]
[cegb_tradeoff: 1]
[cegb_penalty_split: 0]
[cegb_penalty_feature_lazy: ]
[cegb_penalty_feature_coupled: ]
[path_smooth: 0]
[interaction_constraints: ]
[verbosity: 0]
[saved_feature_importance_type: 0]
[linear_tree: 0]
[max_bin: 255]
[max_bin_by_feature: ]
[min_data_in_bin: 3]
[bin_construct_sample_cnt: 200000]
[data_random_seed: 1]
[is_enable_sparse: 1]
[enable_bundle: 1]
[use_missing: 1]
[zero_as_missing: 0]
[feature_pre_filter: 1]
[pre_partition: 0]
[two_round: 0]
[header: 0]
[label_column: ]
[weight_column: ]
[group_column: ]
[ignore_column: ]
[categorical_feature: ]
[forcedbins_filename: ]
[precise_float_parser: 0]
[objective_seed: 5]
[num_class: 1]
[is_unbalance: 0]
[scale_pos_weight: 1]
[sigmoid: 1]
[boost_from_average: 1]
[reg_sqrt: 0]
[alpha: 0.9]
[fair_c: 1]
[poisson_max_delta_step: 0.7]
[tweedie_variance_power: 1.5]
[lambdarank_truncation_level: 30]
[lambdarank_norm: 1]
[label_gain: ]
[eval_at: ]
[multi_error_top_k: 1]
[auc_mu_weights: ]
[num_machines: 1]
[local_listen_port: 12400]
[time_out: 120]
[machine_list_filename: ]
[machines: ]
[gpu_platform_id: -1]
[gpu_device_id: -1]
[gpu_use_dp: 0]
[num_gpu: 1]

end of parameters

pandas_categorical:[]
