tree
version=v3
num_class=1
num_tree_per_iteration=1
label_index=0
max_feature_idx=22
objective=regression
feature_names=f_0 f_1 f_2 f_3 f_4 f_5 f_6 f_7 f_8 f_9 f_10 f_11 f_12 f_13 f_14 f_15 f_16 f_17 f_18 f_19 f_20 f_21 f_22
feature_infos=[3.5138360446667107e-07:0.0066553821535006137] [2.5600331918768856e-06:0.0039732576088439284] [9.2225614268401974e-06:0.0029579505118275174] [0.53000000000000003:6.5599999999999996] [-33.000000000000007:46] [2.4100000000000001:21.82] [-101.00000000000016:144.99999999999994] [-0.15710919088766695:0.17837578087457961] [-81:74] [-46:33.999999999999986] [-51.000000000000021:33.999999999999986] [-33.000000000000007:27.999999999999979] [-41:96.000000000000014] [-36.000000000000007:32.999999999999986] [-0.52000000000000002:2.9100000000000001] [-0.94999999999999996:3.8500000000000001] [-52:73.999999999999972] [-28.000000000000004:24.000000000000004] [-0.29572649572649579:0.64215246636771273] [-0.02958455728073861:0.047292143401983289] [-0.054746473503621829:0.033993115318416534] [-0.039377561323276189:0.045346674363414774] [-0.019984292877423981:0.018327052533256172]
tree_sizes=1818 1882 1896 1908 1890 1884 1908 1913 1895 1877

Tree=0
num_leaves=20
num_cat=0
split_feature=3 1 14 1 10 0 3 2 15 2 20 14 1 3 2 3 21 1 20
split_gain=15.3029 6.78318 4.35507 3.49722 3.13568 2.42858 2.16371 3.30629 3.97752 3.06318 3.4884 3.35603 2.68157 2.52876 2.93301 2.46903 2.36885 2.29885 2.82094
threshold=1.4950000000000003 3.5848820148827845e-05 2.6950000000000007 1.5890422471908431e-05 9.9999999999999876 2.1406040044605986e-05 1.8050000000000004 0.00020467053333761656 2.8750000000000004 8.1277943992210926e-05 -0.0021361036591087674 1.1850000000000003 0.00041659036141107858 3.1250000000000004 0.00016067123683951914 2.0350000000000006 0.00014784902424613835 0.00025990434788019686 0.0002161037671398747
decision_type=2 2 2 2 2 2 2 2 2 2 2 2 2 2 2 2 2 2 2
left_child=2 -2 3 -1 5 -3 9 13 12 11 -11 -7 17 14 -8 -10 -13 18 -9
right_child=1 4 -4 -5 -6 6 7 8 15 10 -12 16 -14 -15 -16 -17 -18 -19 -20
leaf_value=0.25384197328680819 0.25769798458532367 0.26017643293504927 0.28413476698239659 0.26181532902094828 0.26027511714851659 0.2939048822160974 0.26665509166471368 0.25896469820505919 0.29246810056408257 0.2769919096266657 0.26680933827106518 0.2819489745675281 0.26274833566656519 0.28175381453048626 0.2559738466029059 0.27499498176377318 0.26801454792274165 0.27838764037433722 0.27711722291360835
leaf_weight=148 145 64 21 1943 95 29 246 49 30 126 253 61 113 21 87 62 61 87 38
leaf_count=148 145 64 21 1943 95 29 246 49 30 126 253 61 113 21 87 62 61 87 38
internal_value=0.264002 0.268 0.261479 0.261251 0.26905 0.269679 0.27016 0.2684 0.271646 0.272594 0.270195 0.278616 0.268746 0.264926 0.263864 0.280693 0.274982 0.272641 0.266893
internal_weight=0 1567 2112 2091 1422 1327 1263 733 379 530 379 151 287 354 333 92 122 174 87
internal_count=3679 1567 2112 2091 1422 1327 1263 733 379 530 379 151 287 354 333 92 122 174 87
is_linear=0
shrinkage=1


Tree=1
num_leaves=20
num_cat=0
split_feature=5 5 1 2 5 2 6 8 5 10 14 2 16 0 5 21 17 8 21
split_gain=16.6417 4.29031 3.91483 2.95438 2.87505 3.21083 2.57221 2.3822 2.44979 4.20937 3.77578 2.8731 2.28935 2.57093 2.24514 2.21327 2.07088 1.92747 3.40732
threshold=4.6650000000000009 2.5750000000000006 2.9180694901725197e-05 2.962741176234285e-05 5.1150000000000011 3.9471772375300702e-05 9.0000000000000089 -1.0000000000000002 6.6850000000000014 9.9999999999999876 2.5350000000000006 7.9109284232523684e-05 4.9999999999999973 0.00021849151284170226 3.7850000000000006 -0.00068325909125888085 3.5000000000000036 -1.9999999999999682 -0.0033001196079873725
decision_type=2 2 2 2 2 2 2 2 2 2 2 2 2 2 2 2 2 2 2
left_child=1 -1 4 14 5 -2 -5 15 -9 10 11 -10 16 -14 -3 17 -13 -4 -19
right_child=2 3 7 6 -6 -7 -8 8 9 -11 -12 12 13 -15 -16 -17 -18 18 -20
leaf_value=0.010909233748912811 0.018705649673938753 -0.0091219967816557213 0.0070781019130131094 -0.0032350573457155516 -0.010546490585102757 -0.0083079538562081078 0.0075622594562070131 0.00081059214601666714 0.024895503469135452 -0.0082967751431015299 -0.0091346248156494569 0.0044639274003651164 0.029643367095427083 0.0072942147331853079 0.001831461020089962 0.0038641595633368479 0.017348143370712506 0.0090221720291119006 0.03098847231379262
leaf_weight=50 22 350 164 1126 85 22 58 763 23 53 36 377 22 31 54 331 34 51 27
leaf_count=50 22 350 164 1126 85 22 58 763 23 53 36 377 22 31 54 331 34 51 27
internal_value=0 -0.00351184 0.00325452 -0.00396591 -0.00517599 0.00519885 -0.00270613 0.00382332 0.00266879 0.00513027 0.00649094 0.00764601 0.00679097 0.0165712 -0.00765792 0.00652123 0.00552977 0.0101555 0.0166259
internal_weight=0 1638 2041 1588 129 44 1184 1912 1339 576 523 487 464 53 404 573 411 242 78
internal_count=3679 1638 2041 1588 129 44 1184 1912 1339 576 523 487 464 53 404 573 411 242 78
is_linear=0
shrinkage=0.05


Tree=2
num_leaves=20
num_cat=0
split_feature=5 5 1 2 5 2 6 13 0 15 2 8 2 18 20 5 20 18 17
split_gain=15.0191 3.87201 3.53313 2.66633 2.59474 2.89778 2.32142 2.21592 2.51783 2.48011 5.5 2.68198 2.58205 2.42016 2.13472 2.02624 1.97813 2.51855 1.8891
threshold=4.6650000000000009 2.5750000000000006 2.9180694901725197e-05 2.962741176234285e-05 5.1150000000000011 3.9471772375300702e-05 9.0000000000000089 1.0000000180025095e-35 0.0007214066849551274 2.8750000000000004 0.00020467053333761656 -0.50000000000005584 6.4946454819145695e-05 0.085970422819072648 -0.0046916362435856498 3.7850000000000006 -0.00095319264272902815 0.01939047377887693 -0.99999999999998412
decision_type=2 2 2 2 2 2 2 2 2 2 2 2 2 2 2 2 2 2 2
left_child=1 -1 4 15 5 -2 -5 9 -9 11 -11 12 -4 -13 -14 -3 17 -16 -12
right_child=2 3 7 6 -6 -7 -8 8 -10 10 18 13 14 -15 16 -17 -18 -19 -20
leaf_value=0.010363771557807924 0.017770367928526619 -0.0086658967137336739 0.019077593088150026 -0.0030733040644792217 -0.010019165312542636 -0.0078925559805198154 0.007184146344661713 -0.0002434541857659036 0.013670156300067902 0.0049205053019626393 0.010717206714408739 0.0025036081386069524 -0.0013340015709400179 -0.0081726421056122611 0.01917024983558804 0.0017398882795263222 0.0045453515441263494 0.0030511110638960816 0.027405577343563706
leaf_weight=50 22 350 38 1126 85 22 58 458 35 232 28 626 90 58 64 54 201 39 43
leaf_count=50 22 350 38 1126 85 22 58 458 35 232 28 626 90 58 64 54 201 39 43
internal_value=0 -0.00333625 0.0030918 -0.00376761 -0.00491719 0.00493891 -0.00257083 0.00363215 0.000744327 0.00463546 0.00864712 0.00354627 0.00663054 0.00159831 0.00543006 -0.00727502 0.00743258 0.0130669 0.0208242
internal_weight=0 1638 2041 1588 129 44 1184 1912 493 1419 303 1116 432 684 394 404 304 103 71
internal_count=3679 1638 2041 1588 129 44 1184 1912 493 1419 303 1116 432 684 394 404 304 103 71
is_linear=0
shrinkage=0.05


Tree=3
num_leaves=20
num_cat=0
split_feature=5 5 1 2 5 2 6 13 0 15 2 1 15 2 5 0 0 14 2
split_gain=13.5548 3.49449 3.18865 2.40636 2.34175 2.61524 2.09508 1.99986 2.27234 2.23829 4.96375 2.43283 2.91316 3.6934 2.30553 2.13397 3.33995 3.53014 2.05633
threshold=4.6650000000000009 2.5750000000000006 2.9180694901725197e-05 2.962741176234285e-05 5.1150000000000011 3.9471772375300702e-05 9.0000000000000089 1.0000000180025095e-35 0.0007214066849551274 2.8750000000000004 0.00020467053333761656 0.00044428057153355255 0.31500000000000006 8.4172270788191816e-05 9.4850000000000012 0.00013632089715384418 0.00010355877535675684 1.7250000000000003 0.00019292242589676791
decision_type=2 2 2 2 2 2 2 2 2 2 2 2 2 2 2 2 2 2 2
left_child=1 -1 4 -3 5 -2 -5 9 -9 11 -11 12 13 -4 15 16 17 -14 -15
right_child=2 3 7 6 -6 -7 -8 8 -10 10 -12 -13 14 18 -16 -17 -18 -19 -20
leaf_value=0.0098455836772918717 0.016881848871707916 -0.0069112733393760012 0.023975060052341887 -0.0029196390944994577 -0.0095182069171877472 -0.0074979281560941177 0.0068249389529228214 -0.00023128143694723538 0.012986648295606888 0.0046744800140631612 0.019783035487356323 -0.0041975494205337208 0.004640103630967193 0.00093329226554826259 0.012275705170833458 -0.0012090513908785154 0.012366841414145062 -0.0073032744415104395 0.012034818585272189
leaf_weight=50 22 404 36 1126 85 22 58 458 35 232 71 97 273 86 59 306 98 80 81
leaf_count=50 22 404 36 1126 85 22 58 458 35 232 71 97 273 86 59 306 98 80 81
internal_value=0 -0.00316944 0.00293721 -0.00357923 -0.00467133 0.00469196 -0.00244229 0.00345054 0.000707111 0.00440369 0.00821477 0.00336896 0.00408922 0.00944919 0.0027558 0.00201383 0.00420053 0.00193339 0.00631786
internal_weight=0 1638 2041 1588 129 44 1184 1912 493 1419 303 1116 1019 203 816 757 451 353 167
internal_count=3679 1638 2041 1588 129 44 1184 1912 493 1419 303 1116 1019 203 816 757 451 353 167
is_linear=0
shrinkage=0.05


Tree=4
num_leaves=20
num_cat=0
split_feature=3 1 14 1 3 2 15 1 21 10 3 2 0 10 3 1 2 21 3
split_gain=10.5861 4.85793 3.65155 2.58097 2.45841 3.46537 2.84451 2.73756 2.37575 4.18037 2.36501 2.16185 2.56914 2.51173 2.11206 2.20954 1.93328 1.9117 1.88999
threshold=1.4950000000000003 3.5848820148827845e-05 2.6950000000000007 1.5890422471908431e-05 1.8050000000000004 0.00020467053333761656 2.8750000000000004 0.00044428057153355255 -0.0013572927857946058 -5.000000000000048 2.0350000000000006 7.9109284232523684e-05 9.1828311390752677e-05 -1.0000000000000451 3.1250000000000004 0.00018005930357221881 0.00072509667545322032 -0.005259208405762216 1.9950000000000003
decision_type=2 2 2 2 2 2 2 2 2 2 2 2 2 2 2 2 2 2 2
left_child=2 -2 3 -1 8 14 7 18 11 -10 -8 17 -13 -14 15 -6 -12 -3 -7
right_child=1 4 -4 -5 5 6 10 -9 9 -11 16 12 13 -15 -16 -17 -18 -19 -20
leaf_value=-0.0086760538554674881 -0.0053970138523085362 0.0071038466691970828 0.018642925861335934 -0.0018263626193730292 5.7733339535725583e-05 -0.0018781802306572599 0.024623699833949408 -0.002826479586780581 0.016072724197731644 0.0017263594240245251 0.0016756656701150147 -0.00096961629801783065 0.00293150662698529 0.018500193220282356 0.013829368093739386 -0.0097267181520730682 0.018339503769363677 0.02449107624070589 0.0094848728605679104
leaf_weight=148 145 25 21 1943 308 48 30 117 61 303 46 58 44 63 23 71 28 43 154
leaf_count=148 145 25 21 1943 308 48 30 117 61 303 46 58 44 63 23 71 28 43 154
internal_value=0 0.00332119 -0.00210283 -0.00231118 0.00421018 0.00244167 0.00560075 0.00325962 0.0066541 0.00413056 0.0127817 0.0105965 0.00750461 0.0120981 -0.000882437 -0.00177524 0.0079809 0.0180987 0.00678474
internal_weight=0 1567 2112 2091 1422 825 423 319 597 364 104 233 165 107 402 379 74 68 202
internal_count=3679 1567 2112 2091 1422 825 423 319 597 364 104 233 165 107 402 379 74 68 202
is_linear=0
shrinkage=0.05


Tree=5
num_leaves=20
num_cat=0
split_feature=5 2 3 6 18 0 2 1 16 5 8 14 1 5 5 8 2 14 14
split_gain=13.8228 3.2647 2.91062 3.05114 2.14092 2.07909 2.1793 2.78429 2.24947 1.81521 1.7599 2.39395 2.07965 2.23674 2.04369 1.98874 1.88143 2.21866 1.91202
threshold=4.4850000000000012 3.8292919040235975e-05 0.56500000000000006 2.0000000000000244 0.085970422819072648 4.9933243268714761e-05 6.1265107268246698e-05 3.6186788857706319e-05 -3.1666666666666798 3.7850000000000006 -1.0000000180025095e-35 2.0450000000000004 0.00012382522305140774 6.1150000000000011 8.0250000000000004 1.0000000000000007 0.00019575577271879359 2.0250000000000004 2.2950000000000004
decision_type=2 2 2 2 2 2 2 2 2 2 2 2 2 2 2 2 2 2 2
left_child=2 -2 -1 -4 10 6 7 8 -5 -9 11 12 13 -3 -15 16 -12 -18 -19
right_child=1 4 3 5 -6 -7 -8 9 -10 -11 15 -13 -14 14 -16 -17 17 18 -20
leaf_value=0.01228057449233943 -0.0039929167526524248 0.0065447341613095221 -0.0048588248174278453 0.010870710251534858 -0.0016931276046792875 -0.0035339865558499462 -0.0067736493367137329 0.028091373362324458 -0.0054072880440137611 0.0072785144299268717 -0.00073246506208948087 0.0010643634646334112 0.0051199185458437498 0.021837569838937591 0.0051191854476928715 0.0050738088194804375 0.0014729044942752177 0.023522596118541864 0.0046927283917154589
leaf_weight=29 164 99 1193 41 191 149 33 22 44 20 482 187 302 68 25 491 115 26 28
leaf_count=29 164 99 1193 41 191 149 33 22 44 20 482 187 302 68 25 491 115 26 28
internal_value=0 0.00279084 -0.003409 -0.00371193 0.00334324 0.000716066 0.00467393 0.0076485 0.00244445 0.0181805 0.00387091 0.00588269 0.00770664 0.0117753 0.0173434 0.00267124 0.00085917 0.00539863 0.013759
internal_weight=0 2178 1531 1502 2014 309 160 127 85 42 1823 681 494 192 93 1142 651 169 54
internal_count=3709 2178 1531 1502 2014 309 160 127 85 42 1823 681 494 192 93 1142 651 169 54
is_linear=0
shrinkage=0.05


Tree=6
num_leaves=20
num_cat=0
split_feature=5 1 5 3 6 20 14 8 2 21 22 0 9 15 14 8 22 19 14
split_gain=12.4751 2.99777 2.67922 2.62683 2.75365 2.36954 2.30397 2.09604 2.17325 2.06732 1.92382 2.05112 1.87184 1.82532 2.06422 1.64582 1.63195 1.54691 2.21413
threshold=4.4850000000000012 2.9180694901725197e-05 4.8750000000000009 0.56500000000000006 2.0000000000000244 -0.0085432896767010363 2.3150000000000004 -1.0000000180025095e-35 3.0285766727076966e-05 0.0023935437021324062 -1.0000000180025095e-35 5.0636513768831082e-05 -3.1666666666666727 0.095000000000000015 0.085000000000000006 -1.0000000000000118 2.4164074063692812e-05 -1.0000000180025095e-35 2.5350000000000006
decision_type=2 2 2 2 2 2 2 2 2 2 2 2 2 2 2 2 2 2 2
left_child=3 2 6 -1 13 9 -2 17 -9 -3 -6 12 16 -5 -15 -11 -12 -7 -19
right_child=1 5 -4 4 10 7 -8 8 -10 15 11 -13 -14 14 -16 -17 -18 18 -20
leaf_value=0.011666546042623191 -0.0034629891258339549 -0.0067041503679421219 -0.010092660926637196 -0.0095148499873353234 -0.003798736940931391 0.0085576675464644255 0.016142715124980264 -0.011107225870263988 0.0027551560200328104 0.015534489195455204 0.027214829978488744 -0.00091096292580327689 0.002276961226016283 0.0030673319207770483 -0.0045616667361571888 -0.0004893365552869894 0.0072580248862504958 0.0048281612389447686 -0.010030587183104622
leaf_weight=29 43 108 84 164 135 304 23 29 1128 22 21 93 40 98 931 59 20 351 27
leaf_count=29 43 108 84 164 135 304 23 29 1128 22 21 93 40 98 931 59 20 351 27
internal_value=0 0.0026513 -0.0041694 -0.00323855 -0.00352633 0.00315579 0.0033693 0.0037037 0.0024077 -0.00217545 0.000680263 0.00415535 0.00997223 -0.00461588 -0.0038351 0.00386281 0.0174798 0.00590233 0.00376682
internal_weight=0 2178 150 1531 1502 2028 66 1839 1157 189 309 174 81 1193 1029 81 41 682 378
internal_count=3709 2178 150 1531 1502 2028 66 1839 1157 189 309 174 81 1193 1029 81 41 682 378
is_linear=0
shrinkage=0.05


Tree=7
num_leaves=20
num_cat=0
split_feature=5 1 5 3 6 0 20 8 2 21 0 13 15 14 8 18 15 2 2
split_gain=11.2588 2.70549 2.418 2.37072 2.48517 2.17664 2.13851 1.89167 1.96136 1.86576 1.75405 2.03985 1.64735 1.86296 1.5031 1.87531 1.81286 2.7595 3.62479
threshold=4.4850000000000012 2.9180694901725197e-05 4.8750000000000009 0.56500000000000006 2.0000000000000244 1.2490403289689989e-05 -0.0085432896767010363 -1.0000000180025095e-35 3.0285766727076966e-05 0.0023935437021324062 4.9933243268714761e-05 -3.0000000000000133 0.095000000000000015 0.085000000000000006 1.0000000000000007 0.079767564161433394 1.9950000000000003 0.00024943042255963006 0.00030214435714335646
decision_type=2 2 2 2 2 2 2 2 2 2 2 2 2 2 2 2 2 2 2
left_child=3 2 5 -1 12 -2 9 -8 -9 -3 11 -6 -5 -14 16 -16 -10 -18 -19
right_child=1 6 -4 4 10 -7 7 8 14 -11 -12 -13 13 -15 15 -17 17 18 -20
leaf_value=0.011083218506697952 -0.0084273968040943139 -0.0063689428140167844 -0.0095880278607919107 -0.0090391075920041013 0.017098258063197137 0.010291223155289162 0.0056072143209644782 -0.01055186437121753 -0.0024348383965874525 0.0036696730020605488 -0.0032574720980737036 0.0017947753140730644 0.0029139644105215462 -0.0043335835680477601 0.0055065607536683046 -0.0080585417372209048 0.00087489637073326701 0.028958306851841156 0.0052732980251312261
leaf_weight=29 25 108 84 164 26 41 682 29 237 81 149 134 98 931 452 27 321 21 70
leaf_count=29 25 108 84 164 26 41 682 29 237 81 149 134 98 931 452 27 321 21 70
internal_value=0 0.00251873 -0.00396093 -0.00307662 -0.00335001 0.00320084 0.002998 0.00351851 0.00228731 -0.00206668 0.00064625 0.00428159 -0.00438509 -0.00364334 0.0026174 0.00474193 0.00104937 0.00305363 0.0107391
internal_weight=0 2178 150 1531 1502 66 2028 1839 1157 189 309 160 1193 1029 1128 479 649 412 91
internal_count=3709 2178 150 1531 1502 66 2028 1839 1157 189 309 160 1193 1029 1128 479 649 412 91
is_linear=0
shrinkage=0.05


Tree=8
num_leaves=20
num_cat=0
split_feature=5 3 2 6 3 3 3 5 19 14 2 14 22 3 2 3 5 8 20
split_gain=10.1855 2.22667 2.80265 2.21646 2.08707 3.71196 3.52898 3.47784 3.41894 2.70274 2.74508 2.53983 2.0834 2.04893 3.87482 3.61153 3.10294 2.02166 1.78099
threshold=4.3550000000000013 0.57500000000000007 8.4172270788191816e-05 2.0000000000000244 3.3150000000000004 2.5250000000000004 5.9650000000000007 6.8150000000000004 -0.0064185968560092612 2.5850000000000004 7.9109284232523684e-05 1.4825000000000002 1.2079410042109552e-05 1.9950000000000003 5.0440644423626269e-05 1.7950000000000002 6.0550000000000006 -1.0000000180025095e-35 -0.0085432896767010363
decision_type=2 2 2 2 2 2 2 2 2 2 2 2 2 2 2 2 2 2 2
left_child=1 2 -1 -3 5 7 -6 13 -9 10 -10 -7 -12 15 -15 18 -16 -18 -2
right_child=4 3 -4 -5 6 11 -8 8 9 -11 12 -13 -14 14 16 -17 17 -19 -20
leaf_value=0.017926764621266297 -0.0050051550343632699 -0.0044495470206489789 -0.0024953015680824007 0.00054297090814001733 0.013051340277447846 0.0052751100808382037 -0.0065240893512964254 -0.0048070394354207176 0.02345557287335396 -0.010677469202450343 0.0041937973155500062 -0.009385402757773359 0.010726701882966046 -0.009356514364480973 0.028870088607072832 -0.0080648348932819709 0.018575312445561092 0.00021927844732999802 0.0019919549126133501
leaf_weight=28 100 1126 42 277 99 40 30 70 26 21 306 113 203 26 22 112 24 40 1004
leaf_count=28 100 1126 42 277 99 40 30 70 26 21 306 113 203 26 22 112 24 40 1004
internal_value=0 -0.00302963 0.00567352 -0.00346385 0.00232529 0.00194732 0.00849891 0.00253457 0.00560695 0.00691806 0.00760872 -0.00555259 0.00679926 0.00108629 0.0075576 0.000490251 0.0126712 0.00710279 0.00135816
internal_weight=0 1473 70 1403 2236 2107 129 1954 626 556 535 153 509 1328 112 1216 86 64 1104
internal_count=3709 1473 70 1403 2236 2107 129 1954 626 556 535 153 509 1328 112 1216 86 64 1104
is_linear=0
shrinkage=0.05


Tree=9
num_leaves=20
num_cat=0
split_feature=5 3 2 6 3 3 3 5 14 6 5 4 8 21 3 2 3 5 11
split_gain=9.19245 2.00957 2.52939 2.00035 1.88358 3.35004 3.20627 3.13875 2.4972 2.52579 2.39006 2.32116 2.16196 2.06646 1.84916 3.49702 3.25941 2.8004 2.34406
threshold=4.3550000000000013 0.57500000000000007 8.4172270788191816e-05 2.0000000000000244 3.3150000000000004 2.5250000000000004 5.9200000000000008 6.8150000000000004 2.5850000000000004 8.2500000000000036 7.7650000000000006 0.50000000000000611 1.5000000000000071 -0.0033869491092748945 1.9950000000000003 5.0440644423626269e-05 1.7950000000000002 6.0550000000000006 5.2500000000000222
decision_type=2 2 2 2 2 2 2 2 2 2 2 2 2 2 2 2 2 2 2
left_child=1 2 -1 -3 5 7 -6 14 9 12 11 -7 -9 -11 16 -16 18 -17 -2
right_child=4 3 -4 -5 6 10 -8 8 -10 13 -12 -13 -14 -15 15 17 -18 -19 -20
leaf_value=0.017030426380889759 0.00048944927865478597 -0.0042270696673998827 -0.0023705364870173591 0.00051582242607640016 0.01288396920612518 -0.0054730265304960054 -0.0048443171807697845 0.0091463478068814028 -0.010489585964630049 -0.014287894154372422 -0.009629028999400371 0.016354236290568397 0.00097675972855558587 0.0026271171956544835 -0.0088886885688855104 0.027426583929495381 -0.0076615930268807073 0.0067476514959707856 0.007918733527429965
leaf_weight=28 985 1126 42 277 94 29 35 393 24 23 103 21 102 84 26 22 112 64 119
leaf_count=28 985 1126 42 277 94 29 35 393 24 23 103 21 102 84 26 22 112 64 119
internal_value=0 -0.00287815 0.00538985 -0.00329066 0.00220903 0.00184995 0.00807397 0.00240784 0.0053266 0.00595714 -0.00527496 0.00369442 0.00746292 -0.00100882 0.00103198 0.00717972 0.000465739 0.0120376 0.00129025
internal_weight=0 1473 70 1403 2236 2107 129 1954 626 602 153 50 495 107 1328 112 1216 86 1104
internal_count=3709 1473 70 1403 2236 2107 129 1954 626 602 153 50 495 107 1328 112 1216 86 1104
is_linear=0
shrinkage=0.05


end of trees

feature_importances:
f_2=30
f_5=28
f_3=24
f_1=16
f_14=15
f_0=11
f_8=11
f_6=9
f_15=8
f_21=8
f_20=7
f_10=4
f_18=4
f_13=3
f_22=3
f_16=2
f_17=2
f_19=2
f_4=1
f_9=1
f_11=1

parameters:
[boosting: gbdt]
[objective: regression]
[metric: binary_logloss]
[tree_learner: serial]
[device_type: cpu]
[data: ]
[valid: ]
[num_iterations: 10]
[learning_rate: 0.05]
[num_leaves: 20]
[num_threads: 0]
[deterministic: 0]
[force_col_wise: 0]
[force_row_wise: 0]
[histogram_pool_size: -1]
[max_depth: -1]
[min_data_in_leaf: 20]
[min_sum_hessian_in_leaf: 0.001]
[bagging_fraction: 0.7]
[pos_bagging_fraction: 1]
[neg_bagging_fraction: 1]
[bagging_freq: 5]
[bagging_seed: 3]
[feature_fraction: 0.9]
[feature_fraction_bynode: 1]
[feature_fraction_seed: 2]
[extra_trees: 0]
[extra_seed: 6]
[early_stopping_round: 0]
[first_metric_only: 0]
[max_delta_step: 0]
[lambda_l1: 0]
[lambda_l2: 0]
[linear_lambda: 0]
[min_gain_to_split: 0]
[drop_rate: 0.1]
[max_drop: 50]
[skip_drop: 0.5]
[xgboost_dart_mode: 0]
[uniform_drop: 0]
[drop_seed: 4]
[top_rate: 0.2]
[other_rate: 0.1]
[min_data_per_group: 100]
[max_cat_threshold: 32]
[cat_l2: 10]
[cat_smooth: 10]
[max_cat_to_onehot: 4]
[top_k: 20]
[monotone_constraints: ]
[monotone_constraints_method: basic]
[monotone_penalty: 0]
[feature_contri: ]
[forcedsplits_filename: ]
[refit_decay_rate: 0.9]
[cegb_tradeoff: 1]
[cegb_penalty_split: 0]
[cegb_penalty_feature_lazy: ]
[cegb_penalty_feature_coupled: ]
[path_smooth: 0]
[interaction_constraints: ]
[verbosity: 0]
[saved_feature_importance_type: 0]
[linear_tree: 0]
[max_bin: 255]
[max_bin_by_feature: ]
[min_data_in_bin: 3]
[bin_construct_sample_cnt: 200000]
[data_random_seed: 1]
[is_enable_sparse: 1]
[enable_bundle: 1]
[use_missing: 1]
[zero_as_missing: 0]
[feature_pre_filter: 1]
[pre_partition: 0]
[two_round: 0]
[header: 0]
[label_column: ]
[weight_column: ]
[group_column: ]
[ignore_column: ]
[categorical_feature: ]
[forcedbins_filename: ]
[precise_float_parser: 0]
[objective_seed: 5]
[num_class: 1]
[is_unbalance: 0]
[scale_pos_weight: 1]
[sigmoid: 1]
[boost_from_average: 1]
[reg_sqrt: 0]
[alpha: 0.9]
[fair_c: 1]
[poisson_max_delta_step: 0.7]
[tweedie_variance_power: 1.5]
[lambdarank_truncation_level: 30]
[lambdarank_norm: 1]
[label_gain: ]
[eval_at: ]
[multi_error_top_k: 1]
[auc_mu_weights: ]
[num_machines: 1]
[local_listen_port: 12400]
[time_out: 120]
[machine_list_filename: ]
[machines: ]
[gpu_platform_id: -1]
[gpu_device_id: -1]
[gpu_use_dp: 0]
[num_gpu: 1]

end of parameters

pandas_categorical:[]
