tree
version=v3
num_class=1
num_tree_per_iteration=1
label_index=0
max_feature_idx=22
objective=regression
feature_names=f_0 f_1 f_2 f_3 f_4 f_5 f_6 f_7 f_8 f_9 f_10 f_11 f_12 f_13 f_14 f_15 f_16 f_17 f_18 f_19 f_20 f_21 f_22
feature_infos=[3.5138360446667107e-07:0.0066553821535006137] [2.5600331918768856e-06:0.0039732576088439284] [9.2225614268401974e-06:0.0029579505118275174] [0.53000000000000003:6.5599999999999996] [-33.000000000000007:46] [2.4100000000000001:21.82] [-101.00000000000016:144.99999999999994] [-0.15710919088766695:0.17837578087457961] [-81:74] [-46:33.999999999999986] [-51.000000000000021:33.999999999999986] [-33.000000000000007:27.999999999999979] [-41:96.000000000000014] [-36.000000000000007:32.999999999999986] [-0.52000000000000002:2.9100000000000001] [-0.94999999999999996:3.8500000000000001] [-52:73.999999999999972] [-28.000000000000004:24.000000000000004] [-0.29572649572649579:0.64215246636771273] [-0.02958455728073861:0.047292143401983289] [-0.054746473503621829:0.033993115318416534] [-0.039377561323276189:0.045346674363414774] [-0.019984292877423981:0.018327052533256172]
tree_sizes=1827 1877 1861 1891 1869 1895 1875 1859 1880 1870 1882 1874 1903 1887 1887 1899 1904 1891 1906 1897 1921

Tree=0
num_leaves=20
num_cat=0
split_feature=3 14 1 3 1 14 2 2 15 15 3 3 15 14 15 9 21 4 1
split_gain=17.5319 9.15197 15.8013 5.57491 4.41935 4.07394 6.51242 3.88797 3.41343 2.8455 2.42477 4.43825 3.14084 2.47285 2.9562 2.02355 2.09763 2.37144 2.24446
threshold=1.4750000000000003 1.2350000000000001 0.00017790295829568948 0.56500000000000006 3.3375676931697394e-05 -0.12499999999999999 0.00014958479746790502 7.7690597854830742e-05 1.5850000000000002 3.5750000000000006 0.77500000000000013 0.87500000000000011 0.40500000000000008 0.065000000000000016 0.27500000000000008 -14.000000000000034 -0.0070749948289517963 -0.99999999999998412 4.441499461565424e-05
decision_type=2 2 2 2 2 2 2 2 2 2 2 2 2 2 2 2 2 2 2
left_child=3 2 5 -1 -3 7 -7 -2 -6 15 -5 12 -12 -13 -15 -10 -17 -18 -19
right_child=1 4 -4 10 8 6 -8 -9 9 -11 11 13 -14 14 -16 16 17 18 -20
leaf_value=0.23104284764003671 0.2409178477871857 0.20648927584558857 0.21099477041822018 0.20726567337268575 0.20616460051607521 0.24617627483183449 0.22097340304554586 0.21720356171952959 0.23117871720727873 0.2289595142756593 0.23264757739367881 0.20567208455011848 0.2147234029524136 0.22015922678820296 0.21054836942299862 0.20952162090425111 0.21345243857288776 0.23054942658005259 0.2179972125250067
leaf_weight=32 25 126 130 575 77 89 36 56 23 48 37 236 72 87 996 106 318 38 567
leaf_count=32 25 126 130 575 77 89 36 56 23 48 37 236 72 87 996 106 318 38 567
internal_value=0.213598 0.217286 0.224644 0.210338 0.215389 0.233258 0.238918 0.224523 0.216342 0.217054 0.210007 0.211111 0.220808 0.21031 0.21132 0.216511 0.216183 0.216948 0.218786
internal_weight=0 1639 336 2035 1303 206 125 81 1177 1100 2003 1428 109 1319 1083 1052 1029 923 605
internal_count=3674 1639 336 2035 1303 206 125 81 1177 1100 2003 1428 109 1319 1083 1052 1029 923 605
is_linear=0
shrinkage=1


Tree=1
num_leaves=20
num_cat=0
split_feature=3 14 1 3 5 1 2 21 3 5 14 1 14 22 14 14 2 5 3
split_gain=15.8226 8.25966 14.2607 5.03135 4.6932 3.98846 3.74726 2.47773 2.40392 3.90876 4.32379 2.7068 2.58688 2.41132 2.31369 3.38661 2.19017 2.26477 2.18835
threshold=1.4750000000000003 1.2350000000000001 0.00017790295829568948 0.56500000000000006 6.4650000000000007 3.3375676931697394e-05 0.00014958479746790502 0.012194516221375908 1.8250000000000004 5.455000000000001 2.6450000000000005 4.6157096955091056e-05 2.5250000000000004 0.00068524299441086189 2.5150000000000001 2.6250000000000004 7.7690597854830742e-05 6.0250000000000012 0.77500000000000013
decision_type=2 2 2 2 2 2 2 2 2 2 2 2 2 2 2 2 2 2 2
left_child=3 2 4 -1 16 -3 -6 8 9 14 11 -11 -10 -13 -7 -16 -2 -18 -5
right_child=1 5 -4 18 6 7 -8 -9 12 10 -12 13 -14 -15 15 -17 17 -19 -20
leaf_value=0.016572857229039072 0.024246037480506032 -0.006753035368663925 -0.0024728153015558538 -0.0060154576664385589 0.030745414232506475 -0.0062444186702217026 0.0093635869798836882 0.016555144661857236 0.0014341512923917899 0.023961178846657279 0.025886714314260789 0.0065247574844692338 -0.0082989172598758303 -0.0089908020038689893 0.022365108948378339 -0.0033200780099088495 0.015088013228442936 -0.0026475642704301412 -0.0023622788765392051
leaf_weight=32 22 126 130 575 85 97 27 31 602 20 31 237 77 28 21 33 36 36 1428
leaf_count=32 22 126 130 575 85 97 27 31 602 20 31 237 77 28 21 33 36 36 1428
internal_value=0 0.0035042 0.010494 -0.00309675 0.0186769 0.00170177 0.0255909 0.00260687 0.00222956 0.00499086 0.00815296 0.00622403 0.000330401 0.00488538 -0.00162652 0.00666861 0.010439 0.00622022 -0.00341099
internal_weight=0 1639 336 2035 206 1303 112 1177 1146 467 316 285 679 265 151 54 94 72 2003
internal_count=3674 1639 336 2035 206 1303 112 1177 1146 467 316 285 679 265 151 54 94 72 2003
is_linear=0
shrinkage=0.05


Tree=2
num_leaves=20
num_cat=0
split_feature=3 14 2 14 3 2 15 15 0 1 3 15 14 3 3 15 3 1 9
split_gain=14.2799 7.45434 12.9154 5.08691 4.5408 4.41359 3.67752 3.39813 2.84734 3.82336 2.5532 6.09747 3.0662 3.20895 4.50257 3.65915 4.47461 2.49169 2.33
threshold=1.4750000000000003 1.2350000000000001 0.00015136415005260825 0.28500000000000009 0.56500000000000006 7.7690597854830742e-05 2.0050000000000003 0.29500000000000004 4.3047777060788656e-05 4.2941297112651987e-05 1.8050000000000004 3.3950000000000005 1.8650000000000004 3.0750000000000006 5.5500000000000007 2.2550000000000003 2.5050000000000003 0.00015115631165496131 -5.0000000000000151
decision_type=2 2 2 2 2 2 2 2 2 2 2 2 2 2 2 2 2 2 2
left_child=4 2 3 5 -1 -2 18 -4 -8 -10 11 -11 13 15 -15 16 -12 -5 -3
right_child=1 6 7 17 -6 -7 8 -9 9 10 12 -13 -14 14 -16 -17 -18 -19 -20
leaf_value=0.015744214924052358 0.024624816775321964 0.0099435946550862561 0.0077695940563708189 0.030796478495553687 -0.0032404448433453244 -0.0027221783167786073 -0.0021567994939549915 -0.0063468068589766823 0.023214624134393839 0.0044797473559969837 0.027090831130743027 0.025812599919736386 -0.00044750254882040932 0.034605378949123883 0.0036468966243167721 -0.0075198745561970608 -0.002824413359165192 0.012148689834967905 -0.0050284484684467315
leaf_weight=32 25 29 81 81 2003 36 212 90 26 206 25 40 398 23 24 45 25 23 250
leaf_count=32 25 29 81 81 2003 36 212 90 26 206 25 40 398 23 24 45 25 23 250
internal_value=0 0.00332899 0.00996929 0.0199488 -0.00294191 0.00848561 0.00161668 0.000339909 0.0030032 0.0043504 0.00372639 0.0079485 0.00180298 0.00811067 0.0187968 0.00282385 0.0121332 0.0266724 -0.00347221
internal_weight=0 1639 336 165 2035 61 1303 171 1024 812 786 246 540 142 47 95 50 104 279
internal_count=3674 1639 336 165 2035 61 1303 171 1024 812 786 246 540 142 47 95 50 104 279
is_linear=0
shrinkage=0.05


Tree=3
num_leaves=20
num_cat=0
split_feature=3 14 1 3 5 1 2 15 3 2 15 16 0 5 3 3 15 0 14
split_gain=12.8876 6.72754 11.9906 4.09807 3.91786 3.45104 2.99344 2.9347 5.25517 4.39562 2.38614 2.23024 1.97918 2.00447 1.97499 4.00552 2.83461 2.30251 2.25712
threshold=1.4750000000000003 1.2350000000000001 0.00017790295829568948 0.56500000000000006 6.4650000000000007 3.3375676931697394e-05 0.00014958479746790502 3.3950000000000005 1.8250000000000004 0.00020830715934152101 1.5850000000000002 -0.83333333333331916 9.289772172340523e-05 6.1850000000000014 0.77500000000000013 0.87500000000000011 0.40500000000000008 7.0779840306182596e-05 0.13500000000000004
decision_type=2 2 2 2 2 2 2 2 2 2 2 2 2 2 2 2 2 2 2
left_child=3 2 4 -1 12 -3 -6 10 -9 -10 -7 -12 13 -2 -5 16 -16 18 -17
right_child=1 5 -4 14 6 7 -8 8 9 -11 11 -13 -14 -15 15 17 -18 -19 -20
leaf_value=0.014957004133611918 0.02427052875359853 -0.0063287427678467741 -0.0024191829562187194 -0.0055526626822741138 0.027898302498985741 -0.0070385200539966677 0.008787771976656384 0.019906770426129539 -0.0071641680310692707 0.016746560920929087 0.0045468008795449899 -0.00029594741886380331 0.00083165986415667406 0.005100589275360108 0.018377486314322497 -0.0088772633488144355 0.001349521583567063 -2.6370704365082279e-05 -0.0029140437208116056
leaf_weight=32 30 126 130 575 85 77 27 63 57 29 473 478 39 25 37 211 72 468 640
leaf_count=32 30 126 130 575 85 77 27 63 57 29 473 478 39 25 37 211 72 468 640
internal_value=0 0.00316254 0.00947082 -0.00279482 0.0169742 0.00153584 0.0232913 0.00237776 0.0089357 0.000898752 0.00142725 0.0021127 0.0094475 0.0155569 -0.00307842 -0.00208214 0.00712966 -0.00284339 -0.00439259
internal_weight=0 1639 336 2035 206 1303 112 1177 149 86 1028 951 94 55 2003 1428 109 1319 851
internal_count=3674 1639 336 2035 206 1303 112 1177 149 86 1028 951 94 55 2003 1428 109 1319 851
is_linear=0
shrinkage=0.05


Tree=4
num_leaves=20
num_cat=0
split_feature=3 14 1 3 15 14 2 2 0 1 3 15 14 3 3 15 3 9 18
split_gain=11.631 6.07161 10.8215 3.69851 3.11533 2.88795 4.43654 2.82451 2.43773 3.46626 2.18603 5.0344 2.78025 2.89467 4.05945 3.28281 4.03558 2.08344 2.03724
threshold=1.4750000000000003 1.2350000000000001 0.00017790295829568948 0.56500000000000006 2.0050000000000003 -0.12499999999999999 0.00014958479746790502 7.7690597854830742e-05 4.3047777060788656e-05 4.2941297112651987e-05 1.8050000000000004 3.3950000000000005 1.8650000000000004 3.0750000000000006 5.5500000000000007 2.2550000000000003 2.5050000000000003 -5.0000000000000151 -0.016547054188420781
decision_type=2 2 2 2 2 2 2 2 2 2 2 2 2 2 2 2 2 2 2
left_child=3 2 5 -1 17 7 -7 -2 -6 -10 11 18 13 15 -15 16 -12 -3 -11
right_child=1 4 -4 -5 8 6 -8 -9 9 10 12 -13 -14 14 -16 -17 -18 -19 -20
leaf_value=0.014209154248237611 0.022745263695716861 0.00946139729228513 -0.00229822392647083 -0.0029245015306289474 -0.0020392371868749835 0.026882043095786918 0.0060802519942323371 0.0025327467758740701 0.021943430573894428 -0.0017900993455858792 0.025615489333868025 0.023526631481945517 -0.00053514411775910074 0.032774102817411013 0.0033784584763149419 -0.0072044151359134251 -0.0027943067252635956 -0.0046963367670774464 0.0083099200767426454
leaf_weight=32 25 29 130 2003 212 89 36 56 26 85 25 40 398 23 24 45 25 250 121
leaf_count=32 25 29 130 2003 212 89 36 56 26 85 25 40 398 23 24 45 25 250 121
internal_value=0 0.00300441 0.00899728 -0.00265508 0.00145905 0.0161255 0.0208911 0.00877118 0.0027352 0.00398173 0.00338758 0.00729434 0.00160783 0.00761421 0.0177636 0.00259296 0.0114106 -0.00322474 0.00414244
internal_weight=0 1639 336 2035 1303 206 125 81 1024 812 786 246 540 142 47 95 50 279 206
internal_count=3674 1639 336 2035 1303 206 125 81 1024 812 786 246 540 142 47 95 50 279 206
is_linear=0
shrinkage=0.05


Tree=5
num_leaves=20
num_cat=0
split_feature=5 3 3 3 3 3 14 14 2 14 3 2 1 1 12 3 5 3 5
split_gain=12.2372 3.22484 3.11653 5.6777 2.20147 5.33714 5.10222 2.16521 2.76475 3.62873 2.37535 3.64377 2.14114 2.29269 2.35305 2.11336 5.73858 3.89828 2.2358
threshold=5.455000000000001 0.56500000000000006 1.4750000000000003 1.5250000000000001 0.77500000000000013 0.87500000000000011 0.17500000000000002 0.15500000000000003 4.5721687752241264e-05 1.1850000000000003 1.1150000000000004 0.0001684772510104819 3.1572143179952969e-05 4.5536352187842162e-05 1.0000000000000122 3.0750000000000006 10.255000000000001 2.5150000000000001 17.175000000000004
decision_type=2 2 2 2 2 2 2 2 2 2 2 2 2 2 2 2 2 2 2
left_child=1 -1 -2 -4 -3 6 -6 -7 -9 10 -10 -12 -5 14 -14 17 -17 -15 -18
right_child=2 4 3 12 5 7 -8 8 9 -11 11 -13 13 15 -16 16 18 -19 -20
leaf_value=0.015373696684837341 -0.0037542642280459409 -0.0052749495922016498 0.022637116853147746 -0.0062326752339248309 0.022565355684076038 -0.0061143125410263359 0.00063673694514566003 0.0017641830559513997 -0.0044356595865398087 -0.0061299325294188554 0.010205122035577758 -0.0068420161408456887 0.018792512541522786 0.0037944396822434719 -0.00059356621426084769 0.033911089226603512 0.0091216923923868876 -0.0052359838881631841 -0.0056612857324736462
leaf_weight=25 140 595 40 54 42 325 72 414 106 444 109 44 49 936 23 20 95 137 35
leaf_count=25 140 595 40 54 42 325 72 414 106 444 109 44 49 936 23 20 95 137 35
internal_value=0 -0.0024807 0.00335605 0.00407272 -0.00268821 -0.00169907 0.0087157 -0.00252243 -0.00147734 -0.00338629 0.0013171 0.00530268 0.00352225 0.00392902 0.0125997 0.00341856 0.00897758 0.00264144 0.00514166
internal_weight=0 2176 1529 1389 2151 1556 114 1442 1117 703 259 153 1349 1295 72 1223 150 1073 130
internal_count=3705 2176 1529 1389 2151 1556 114 1442 1117 703 259 153 1349 1295 72 1223 150 1073 130
is_linear=0
shrinkage=0.05


Tree=6
num_leaves=20
num_cat=0
split_feature=5 14 15 2 3 3 5 1 2 15 14 15 15 5 7 5 3 0 19
split_gain=11.044 2.95199 3.51832 3.95099 4.52745 2.91042 2.12142 2.10764 1.91585 3.67788 3.51345 2.92092 3.17677 3.32508 3.63699 2.47709 5.41496 2.08546 1.92197
threshold=5.455000000000001 2.0850000000000004 2.9150000000000005 0.00017290198797944545 1.6850000000000003 0.56500000000000006 7.3350000000000009 1.7425509335274633e-05 4.5721687752241264e-05 2.3950000000000005 2.0450000000000004 1.2450000000000003 0.89500000000000013 4.7350000000000012 -0.014038836982540269 2.9850000000000008 0.87500000000000011 9.4141757126371505e-05 -0.00099750744475285403
decision_type=2 2 2 2 2 2 2 2 2 2 2 2 2 2 2 2 2 2 2
left_child=5 2 -2 4 -4 -1 -6 -7 9 15 18 12 -10 14 -14 16 -9 -15 -11
right_child=1 -3 3 -5 6 7 -8 8 11 10 -12 -13 13 17 -16 -17 -18 -19 -20
leaf_value=0.014605011343955993 0.00353656403253233 -0.00019239485592043872 0.027185079703728361 0.025595964644199765 0.010850963957848089 -0.0072024781444029176 -0.0063077069645704233 0.017274260877267175 -0.0031474539268485924 0.026467131078243257 0.001847143528553156 -0.0058405268236423622 0.01796446703374386 0.02505862433463335 -0.0059042913627020931 -0.003670351113314214 -0.0078797914460301405 0.0070687195324167914 0.0072419150517537044
leaf_weight=25 941 454 21 39 31 219 43 46 432 26 156 574 20 24 79 460 40 49 26
leaf_count=25 941 454 21 39 31 219 43 46 432 26 156 574 20 24 79 460 40 49 26
internal_value=0 0.00318825 0.00461599 0.0121961 0.00669511 -0.00235666 0.000880385 -0.0025538 -0.00202686 -5.88164e-05 0.00559899 -0.00328653 -0.000859397 0.00488735 -0.00108232 -0.00221417 0.0055747 0.0129832 0.0168545
internal_weight=0 1529 1075 134 95 2176 74 2151 1932 754 208 1178 604 172 99 546 86 73 52
internal_count=3705 1529 1075 134 95 2176 74 2151 1932 754 208 1178 604 172 99 546 86 73 52
is_linear=0
shrinkage=0.05


Tree=7
num_leaves=20
num_cat=0
split_feature=3 14 2 15 15 5 3 0 15 14 17 18 2 2 13 1 1 5 5
split_gain=10.0859 2.72005 6.7974 3.65122 3.2949 3.26008 2.67995 2.42657 2.84964 2.89639 2.26045 1.84899 1.8337 3.36709 1.72134 1.75216 2.19173 2.89912 3.68128
threshold=1.4750000000000003 1.2350000000000001 0.00014574380346415658 0.42500000000000004 1.5650000000000002 6.4650000000000007 0.56500000000000006 4.1751120549522059e-05 3.3450000000000002 1.925 0.49999999999999217 -0.034003390731269172 9.5956451631978981e-05 0.00022262610528635103 -8.4999999999999947 0.00048392163639903368 0.00022998420802415481 8.4550000000000018 9.9250000000000025
decision_type=2 2 2 2 2 2 2 2 2 2 2 2 2 2 2 2 2 2 2
left_child=6 2 5 11 -3 10 -1 -6 14 -10 -2 -4 -11 -14 -9 16 -16 -18 -19
right_child=1 4 3 -5 7 -7 -8 8 9 12 -12 -13 13 -15 15 -17 17 18 -20
leaf_value=0.01387476146221161 -0.0027031272409423707 -0.0081073688295407176 0.018070882393254172 -0.0075412899828874143 -0.0020004010801452669 0.022293704846187645 -0.0025960398386678765 0.01535887524485588 0.023202531505376101 0.015275758581283766 0.016391085112287151 0.0027567146677676948 -0.003439726238138974 0.020063735432922843 0.0013589837450847448 -0.0037139424825446648 0.0019655455283972682 0.025541434139013292 0.0042212903863046228
leaf_weight=25 31 78 27 78 243 76 2035 25 32 39 31 73 64 20 535 114 98 40 41
leaf_count=25 31 78 27 78 243 76 2035 25 32 39 31 73 64 20 535 114 98 40 41
internal_value=0 0.00285439 0.00702399 0.000567041 0.00186297 0.0153525 -0.00239615 0.00248462 0.00356583 0.00980237 0.00684398 0.00689154 0.00631615 0.00215634 0.00243258 0.0020423 0.00296136 0.00775058 0.0147498
internal_weight=0 1645 316 178 1329 138 2060 1251 1008 155 62 100 123 84 853 828 714 179 81
internal_count=3705 1645 316 178 1329 138 2060 1251 1008 155 62 100 123 84 853 828 714 179 81
is_linear=0
shrinkage=0.05


Tree=8
num_leaves=20
num_cat=0
split_feature=3 5 3 0 3 1 2 2 3 5 3 15 17 14 5 1 14 2 18
split_gain=9.10249 2.4732 6.64983 2.53035 2.41865 2.08471 1.77445 3.61732 1.85917 5.012 3.4216 2.2203 1.82387 1.82156 3.00717 3.86122 2.34482 2.37397 2.19447
threshold=1.4750000000000003 5.3750000000000009 1.5250000000000001 7.6226069235152332e-05 0.56500000000000006 3.1572143179952969e-05 4.5374289594357388e-05 4.1121681175059482e-05 3.0750000000000006 10.255000000000001 2.5150000000000001 3.4650000000000003 6.9999999999999973 2.0850000000000004 6.3650000000000011 0.00048392163639903368 1.5550000000000004 0.00035859330516261337 0.10904503169366965
decision_type=2 2 2 2 2 2 2 2 2 2 2 2 2 2 2 2 2 2 2
left_child=4 -2 3 -3 -1 -4 7 -7 10 -10 12 -11 13 14 16 18 17 -8 -16
right_child=1 2 5 -5 -6 6 8 -9 9 11 -12 -13 -14 -15 15 -17 -18 -19 -20
leaf_value=0.013181023001670839 -0.002109261790867976 0.03247573865720859 -0.006250197390715282 0.0088199509307742129 -0.0024662378942937172 -0.00022290370737512908 -0.0046601587585334125 0.028192526527813507 0.031461535580456258 0.001625818600533185 -0.0051696687501712442 0.019052903286435389 -0.0065643628935019172 0.00025236397032880604 0.0093292895534770378 -0.009456506394781173 0.012554763017162199 0.013715806826949121 -0.0072358137794903341
leaf_weight=25 229 26 60 20 2035 24 145 21 20 108 137 22 45 267 417 32 31 20 21
leaf_count=25 229 26 60 20 2035 24 145 21 20 108 137 22 45 267 417 32 31 20 21
internal_value=0 0.00271167 0.00349133 0.0221906 -0.00227634 0.00286347 0.00328089 0.0130376 0.00293381 0.00815989 0.00223075 0.00457502 0.00326741 0.00374161 0.00514046 0.00731011 -6.2292e-05 -0.00243277 0.00853507
internal_weight=0 1645 1416 46 2060 1370 1310 45 1265 150 1115 130 978 933 666 470 196 165 438
internal_count=3705 1645 1416 46 2060 1370 1310 45 1265 150 1115 130 978 933 666 470 196 165 438
is_linear=0
shrinkage=0.05


Tree=9
num_leaves=20
num_cat=0
split_feature=3 14 2 15 15 5 3 1 22 15 14 15 2 3 2 3 14 3 3
split_gain=8.215 2.35546 6.04955 3.14371 2.93558 2.7326 2.18284 2.14514 2.10546 2.09557 2.12064 2.91727 3.42747 4.08047 1.8451 3.2518 4.25972 2.56103 2.9901
threshold=1.4750000000000003 1.2350000000000001 0.00014574380346415658 0.42500000000000004 1.5650000000000002 6.4650000000000007 0.56500000000000006 2.525082193316461e-05 -2.4159403746726312e-05 3.6350000000000002 2.0850000000000004 2.9150000000000005 0.00017290198797944545 1.6850000000000003 0.00072509667545322032 3.0750000000000006 1.8950000000000002 2.7750000000000004 2.1750000000000003
decision_type=2 2 2 2 2 2 2 2 2 2 2 2 2 2 2 2 2 2 2
left_child=6 2 5 -4 -3 8 -1 -6 -2 10 11 14 13 -13 15 17 -17 18 -9
right_child=1 4 3 -5 7 -7 -8 9 -10 -11 -12 12 -14 -15 -16 16 -18 -19 -20
leaf_value=0.012521972060203551 0.018117374802629153 -0.0077575049339196622 0.0062333129644393925 -0.0071589565143371243 -0.0066038532898976257 0.02066811164350886 -0.0023429259039113798 -3.6931018868502039e-05 -0.00079917121482522878 0.016241180550839222 -0.00024706747659429193 0.025091399039540975 0.023243318689175143 0.00011893711178689391 -0.0076571252287887942 0.025022581695682472 -0.0037572622299194337 -0.01027214295971088 0.0086348745685357314
leaf_weight=25 24 78 100 78 65 76 2035 274 38 28 458 21 39 74 41 36 20 39 156
leaf_count=25 24 78 100 78 65 76 2035 274 38 28 458 21 39 74 41 36 20 39 156
internal_value=0 0.00257609 0.0064562 0.00036479 0.0016535 0.0143132 -0.00216253 0.00224028 0.00652336 0.00272499 0.00239817 0.00412892 0.0107628 0.00563917 0.00255836 0.00335614 0.0147441 0.00199639 0.00310912
internal_weight=0 1645 316 178 1329 138 2060 1251 62 1186 1158 700 134 95 566 525 56 469 430
internal_count=3705 1645 316 178 1329 138 2060 1251 62 1186 1158 700 134 95 566 525 56 469 430
is_linear=0
shrinkage=0.05


Tree=10
num_leaves=20
num_cat=0
split_feature=3 14 1 3 3 15 15 2 3 0 3 15 18 1 14 15 9 20 21
split_gain=6.35958 4.22305 8.47666 2.6359 4.01382 2.51713 2.08436 1.88744 1.87281 1.76783 3.33651 4.20658 2.06007 2.05482 1.97102 1.95358 1.68277 1.63394 1.60011
threshold=1.4750000000000003 1.2350000000000001 0.00017790295829568948 1.7150000000000001 1.5750000000000004 2.0050000000000003 2.0850000000000004 9.3342545527556127e-05 0.56500000000000006 4.3047777060788656e-05 1.8250000000000004 3.3950000000000005 -0.016547054188420781 0.0001718158101154786 2.5250000000000004 3.3050000000000002 -5.0000000000000151 -0.0013551395511181561 0.00054895606587190848
decision_type=2 2 2 2 2 2 2 2 2 2 2 2 2 2 2 2 2 2 2
left_child=8 2 3 4 -2 16 -7 -6 -1 -8 11 12 -11 -14 15 18 -3 -17 -12
right_child=1 5 -4 -5 7 6 9 -9 -10 10 14 -13 13 -15 -16 17 -18 -19 -20
leaf_value=0.010020872950553894 0.01898281297513417 0.008107466070816435 -0.0027938748093751763 0.020610183496028184 0.0087772138416767117 0.010873977709857244 -0.0026580161355399148 -0.0076702069829810747 -0.0021713539411202707 -0.0019134251685703502 -0.0028942406215533918 0.020514688765009247 0.004246700632696351 0.018254090059134694 -0.0075439656494368972 0.00054275413805788218 -0.0046162797927856445 0.018751634817038263 0.0036737379702654754
leaf_weight=32 56 29 130 80 37 63 203 33 2003 85 196 48 96 36 71 22 250 28 176
leaf_count=32 56 29 130 80 37 63 203 33 2003 85 196 48 96 36 71 22 250 28 176
internal_value=0 0.00220524 0.00720324 0.0135121 0.00900538 0.00091642 0.00206352 0.00102343 -0.00197963 0.00148594 0.00259573 0.00712036 0.00415755 0.0080669 0.000163634 0.00146041 -0.00329374 0.0107397 0.00021319
internal_weight=0 1639 336 206 126 1303 1024 70 2035 961 758 265 217 132 493 422 279 50 372
internal_count=3674 1639 336 206 126 1303 1024 70 2035 961 758 265 217 132 493 422 279 50 372
is_linear=0
shrinkage=0.05


Tree=11
num_leaves=20
num_cat=0
split_feature=3 14 1 5 15 9 1 2 18 15 3 3 14 3 21 3 5 15 3
split_gain=5.75031 3.35729 7.1549 2.64041 2.12736 1.91155 1.91874 1.76183 1.77581 1.74601 1.8793 3.02251 4.6181 3.36017 1.79628 1.97066 2.45654 1.88905 2.63244
threshold=1.4850000000000001 1.2350000000000001 0.00017790295829568948 6.4650000000000007 1.5850000000000002 -14.000000000000034 2.525082193316461e-05 0.00014958479746790502 0.034383098591549317 3.5750000000000006 2.5050000000000003 3.0750000000000006 1.8750000000000002 5.5500000000000007 -0.0074428062725129798 2.2150000000000003 9.9250000000000025 2.8750000000000004 2.0150000000000001
decision_type=2 2 2 2 2 2 2 2 2 2 2 2 2 2 2 2 2 2 2
left_child=-1 2 3 -2 -3 -6 -7 8 -5 10 14 -12 13 -13 -8 17 -17 -16 -19
right_child=1 4 -4 7 5 6 9 -9 -10 -11 11 12 -14 -15 15 16 -18 18 -20
leaf_value=-0.0018365536856488067 0.0059692767002554829 -0.0064113325340191974 -0.0025242425796459431 0.026015208843507269 0.015065114310979845 -0.0069014387559979719 -0.0066673589753253127 0.0064860055123766268 0.010792330384254456 0.010859996161138525 -0.0078581652689192986 0.026047561301184553 -0.0042479095266296949 0.00080677754245698455 -0.00010413898323895411 0.013744585972515089 -0.00379669880723724 0.0075433241847519573 -0.0065945989028795777
leaf_weight=2063 86 89 128 57 25 67 49 27 28 49 126 28 87 24 384 79 26 214 38
leaf_count=2063 86 89 128 57 25 67 49 27 28 49 126 28 87 24 384 79 26 214 38
internal_value=0 0.00211005 0.00659641 0.0124926 0.000971872 0.00152129 0.00123214 0.0175016 0.0210006 0.00172575 0.00130151 -0.00230567 0.00272753 0.014398 0.00251151 0.00311848 0.00940103 0.00208127 0.00541142
internal_weight=0 1611 326 198 1285 1196 1171 112 85 1104 1055 265 139 52 790 741 105 636 252
internal_count=3674 1611 326 198 1285 1196 1171 112 85 1104 1055 265 139 52 790 741 105 636 252
is_linear=0
shrinkage=0.0495


Tree=12
num_leaves=20
num_cat=0
split_feature=3 14 1 3 3 15 9 1 2 2 3 2 3 9 3 3 14 0 10
split_gain=5.19512 3.03314 6.4641 2.57335 3.14063 1.92197 1.72699 1.74333 2.15175 2.60608 1.68228 1.65364 1.62286 1.55832 1.49485 3.10714 2.97351 2.03907 1.94849
threshold=1.4850000000000001 1.2350000000000001 0.00017790295829568948 1.7150000000000001 1.5750000000000004 1.5850000000000002 -14.000000000000034 3.3375676931697394e-05 6.2684374616155925e-05 3.6310564490839871e-05 0.56500000000000006 9.3342545527556127e-05 1.5350000000000004 -1.0000000180025095e-35 0.77500000000000013 0.8650000000000001 0.065000000000000016 7.0779840306182596e-05 -6.9999999999999938
decision_type=2 2 2 2 2 2 2 2 2 2 2 2 2 2 2 2 2 2 2
left_child=10 2 3 4 -2 -3 -7 12 9 -9 -1 -6 -8 -11 -12 16 -16 18 -17
right_child=1 5 -4 -5 11 6 7 8 -10 13 14 -13 -14 -15 15 17 -18 -19 -20
leaf_value=0.0094203852823376653 0.016810072364844383 -0.0060330318630553697 -0.0023752996841917046 0.018540516115268694 0.0076483316085608427 0.014176197202679515 0.0074100663979245083 -0.0081273257716186348 0.00080142486632161646 0.01486439806111157 -0.0040194300969507383 -0.0074403546642512084 -0.0077853832682300101 0.0046628226039190836 0.024547138023421171 0.0059051457674056292 0.0029392074210322821 0.00092641328377649184 -0.0036186176327992091
leaf_weight=32 48 89 128 80 37 25 21 24 895 66 575 33 86 79 20 55 65 484 832
leaf_count=32 48 89 128 80 37 25 21 24 895 66 575 33 86 79 20 55 65 484 832
internal_value=0 0.00198554 0.00620719 0.0117555 0.00715542 0.000914526 0.00143153 0.00115944 0.00175905 0.00683052 -0.00172819 0.000535094 -0.0048031 0.0093063 -0.00190384 -0.00106836 0.00802343 -0.00163204 -0.00302808
internal_weight=0 1611 326 198 118 1285 1196 1171 1064 169 2063 70 107 145 2031 1456 85 1371 887
internal_count=3674 1611 326 198 118 1285 1196 1171 1064 169 2063 70 107 145 2031 1456 85 1371 887
is_linear=0
shrinkage=0.049005


Tree=13
num_leaves=20
num_cat=0
split_feature=3 14 1 3 3 15 15 21 3 1 3 14 3 2 15 0 5 14 22
split_gain=4.70172 3.17026 6.32992 2.08405 3.22249 1.97237 1.82295 1.63053 1.7818 3.04136 5.08603 1.74337 1.52885 1.49553 1.48214 3.01948 2.05273 1.70214 2.19068
threshold=1.4750000000000003 1.2350000000000001 0.00017790295829568948 1.7150000000000001 1.5750000000000004 2.0050000000000003 2.0850000000000004 0.012194516221375908 1.8250000000000004 0.0001718158101154786 1.7250000000000003 2.5250000000000004 0.56500000000000006 9.3342545527556127e-05 3.3050000000000002 5.0069179182405266e-05 5.8950000000000005 2.6250000000000004 -0.00025336872662451432
decision_type=2 2 2 2 2 2 2 2 2 2 2 2 2 2 2 2 2 2 2
left_child=12 2 3 4 -2 -3 -7 8 9 14 -11 -10 -1 -6 16 -16 17 18 -8
right_child=1 5 -4 -5 13 6 7 -9 11 10 -12 -13 -14 -15 15 -17 -18 -19 -20
leaf_value=0.0088691514420837173 0.016117758674344448 -0.0028597056439363909 -0.0023406260196324096 0.017455618976377901 0.0072007899507738858 0.0097364379277550747 0.014895995092256892 0.012350094724597336 0.00012340705515695975 0.00075916556039974095 0.029450286889532665 -0.0078019283490089438 -0.0018195554521007419 -0.007004982501833886 -0.0010581784938445049 0.014736785314103631 -0.0072847416844296457 -0.0069166361264075583 0.0010786639669065402
leaf_weight=32 56 279 130 80 37 63 37 30 431 33 26 77 2003 33 63 52 75 37 100
leaf_count=32 56 279 130 80 37 63 37 30 431 33 26 77 2003 33 63 52 75 37 100
internal_value=0 0.00183994 0.00604175 0.0113316 0.00744333 0.000756435 0.00174169 0.00121758 0.000858856 0.00318476 0.0134027 -0.00107787 -0.00165148 0.000503783 0.00152856 0.00608389 -0.000575313 0.00231668 0.00481035
internal_weight=0 1639 336 206 126 1303 1024 961 931 423 59 508 2035 70 364 115 249 174 137
internal_count=3674 1639 336 206 126 1303 1024 961 931 423 59 508 2035 70 364 115 249 174 137
is_linear=0
shrinkage=0.048515


Tree=14
num_leaves=20
num_cat=0
split_feature=1 22 3 3 5 1 3 2 3 4 5 3 14 3 15 3 3 20 1
split_gain=4.33382 3.16583 2.15042 2.95291 2.52496 3.97596 3.56771 2.98295 3.60424 2.39875 2.23018 1.56618 2.67556 2.25052 2.09402 1.88373 1.60438 1.71353 1.61022
threshold=3.5899106027361786e-05 -0.0024641875462623748 1.4750000000000003 1.7850000000000004 6.7250000000000005 0.00012833638986846382 1.7250000000000003 4.7106586516964173e-05 1.5550000000000004 1.9999999999999964 8.1450000000000014 3.0750000000000006 1.8425000000000002 2.5250000000000004 3.4650000000000003 5.5500000000000007 2.1950000000000007 -0.0056327073899291027 0.00048392163639903368
decision_type=2 2 2 2 2 2 2 2 2 2 2 2 2 2 2 2 2 2 2
left_child=-1 -2 -3 4 7 10 -7 8 -4 -9 -6 13 15 16 -14 -13 17 -5 -18
right_child=1 2 3 11 5 6 -8 9 -10 -11 -12 12 14 -15 -16 -17 18 -19 -20
leaf_value=-0.0030678922491490326 0.014594022140907841 -0.00077644561195788504 0.00087060477248987911 0.0053898654856139733 0.018586042992398195 -0.0041125569048007073 0.014683287547998731 -0.0018377374522368264 0.021975538210005807 0.0091064227813083855 0.0037335995080566902 0.022995796525730205 -0.0030386069126857652 -0.0069407803088606208 0.013859737302972581 0.0037255523055734594 0.0064060590214974501 -0.0026750769014469386 -0.0082038018479847156
leaf_weight=862 38 1311 40 74 86 74 34 264 35 56 32 25 87 119 21 22 134 340 20
leaf_count=862 38 1311 40 74 86 74 34 264 35 56 32 25 87 119 21 22 134 340 20
internal_value=0 0.000824842 0.000636223 0.00190212 0.00441472 0.00846362 0.00180465 0.00209814 0.0107196 7.74906e-05 0.0145583 4.9002e-05 0.00441002 -0.000934924 0.000247182 0.0139757 0.000323345 -0.00123352 0.00450867
internal_weight=0 2812 2774 1463 621 226 108 395 75 320 118 842 155 687 108 47 568 414 154
internal_count=3674 2812 2774 1463 621 226 108 395 75 320 118 842 155 687 108 47 568 414 154
is_linear=0
shrinkage=0.0480298


Tree=15
num_leaves=20
num_cat=0
split_feature=5 5 1 15 3 3 8 2 15 5 5 14 6 15 2 3 14 15 14
split_gain=5.07291 1.80689 2.13225 2.04298 2.06662 2.53435 1.80665 1.88685 2.16748 3.52451 1.92497 1.79806 2.15774 2.03543 3.37133 3.52262 1.71958 2.05364 3.14938
threshold=5.455000000000001 2.5950000000000002 9.9816482749479193e-05 0.095000000000000015 0.77500000000000013 0.95500000000000007 -2.0000000000000235 4.2088144176169268e-05 1.2850000000000004 4.8750000000000009 4.7550000000000008 2.0850000000000004 -11.999999999999831 2.9150000000000005 0.00017290198797944545 1.7050000000000003 0.085000000000000006 2.4150000000000005 2.3150000000000004
decision_type=2 2 2 2 2 2 2 2 2 2 2 2 2 2 2 2 2 2 2
left_child=1 2 -1 -3 -5 16 -7 -8 9 10 -9 12 -2 -14 15 -15 -6 -18 -19
right_child=11 3 -4 4 5 6 7 8 -10 -11 -12 -13 13 14 -16 -17 17 18 -20
leaf_value=0.012483825668675586 -0.0037332289173681622 -0.0063619714691173111 -0.0057163934326368007 -0.0036146566038443469 0.012053062012454844 0.0045344313822734926 0.0011837949335456492 0.0023869211528551558 -0.005489075143913163 -0.0059379304552319425 0.016473311915623616 -0.00042005041214297892 0.0029729144742859427 0.016987871905891645 0.021280944966388524 -0.0027255128479080149 -0.00029993573482474281 0.020411398565378998 0.00010680308938423465
leaf_weight=43 94 195 22 583 45 104 277 75 420 100 31 454 854 32 38 57 211 31 39
leaf_count=43 94 195 22 583 45 104 277 75 420 100 31 454 854 32 38 57 211 31 39
internal_value=0 -0.00148478 0.00632375 -0.00172522 -0.00125331 -0.000220556 -0.00140022 -0.00208372 -0.00352957 0.000465528 0.00650653 0.00208906 0.00314872 0.00380816 0.00942467 0.00436245 0.00342337 0.0020414 0.00909884
internal_weight=0 2176 65 2111 1916 1333 1007 903 626 206 106 1529 1075 981 127 89 326 281 70
internal_count=3705 2176 65 2111 1916 1333 1007 903 626 206 106 1529 1075 981 127 89 326 281 70
is_linear=0
shrinkage=0.0475495


Tree=16
num_leaves=20
num_cat=0
split_feature=5 1 2 15 14 5 3 15 15 5 3 0 19 13 14 1 2 5 1
split_gain=4.60195 1.70326 1.74782 2.90424 3.22287 2.48494 5.02075 2.44283 2.67299 2.8922 1.93089 1.85806 1.72072 1.69054 1.79812 1.99652 3.07306 2.09432 2.48448
threshold=5.455000000000001 1.7425509335274633e-05 4.5721687752241264e-05 2.3950000000000005 2.0450000000000004 2.9850000000000008 0.87500000000000011 1.2450000000000003 0.89500000000000013 4.7350000000000012 0.57500000000000007 9.4141757126371505e-05 -0.00099750744475285403 -7.9999999999999725 2.0850000000000004 0.00048392163639903368 0.00044812312785765044 6.9050000000000011 0.0001197733394854334
decision_type=2 2 2 2 2 2 2 2 2 2 2 2 2 2 2 2 2 2 2
left_child=1 -1 3 5 12 6 -3 8 -4 -10 -9 -11 -5 -2 15 16 17 -15 -19
right_child=13 2 7 4 -6 -7 -8 10 9 11 -12 -13 -14 14 -16 -17 -18 18 -20
leaf_value=-0.0053370410836370927 0.011909529739716689 0.01652801209699023 -0.0020433787131065562 0.024261864774993275 0.0021664393751645544 -0.0023703276367354302 -0.0060536621311215568 0.0097409596721035174 -1.8862666753652483e-05 0.022733488727186713 -0.0047988461852805026 0.006746400524245578 0.0071355392481766292 0.00057747736831172103 -0.00082821409385342327 -0.0030857392388567778 0.017822338056513037 0.010282912365926026 0.0029055500393808469
leaf_weight=219 37 48 435 26 156 460 40 21 113 24 559 49 26 427 434 115 32 144 340
leaf_count=219 37 48 435 26 156 460 40 21 113 24 559 49 26 427 434 115 32 144 340
internal_value=0 -0.00140004 -0.000959466 0.000813683 0.00554951 -0.000983855 0.00626361 -0.00207562 -2.3871e-05 0.00469917 -0.0042724 0.0120024 0.0156987 0.00196983 0.00172334 0.00277 0.00348412 0.00298047 0.00510047
internal_weight=0 2176 1957 756 208 548 88 1201 621 186 580 73 52 1529 1492 1058 943 911 484
internal_count=3705 2176 1957 756 208 548 88 1201 621 186 580 73 52 1529 1492 1058 943 911 484
is_linear=0
shrinkage=0.047074


Tree=17
num_leaves=20
num_cat=0
split_feature=3 0 3 18 18 8 4 21 13 0 20 15 2 14 12 20 3 3 14
split_gain=4.1412 1.65909 1.40249 1.34531 1.48509 1.62729 1.40157 2.31108 1.83587 1.65296 1.49631 1.44414 3.30626 1.5809 1.45293 1.28829 1.27377 4.15939 4.09596
threshold=1.4750000000000003 2.5936028947580542e-05 0.56500000000000006 0.18726015890108852 0.057228246489034025 -1.0000000000000002 -0.99999999999998412 0.0039466822660424459 -1.0000000000000118 7.8992117482930711e-05 -0.006243616695206621 3.3250000000000006 0.00019915572429956232 2.5350000000000006 -1 -0.0051202400298713249 0.77500000000000013 0.87500000000000011 0.17500000000000002
decision_type=2 2 2 2 2 2 2 2 2 2 2 2 2 2 2 2 2 2 2
left_child=2 -2 -1 4 6 -6 11 10 -9 -10 -8 14 13 -13 -3 -12 -4 18 -18
right_child=1 3 16 -5 5 -7 7 8 9 -11 15 12 -14 -15 -16 -17 17 -19 -20
leaf_value=0.0095698448332907759 -0.0026247851821517604 -0.0076513916247285445 -0.0033497520962715065 0.01295599981299456 0.0031488853977774418 -0.0049673024235570972 -0.0042237201105226807 0.018646993396691354 0.016828796972324259 0.0036784527962798394 0.013097326418730831 0.0094731484914402087 0.022631049035991783 -0.0047444441995121642 0.00056570150933641121 0.0028362951099829285 0.019321768256482314 -0.0015208212569713493 0.0010089319563534162
leaf_weight=25 170 55 595 25 94 125 63 33 26 103 28 29 20 41 311 522 42 1326 72
leaf_count=25 170 55 595 25 94 125 63 33 26 103 28 29 20 41 311 522 42 1326 72
internal_value=0 0.00173474 -0.00140112 0.0022372 0.00205239 -0.00148364 0.00268147 0.00388769 0.00883815 0.00632891 0.00257941 0.000631418 0.00592022 0.0011457 -0.000669108 0.00335867 -0.0015359 -0.000786425 0.00775577
internal_weight=0 1645 2060 1475 1450 219 1231 775 162 129 613 456 90 70 366 550 2035 1440 114
internal_count=3705 1645 2060 1475 1450 219 1231 775 162 129 613 456 90 70 366 550 2035 1440 114
is_linear=0
shrinkage=0.0466033


Tree=18
num_leaves=20
num_cat=0
split_feature=5 1 2 15 14 15 15 5 7 5 9 0 13 14 1 2 5 1 0
split_gain=3.84357 1.51356 1.57221 2.6339 2.8204 2.18802 2.43975 2.63294 2.87657 2.14188 1.79229 1.69036 1.5012 1.63622 1.79622 2.82333 1.81961 2.23145 1.74378
threshold=5.455000000000001 1.7425509335274633e-05 4.5721687752241264e-05 2.4150000000000005 2.0450000000000004 1.2450000000000003 0.89500000000000013 4.7350000000000012 -0.014432141885147408 2.9850000000000008 -1.0000000000000451 9.4141757126371505e-05 -7.9999999999999725 2.0850000000000004 0.00048392163639903368 0.00044812312785765044 6.9050000000000011 0.0001197733394854334 9.106114684525239e-05
decision_type=2 2 2 2 2 2 2 2 2 2 2 2 2 2 2 2 2 2 2
left_child=1 -1 3 9 10 6 -4 8 -8 -3 -5 -9 -2 14 15 16 18 -18 -14
right_child=12 2 5 4 -6 -7 7 11 -10 -11 -12 -13 13 -15 -16 -17 17 -19 -20
leaf_value=-0.0048914180338395334 0.010944612117618616 0.005745085837757475 -0.0018722978495539137 0.02506667809841822 0.0021898493176845005 -0.003922142766005895 0.015000440158124004 0.021302397864399518 -0.0035902672778458699 -0.0021057969879224401 0.0073683446855972333 0.0063572896694469999 0.0032652935288546166 -0.00084875066480209792 -0.0029283635699864342 0.01664899456007193 0.0094565404406342195 0.0026040728447925985 -0.0026451187468239487
leaf_weight=219 37 88 435 21 154 580 22 24 91 464 29 49 228 434 115 32 144 340 199
leaf_count=219 37 88 435 21 154 580 22 24 91 464 29 49 228 434 115 32 144 340 199
internal_value=0 -0.00125398 -0.000846927 0.000801318 0.00528098 -0.00188446 1.86965e-05 0.00444118 2.91625e-05 -0.000854207 0.0148016 0.0112707 0.00176444 0.00153678 0.00251535 0.00317922 0.00270608 0.00464282 0.000510792
internal_weight=0 2176 1957 756 204 1201 621 186 113 552 50 73 1529 1492 1058 943 911 484 427
internal_count=3705 2176 1957 756 204 1201 621 186 113 552 50 73 1529 1492 1058 943 911 484 427
is_linear=0
shrinkage=0.0461372


Tree=19
num_leaves=20
num_cat=0
split_feature=3 15 2 3 5 5 18 15 0 0 7 5 17 15 15 2 3 5 3
split_gain=3.50314 1.51847 2.33614 2.31782 2.35742 3.09567 2.4101 2.30529 1.59177 1.84679 2.64892 1.49173 1.81586 1.43739 1.36333 2.76424 2.83522 1.28487 1.63675
threshold=1.4750000000000003 0.7350000000000001 7.7690597854830742e-05 2.0150000000000001 8.1450000000000014 7.6550000000000011 -0.034003390731269172 1.5750000000000004 4.1751120549522059e-05 5.6211791638101495e-05 -0.017271025241169188 2.5950000000000002 1.0000000000000007 -0.23499999999999996 3.2950000000000004 0.00018142458180016752 1.8250000000000004 6.0550000000000006 0.77500000000000013
decision_type=2 2 2 2 2 2 2 2 2 2 2 2 2 2 2 2 2 2 2
left_child=11 2 -2 4 5 6 -4 -3 -9 10 -10 12 -1 -13 -11 16 -16 18 -15
right_child=1 7 3 -5 -6 -7 -8 8 9 14 -12 13 -14 17 15 -17 -18 -19 -20
leaf_value=0.012187782081395402 0.017270246744460989 -0.0042564546288286487 0.013854166528136789 0.017884750769161562 -0.011794328427759033 0.018595704357384734 -0.0031497172768882946 -0.0016402878606294087 -0.0043353707593139024 0.0010775632298157423 0.01381440118653692 -0.0063746260805759231 -0.0032293998035987353 -0.0029546838366317826 0.0094227997605752026 0.01448429313597779 -0.0046679077792625978 -0.0077537689579861456 -1.7954821807488276e-05
leaf_weight=37 29 153 22 20 24 24 83 245 23 789 62 118 28 583 55 51 65 60 1234
leaf_count=37 29 153 22 20 24 24 83 245 23 789 62 118 28 583 55 51 65 60 1234
internal_value=0 0.00156385 0.00527292 0.00326181 0.00135031 0.00379583 0.000413001 0.00104463 0.00167337 0.00245025 0.00890329 -0.00126293 0.00554653 -0.0014848 0.00187889 0.00557625 0.00179033 -0.00117739 -0.000960229
internal_weight=0 1645 202 173 153 129 105 1443 1290 1045 85 2060 65 1995 960 171 120 1877 1817
internal_count=3705 1645 202 173 153 129 105 1443 1290 1045 85 2060 65 1995 960 171 120 1877 1817
is_linear=0
shrinkage=0.0456759


Tree=20
num_leaves=20
num_cat=0
split_feature=1 22 10 7 11 7 2 2 1 18 10 0 14 15 14 2 2 1 3
split_gain=3.00142 2.74027 1.52057 1.81063 1.43781 1.32493 1.27717 2.58675 2.01855 3.0835 2.21658 1.97718 1.79523 1.77543 2.35922 4.74795 1.86439 1.71862 1.67026
threshold=3.5899106027361786e-05 -0.0024641875462623748 -2.4999999999999685 -0.02686252689575824 -9.999999999999984 0.021800702035885914 4.7106586516964173e-05 3.6013483000365522e-05 4.7768553940859966e-05 0.0035653835862057286 -1.0000000000000118 5.7426364446798134e-05 1.8150000000000002 0.29500000000000004 0.065000000000000016 7.1681503817177099e-05 0.00019583662246964277 0.00027131984432433566 1.1250000000000002
decision_type=2 2 2 2 2 2 2 2 2 2 2 2 2 2 2 2 2 2 2
left_child=2 -2 5 -4 -3 -1 7 12 9 -9 11 -10 -6 14 16 -16 -8 -18 -15
right_child=1 4 3 -5 6 -7 13 8 10 -11 -12 -13 -14 18 15 -17 17 -19 -20
leaf_value=-0.00037359749265198641 0.014027366649947668 0.0068728985394849347 0.0071308314800262451 -0.0045669380297411735 -0.0050699599024097803 0.012819061179955802 -0.0042280946961707538 0.019620620852166957 0.019749211728572847 0.0025527935255976286 -0.0042550320087960279 0.0011077386185978399 0.0071871421858668329 -0.0031010685010431373 0.031064565703272817 0.0044424716998072503 0.017128466504315536 -0.00057155031245201824 0.00018525074725179847
leaf_weight=203 38 86 35 603 118 21 108 55 25 51 66 33 40 522 20 103 24 32 1491
leaf_count=203 38 86 35 603 118 21 108 55 25 51 66 33 40 522 20 103 24 32 1491
internal_value=0 0.000691535 -0.00268089 -0.00392521 0.000508852 0.000863214 0.000305241 0.00295879 0.00634252 0.0114087 0.00201172 0.00914286 -0.0019669 -0.000142402 0.00353667 0.00877127 -0.000389272 0.00701417 -0.000666939
internal_weight=0 2812 862 638 2774 224 2688 388 230 106 124 58 158 2300 287 123 164 56 2013
internal_count=3674 2812 862 638 2774 224 2688 388 230 106 124 58 158 2300 287 123 164 56 2013
is_linear=0
shrinkage=0.05


end of trees

feature_importances:
f_3=95
f_15=54
f_14=49
f_2=43
f_1=41
f_5=40
f_0=18
f_18=9
f_9=8
f_21=6
f_7=5
f_22=5
f_13=4
f_20=4
f_4=3
f_10=3
f_17=3
f_8=2
f_12=2
f_19=2
f_6=1
f_11=1
f_16=1

parameters:
[boosting: gbdt]
[objective: regression]
[metric: binary_logloss]
[tree_learner: serial]
[device_type: cpu]
[data: ]
[valid: ]
[num_iterations: 10]
[learning_rate: 0.05]
[num_leaves: 20]
[num_threads: 0]
[deterministic: 0]
[force_col_wise: 0]
[force_row_wise: 0]
[histogram_pool_size: -1]
[max_depth: -1]
[min_data_in_leaf: 20]
[min_sum_hessian_in_leaf: 0.001]
[bagging_fraction: 0.7]
[pos_bagging_fraction: 1]
[neg_bagging_fraction: 1]
[bagging_freq: 5]
[bagging_seed: 3]
[feature_fraction: 0.9]
[feature_fraction_bynode: 1]
[feature_fraction_seed: 2]
[extra_trees: 0]
[extra_seed: 6]
[early_stopping_round: 0]
[first_metric_only: 0]
[max_delta_step: 0]
[lambda_l1: 0]
[lambda_l2: 0]
[linear_lambda: 0]
[min_gain_to_split: 0]
[drop_rate: 0.1]
[max_drop: 50]
[skip_drop: 0.5]
[xgboost_dart_mode: 0]
[uniform_drop: 0]
[drop_seed: 4]
[top_rate: 0.2]
[other_rate: 0.1]
[min_data_per_group: 100]
[max_cat_threshold: 32]
[cat_l2: 10]
[cat_smooth: 10]
[max_cat_to_onehot: 4]
[top_k: 20]
[monotone_constraints: ]
[monotone_constraints_method: basic]
[monotone_penalty: 0]
[feature_contri: ]
[forcedsplits_filename: ]
[refit_decay_rate: 0.9]
[cegb_tradeoff: 1]
[cegb_penalty_split: 0]
[cegb_penalty_feature_lazy: ]
[cegb_penalty_feature_coupled: ]
[path_smooth: 0]
[interaction_constraints: ]
[verbosity: 0]
[saved_feature_importance_type: 0]
[linear_tree: 0]
[max_bin: 255]
[max_bin_by_feature: ]
[min_data_in_bin: 3]
[bin_construct_sample_cnt: 200000]
[data_random_seed: 1]
[is_enable_sparse: 1]
[enable_bundle: 1]
[use_missing: 1]
[zero_as_missing: 0]
[feature_pre_filter: 1]
[pre_partition: 0]
[two_round: 0]
[header: 0]
[label_column: ]
[weight_column: ]
[group_column: ]
[ignore_column: ]
[categorical_feature: ]
[forcedbins_filename: ]
[precise_float_parser: 0]
[objective_seed: 5]
[num_class: 1]
[is_unbalance: 0]
[scale_pos_weight: 1]
[sigmoid: 1]
[boost_from_average: 1]
[reg_sqrt: 0]
[alpha: 0.9]
[fair_c: 1]
[poisson_max_delta_step: 0.7]
[tweedie_variance_power: 1.5]
[lambdarank_truncation_level: 30]
[lambdarank_norm: 1]
[label_gain: ]
[eval_at: ]
[multi_error_top_k: 1]
[auc_mu_weights: ]
[num_machines: 1]
[local_listen_port: 12400]
[time_out: 120]
[machine_list_filename: ]
[machines: ]
[gpu_platform_id: -1]
[gpu_device_id: -1]
[gpu_use_dp: 0]
[num_gpu: 1]

end of parameters

pandas_categorical:[]
